-2.2560709267376876e-16, -0.16614297813328452, 0.9861016736711297
0.027172472332765565, -0.1745499128401386, 0.9824147729504743
0.056712068889568965, -0.17880858648199022, 0.9785790653505598
0.08710926459678764, -0.1761009826571991, 0.975113275903192
0.11683187852817774, -0.16649482813066196, 0.9721057310360844
0.14600325021965638, -0.15177172832525623, 0.9691183980161947
0.17574416570269097, -0.13367679750695988, 0.9653936251552211
0.2036673428118691, -0.11054123250615523, 0.9613943601719664
0.22666189800184444, -0.08145705620629945, 0.9578512591384256
0.24339837421869687, -0.04745746106518693, 0.9549198682931928
0.25487316819432854, -0.00986302409712669, 0.9520985110527382
0.26311480201028964, 0.030612167702783848, 0.9484084818849913
0.26590760171510097, 0.07331779624424893, 0.9442547894424645
0.26029862696678885, 0.1166633948426285, 0.940589244895693
0.24576526487653427, 0.15883603147542522, 0.9376888732957336
0.22375590748406862, 0.1992160755978402, 0.9350420094890076
0.19640890728114746, 0.23851435776407148, 0.9314599474016951
0.1632562457304017, 0.2751419545966854, 0.9271603544428986
0.12325182026202074, 0.3057892647362774, 0.9233272329083007
0.07714937915310943, 0.328436086766809, 0.9204127447029267
0.026546702274246832, 0.3431982866097711, 0.917948894774913
-0.02722876845462973, 0.3520608444144591, 0.9145480276079975
-0.08324215543878609, 0.35443927521217944, 0.9101110518016626
-0.1399055579466445, 0.34711074580897505, 0.906065217341911
-0.1951026687944219, 0.32874705216484174, 0.9030914830628014
-0.24731954657574395, 0.30027659604122053, 0.9008191738636708
-0.29674802771999026, 0.2642503600183021, 0.8976727103573559
-0.34290520073230535, 0.22170876296669179, 0.8931068810793011
-0.382302126042914, 0.17135853575781262, 0.888803207840089
-0.41204106850446354, 0.1135226505669865, 0.8857250926079854
-0.4311183180471568, 0.05005103801179336, 0.8836528356533497
-0.4414119285433966, -0.017024709200158934, 0.8808340024184508
-0.4444036042744852, -0.0864851460604426, 0.8761478466289927
-0.436537291783292, -0.15683573656070982, 0.8715411991458497
-0.4154401401601392, -0.22563175756088255, 0.8683135667811538
-0.38133377507689087, -0.2903136449578469, 0.8664498871034595
-0.33720114261200945, -0.35044516000725795, 0.8640319114897863
-0.2858987693890142, -0.4069570547169617, 0.8592339447368655
-0.22577721329688186, -0.4562004950679639, 0.8542791817615006
-0.15657729569020978, -0.4942134152408758, 0.850856899590586
-0.0803212266673196, -0.5181787908178234, 0.8491968575796103
0.0, -0.5311681118253925, 0.8472664498136624
-6.788778110607687e-16, -0.5311681118253918, 0.8472664498136628
0.0823208564811847, -0.5311526039337224, 0.8424173569884034
0.1644796599889749, -0.5191965481776478, 0.8372840681006266
0.24319811652260873, -0.4913699639486612, 0.833920269921533
0.31607816983416415, -0.44982810751822777, 0.8321124635339597
0.38277759843426634, -0.3977914837332161, 0.8301625887341921
0.4439796725200182, -0.33809274271338813, 0.8257782698630788
0.4959184793335527, -0.26941032567217327, 0.8208147103816585
0.5349338856143041, -0.19215821225739302, 0.8172507917259202
0.5600833069264661, -0.10887287558487836, 0.81511675765841
0.5726118661547037, -0.0220306267996421, 0.8130874276891906
0.5745028425620295, 0.0665705424110726, 0.8090968583857527
0.5633864899945198, 0.15508214554195554, 0.8043088615495311
0.5372005640141277, 0.24081842895027522, 0.8005813231102351
0.49658948871091846, 0.32131281206069623, 0.7981575536747202
0.44364535958399065, 0.3952189809475015, 0.7960409783041762
0.38087482756114244, 0.4621495768273026, 0.7923867262961342
0.3087360861878984, 0.5197788276368491, 0.7877665151618273
0.2277308397068607, 0.5650439988401482, 0.7839118547128171
0.13977485496056227, 0.5963604598156294, 0.7812348483238489
0.04725240474058821, 0.6136101330248587, 0.7790232497817297
-0.04757152314321848, 0.6178250865498618, 0.7756478839977291
-0.1426083056739141, 0.6085553930805013, 0.7711876646435012
-0.23547302980492407, 0.5842595571875382, 0.7672423791973685
-0.32367986933319076, 0.5448338304756459, 0.7643486433341917
-0.40508893810061547, 0.49144079342156577, 0.762034249208547
-0.4783779373935202, 0.4262283519041971, 0.7588803118307805
-0.5421562810511138, 0.3509294739548604, 0.75457230938653
-0.5939257391725442, 0.26626918092798263, 0.7505729082448593
-0.631658522055481, 0.17375312919379793, 0.7474989430071227
-0.6541629655880554, 0.07566534602259017, 0.7450739619951771
-0.6615927011992803, -0.025381335264308368, 0.7420840229875555
-0.6547033381506749, -0.12705815649144517, 0.7379204568495509
-0.6325468824890751, -0.2271618977585229, 0.7339034363221419
-0.5945610266753054, -0.32317927447114553, 0.7306857400217985
-0.5411777291471088, -0.4123874183164683, 0.7281423963442629
-0.4741532698289297, -0.4926646999964347, 0.7252590214192396
-0.3959904333155219, -0.563050746641627, 0.7212321022136887
-0.3077732325815302, -0.6215790794208872, 0.7172339580076745
-0.21080773429334257, -0.6659776387052653, 0.7139090328441782
-0.10715806754362395, -0.6935049028258948, 0.7112345650311969
0.0, -0.7058058638178187, 0.7084053095512363
-8.862673362585434e-16, -0.7058058638178181, 0.7084053095512369
0.10821456856181504, -0.7004249601949145, 0.704540194512746
0.2149531918624286, -0.6791245739624396, 0.700727951771268
0.31695013412232603, -0.6400731728475727, 0.697467086144915
0.4120935565540818, -0.5858490899159035, 0.694506517725626
0.4987006876092087, -0.5181478565855633, 0.6914167623550939
0.5745976959800758, -0.43794736426793707, 0.687908289107455
0.6369431509043354, -0.3462999697196828, 0.6844611004279966
0.6843150597308273, -0.24571660355748515, 0.6811917886313381
0.7162047415519397, -0.13885332374573867, 0.6779047138330931
0.7321387509327631, -0.02802794743458315, 0.674504101241723
0.7308503088396856, 0.08439913077649643, 0.6711963440998256
0.7115797068822807, 0.1955771376766457, 0.6681009611693651
0.675393591162909, 0.30283043601303467, 0.6649164908495399
0.6236065051373005, 0.40391680825595644, 0.6613962015853092
0.5571936866365795, 0.4966226765112851, 0.6576673385803526
0.4767122558350366, 0.5780355277178616, 0.6544085079102325
0.3839256284694739, 0.6457493605474568, 0.6516475254735045
0.2816585229985805, 0.6988991216564483, 0.6486411885096166
0.17233599074694403, 0.7367439968447794, 0.6449809828121655
0.05815790587129902, 0.758086430709942, 0.6409064768046954
-0.058368113217171703, 0.7608846362273822, 0.6375447749126875
-0.17419640255078345, 0.7447894344475914, 0.6351007994935651
-0.28674565872137225, 0.7115279268541048, 0.6323658914367316
-0.3937888853597571, 0.6622477467256724, 0.6286590549845674
-0.492786101787161, 0.5974536741877627, 0.6242215035729157
-0.5802592662057982, 0.5172357686315168, 0.620605155634657
-0.6536718638852457, 0.42350253707739416, 0.6184607761566879
-0.7126693229148625, 0.31956554201003073, 0.616090581046816
-0.7565285252185809, 0.20782330539173832, 0.6124304138053074
-0.783649111716072, 0.09038989456753944, 0.6076124360539079
-0.7913039245511937, -0.030235060194938573, 0.6035896473603299
-0.7787538788898847, -0.15081101412069897, 0.6017274579596752
-0.7484761259125858, -0.2686957810665403, 0.5998152699877786
-0.7017726920284879, -0.38170971196515185, 0.5962950683463972
-0.6389277325976419, -0.48719088770345287, 0.591079263177525
-0.5595178294692122, -0.5812688240653883, 0.5864982352157153
-0.46503062191712535, -0.6607105385766435, 0.5849008475490883
-0.35943764355708535, -0.7256256129940408, 0.5835399732431448
-0.24531530228043613, -0.7755584608715355, 0.5802530302840824
-0.12458172505704866, -0.8079588685792695, 0.5746423804569136
0.0, -0.8221084670390112, 0.569330895369966
-1.0329584622566392e-15, -0.8221084670390109, 0.5693308953699664
0.12516021265286406, -0.8117589329291703, 0.5696609379319407
0.24757411445280383, -0.7827358275855092, 0.5705377549754083
0.36445545630199244, -0.7357271201009038, 0.5689738095316718
0.4738734301347144, -0.6732155341519258, 0.5650369949868881
0.5730304348834665, -0.5952931156718709, 0.5611458668420507
0.6572538712514879, -0.5012191382167672, 0.5611098859159958
0.7249159177426479, -0.3943541340428762, 0.5621832584438043
0.7767605587966231, -0.2788237073809063, 0.5609721181916542
0.8124796443270145, -0.15725716103939177, 0.5571730376678595
0.8301110740003793, -0.0316822391739682, 0.5530109291242641
0.8257407496047914, 0.09516554036457221, 0.5525300771916151
0.8002266716684111, 0.2197233737927206, 0.5537672991650098
0.7571715642227018, 0.33954714683477194, 0.5529704058575018
0.6982782889901369, 0.4525649358309276, 0.5493705243739656
0.6235789081009591, 0.5559505789288928, 0.5449260674156652
0.5321380124608228, 0.6449919515379285, 0.5439002184551602
0.42678759144264966, 0.7174322768902104, 0.5452898822703155
0.3119728030293919, 0.7741566972838939, 0.5449686891932519
0.19042143016659202, 0.8149827001955336, 0.5416294648294956
0.0641567354203854, 0.837956291556079, 0.5368912647686408
-0.06423596883816253, 0.8390117839549851, 0.5352202831555262
-0.19112288123098423, 0.8180204757184151, 0.5367510304800961
-0.3138932272055226, 0.7789248158922335, 0.5369669945223037
-0.43051200371233866, 0.7236568768914026, 0.5339498503729001
-0.5381994444356714, 0.6523138846900596, 0.5289064917634065
-0.6322809552001336, 0.5637282566236728, 0.5264903192761895
-0.709632933504137, 0.45996556706029157, 0.5281507296611168
-0.7712440960476112, 0.34586753726213487, 0.5289652748304734
-0.8171827081479301, 0.22433543031373476, 0.5263316708547132
-0.8456444429630045, 0.09742351643303948, 0.5209717983572604
-0.8524399045774187, -0.03251411301142682, 0.5177102999133856
-0.8361173513191822, -0.16177266263509144, 0.519488975131557
-0.800986836409223, -0.28749368041135226, 0.5209635586402062
-0.7493511972239764, -0.40771457136024136, 0.5187749487546857
-0.6814979567663295, -0.5197769566773482, 0.5130871560839344
-0.5959897931898201, -0.619120788815323, 0.5088802020834082
-0.4938879928244686, -0.7015177762657145, 0.5107657767636717
-0.38050788795376767, -0.7680227017690486, 0.5129618688228536
-0.2589991814427864, -0.8190797527503056, 0.5112796970307923
-0.13135511729191746, -0.8524318478566437, 0.5052826007132019
0.0, -0.8660254037844348, 0.5000000000000068
-1.102212902209806e-15, -0.8660254037844348, 0.5000000000000068
0.13151457428779048, -0.8534772085680175, 0.5036314596103787
0.2596162976785003, -0.8210424308872786, 0.508075822884313
0.3818853666773405, -0.7707945787237741, 0.5081614174174637
0.49631862252751907, -0.7049560437287279, 0.5041858526578735
0.5996922198029143, -0.6229631568431864, 0.5004500157222939
0.6865053453581642, -0.5236091121133754, 0.5031502237825103
0.7556831925750721, -0.411176510851338, 0.5075183247066083
0.8087489558756249, -0.2902720370442843, 0.5081622905514159
0.8453822188549265, -0.163543426518827, 0.5047394475313287
0.8630674343539804, -0.03290984004893144, 0.5008998115354937
0.8571495998523784, 0.09872937007399189, 0.5026993914758275
0.8291507043208117, 0.22759079407979924, 0.5069607709301889
0.7834557408403222, 0.3513516643396789, 0.5081631377887688
0.7218763108778163, 0.4679446483308246, 0.5052930712721658
0.6441378723288858, 0.5743260417259484, 0.5013493596960521
0.5489608566982026, 0.6653137527458615, 0.5022488337421649
0.4395600175385156, 0.7387788566279078, 0.5064031749527187
0.3208154299954342, 0.7961110502113474, 0.5081639828785187
0.19556907774993704, 0.8372742936743488, 0.5058467347545976
0.06581878279891817, 0.8600979878591384, 0.5017986373222199
-0.0658186998235165, 0.8600969119495567, 0.5017985219488086
-0.19556966900360678, 0.8372766447143493, 0.5058455605313374
-0.3208178547006181, 0.7961169228618417, 0.5081648516572739
-0.4395612371582635, 0.7387809224550741, 0.5064004293989304
-0.5489525786417067, 0.6653040742525332, 0.5022476154583585
-0.6441307720303993, 0.5743199676584587, 0.5013485089933895
-0.7218902764007347, 0.46795302324331445, 0.5052879138616775
-0.7834731784950759, 0.3513589537276893, 0.5081656982886071
-0.829148652343351, 0.22759034020112162, 0.5069541456453462
-0.8571173642804158, 0.09872685554791592, 0.5026963452650561
-0.863055433247007, -0.0329089026005362, 0.5008987623286956
-0.8454203250844865, -0.16355293857249092, 0.504730229048056
-0.8087780964016149, -0.2902839248473425, 0.5081665500396775
-0.7556698075914012, -0.41116834477461234, 0.5075079045521155
-0.6864616920162022, -0.5235717720762014, 0.5031447990642706
-0.5996863828878485, -0.622956328072986, 0.5004492642085817
-0.49635547756859094, -0.7050173709974198, 0.5041725159174195
-0.38190259031439033, -0.7708353003300092, 0.5081674242862128
-0.2596072242605259, -0.8210053442474862, 0.5080617139182827
-0.1315393990839031, -0.85357690082467, 0.5036155966815926
0.0, -0.866025403784435, 0.5000000000000062
-1.1186783034197617e-15, -0.866025403784435, 0.5000000000000062
0.1315406910300367, -0.8535820729845334, 0.503614749542559
0.25960626684657395, -0.8210014392919754, 0.508060178145736
0.38190563104951775, -0.770842495529946, 0.5081685027605239
0.49636476074815133, -0.705032850159808, 0.504169197275868
0.5996846653271061, -0.6229543239880386, 0.5004489123693907
0.686443607672119, -0.5235563078714356, 0.5031424128242142
0.7556632599817257, -0.4111643508483598, 0.5075024541869093
0.8087972335020326, -0.29029173674434333, 0.508169380095404
0.8454513604993712, -0.16356071733273575, 0.5047228113363729
0.8630441981556377, -0.03290802526368763, 0.5008975732661888
0.8570798728354284, 0.0987239234336098, 0.5026926361820451
0.829146507796682, 0.2275898887994316, 0.5069446656542447
0.7835039820680647, 0.35137182504292885, 0.5081702385946926
0.7219216048710816, 0.4679717658519854, 0.5052764704793158
0.6441112094207714, 0.5743032466685793, 0.5013459613263627
0.5489228305684992, 0.6652692722171971, 0.5022431516228117
0.43956761047969906, 0.7387917325732647, 0.5063868225820243
0.320835443285726, 0.7961595102648511, 0.5081710957876304
0.19557744376067449, 0.8373073898587502, 0.5058301826023673
0.0658151159153141, 0.8600511680620933, 0.5017940595828186
-0.06581502740598594, 0.8600500381576838, 0.5017939385948055
-0.1955780867992825, 0.8373099255975459, 0.5058289418734447
-0.3208379146627517, 0.7961654954657078, 0.5081719700405491
-0.43956900526929, 0.7387941050116988, 0.5063839418577227
-0.5489142771610229, 0.6652592529169923, 0.5022418463179258
-0.6441038541549597, 0.5742969664553679, 0.5013450366025965
-0.7219365318776846, 0.4679806805562904, 0.5052710130952797
-0.7835218010615477, 0.35137927226167787, 0.5081728286226088
-0.8291450455878822, 0.2275895895922579, 0.5069377415084944
-0.8570465479502758, 0.09872129300968562, 0.5026893594065532
-0.8630318221113535, -0.03290704765915652, 0.5008964204426056
-0.8454917386534349, -0.16357087077911142, 0.5047130327679794
-0.8088270171819102, -0.2903038911508816, 0.5081736911236193
-0.7556503040388746, -0.4111564497746323, 0.5074915961366601
-0.686398404067746, -0.52351771508489, 0.5031365790189904
-0.5996786709261744, -0.6229472994187037, 0.500448078008718
-0.49640352660670845, -0.7050976028210543, 0.5041550077660653
-0.3819232103833829, -0.7708840765362315, 0.5081745693961959
-0.25959715970038344, -0.8209643530500949, 0.5080455108918973
-0.1315669447290495, -0.8536867709217012, 0.5035978123713497
0.0, -0.8660254037844353, 0.5000000000000058
-1.1359203334588063e-15, -0.8660254037844353, 0.5000000000000057
0.13156831810319847, -0.8536922294873216, 0.503596909245379
0.2595961909190141, -0.8209604161019896, 0.508043906091315
0.3819262935342573, -0.7708913741969429, 0.5081756437644215
0.4964132526403469, -0.7051138827346852, 0.5041514672947943
0.5996768448294127, -0.6229451621708205, 0.5004477279368058
0.6863795609229987, -0.5235016368149136, 0.5031340371692749
0.7556438973483673, -0.41115254259732786, 0.5074858875429205
0.8088464761707159, -0.29031183642461494, 0.5081765250059544
0.8455245208008149, -0.16357914786815597, 0.5047051525468272
0.8630201126365379, -0.03290612048751465, 0.5008951722877688
0.857007598444815, 0.09871820646939342, 0.5026853927397749
0.8291436511386037, 0.22758933928061809, 0.5069277927257102
0.7835531892697637, 0.351392385697172, 0.5081773938061627
0.7219699585185231, 0.4680005964426304, 0.5052589011424272
0.6440835423948307, 0.5742796402291377, 0.5013423175065991
0.5488834530060893, 0.665223118783193, 0.502237059662618
0.43957624658965644, 0.7388064434030961, 0.5063696286314979
0.32085585691817375, 0.7962089366643323, 0.5081782620555173
0.1955865716345603, 0.8373432091798119, 0.5058127182496165
0.06581126575156035, 0.8600026256601367, 0.5017891521601128
-0.06581117150349558, 0.8600014407581305, 0.5017890247844201
-0.19558727204854598, 0.8373459478822588, 0.5058114059170619
-0.3208583761713367, 0.7962150371229818, 0.5081791413130006
-0.4395778299099644, 0.7388091480688705, 0.5063666004500416
-0.5488746062048544, 0.6652127354447617, 0.5022356617265372
-0.6440759191907397, 0.574273144289384, 0.5013413141302887
-0.7219859251260448, 0.4680100915717428, 0.5052531178004711
-0.7835713939748082, 0.351399992266346, 0.5081800109930721
-0.8291428291806232, 0.2275892103836204, 0.5069205433019964
-0.8569731117782957, 0.09871545085222411, 0.5026818711944627
-0.8630073385176074, -0.03290509945039293, 0.5008939107770513
-0.8455673351913524, -0.1635899953992117, 0.504694762345072
-0.8088769085956811, -0.2903242602948743, 0.5081808832540566
-0.7556314241543209, -0.411144935795993, 0.507474555758967
-0.6863327083754867, -0.5234617155414255, 0.503127768095538
-0.5996706810193776, -0.6229379261739498, 0.500446807670849
-0.49645405548117233, -0.7051823073287272, 0.5041363437294294
-0.3819442325436932, -0.7709338262390212, 0.508181764873561
-0.25958706443060653, -0.8209233859637991, 0.5080286404597026
-0.13159611459828963, -0.8538022859946229, 0.5035787941309966
0.0, -0.8660254037844357, 0.500000000000005
-1.1539952667327924e-15, -0.8660254037844357, 0.500000000000005
0.13159714595404465, -0.8538056040297597, 0.5035779337001991
0.259586087445939, -0.8209194295407064, 0.5080269631208352
0.3819473611053055, -0.7709412337942092, 0.5081828356087691
0.4964642572039659, -0.7051994517922848, 0.5041325604373721
0.599668742759608, -0.6229356510604674, 0.500446457423181
0.6863130729378769, -0.5234449985173314, 0.503125057038652
0.7556252031009763, -0.4111411406746944, 0.5074685723212893
0.8088967038725247, -0.29033234505137934, 0.508183720871554
0.845601999228982, -0.1635988140431057, 0.5046863760642532
0.8629951309764095, -0.032904119291331316, 0.5008925971214347
0.8569326361085154, 0.09871219990302416, 0.5026776264866925
0.8291422831738026, 0.22758919023944457, 0.5069100906006188
0.7836033834598664, 0.35141335457819983, 0.5081845991310548
0.7220216188746345, 0.46803126802600215, 0.5052402754781609
0.6440548146794653, 0.5742551795515466, 0.5013384106172138
0.5488426521429102, 0.6651751976558725, 0.5022305286830558
0.4395860182566751, 0.7388231641361126, 0.5063515219731539
0.3208766795823307, 0.7962593500345805, 0.5081854772473631
0.19559653344884936, 0.8373819809621863, 0.5057942614862949
0.06580721923717228, 0.8599522659456711, 0.5017838914465752
-0.06580711904125197, 0.8599510251055373, 0.5017837568324857
-0.19559729739332815, 0.8373849425380402, 0.5057928718442222
-0.32087924802507656, 0.7962655687691478, 0.508186361068397
-0.4395878051064089, 0.7388262299444472, 0.5063483325595287
-0.5488334922620087, 0.6651644247511792, 0.5022290318033066
-0.6440469081534854, 0.5742484563853625, 0.5013373244338918
-0.7220387080544711, 0.4680413862406838, 0.5052341368264763
-0.7836219767210779, 0.3514211214068383, 0.5081872403908178
-0.8291421575804974, 0.22758924925177648, 0.5069024863324942
-0.8568969082029558, 0.09870930870357078, 0.5026738447993064
-0.8629819306776059, -0.032903050981868215, 0.5008912225262169
-0.8456474256358508, -0.16361041284171235, 0.5046753160126932
-0.808927789210016, -0.2903450406832091, 0.5081881211725903
-0.7556132742534386, -0.4111338614671715, 0.5074567271812045
-0.6862644655764638, -0.5234036679554102, 0.5031183242147454
-0.5996623963690937, -0.622928186378638, 0.5004454480598513
-0.496507233639077, -0.705271817351581, 0.5041164113720087
-0.38196566470423016, -0.7709845710783704, 0.5081890061678394
-0.2595769599521333, -0.8208825251393476, 0.5080110558676135
-0.1316098607518615, -0.8538260372016122, 0.503562595221189
0.0, -0.8660254037844362, 0.5000000000000042
-1.1729649490619408e-15, -0.8660254037844362, 0.5000000000000042
0.13160997467206365, -0.8538239733136777, 0.5035619149818659
0.25957597909883184, -0.8208785662160715, 0.5080093026863646
0.38196884445796464, -0.7709921028592313, 0.5081900759006286
0.4965179534931537, -0.7052899076810641, 0.504112362772082
0.5996603528384346, -0.6229257812754706, 0.5004450903780642
0.6862440155979624, -0.5233862968732651, 0.5031154268849508
0.7556072984167795, -0.41113021227153634, 0.5074504528820047
0.8089479464517231, -0.29035327590498994, 0.5081909659234822
0.8456841350923832, -0.16361982496087796, 0.5046663757668897
0.8629692174293522, -0.03290201596104049, 0.5008898302987683
0.8568548490598757, 0.09870588421827489, 0.5026692986504092
0.829142577496446, 0.2275894938921062, 0.5068914930296962
0.7836545919923229, 0.351434742346798, 0.5081918517382947
0.7220768629850929, 0.46806392325555035, 0.5052204948109734
0.6440249699509466, 0.5742298226259368, 0.5013342186095265
0.548800353730873, 0.6651254103425046, 0.5022235277277023
0.4395970272929225, 0.738842088826282, 0.5063324240509486
0.3208979197325089, 0.796310770072813, 0.5081927360595819
0.1956074088465793, 0.8374239551113221, 0.50577472167316
0.06580296167188096, 0.8598999829512268, 0.5017782525859448
-0.06580285623014931, 0.8598986946668972, 0.5017781083029423
-0.19560824379629982, 0.8374271649483027, 0.5057732498463442
-0.3209005389244386, 0.7963171114146039, 0.5081936243242271
-0.43959903337423645, 0.7388455469855237, 0.5063290557959006
-0.5487908544554275, 0.6651142134573437, 0.5022219231171645
-0.6440167521162831, 0.5742228501283987, 0.5013330528716824
-0.7220951487881071, 0.4680747014596578, 0.5052139682154111
-0.7836735566262294, 0.35144266259293094, 0.5081945072564094
-0.8291431855601386, 0.22758975470776116, 0.5068834939331373
-0.8568177552940401, 0.09870284170120078, 0.502665243325632
-0.862955514194921, -0.032900892003626184, 0.5008883539908817
-0.8457323234808101, -0.16363222694708443, 0.504654577920693
-0.8089796505071964, -0.2903662291924815, 0.5081953901139649
-0.7555959454333557, -0.4111232747766458, 0.5074380408241798
-0.68619349509237, -0.5233434345943097, 0.5031082071608789
-0.5996537736894582, -0.6229180258632223, 0.500444005676469
-0.4965632287661265, -0.7053664691513332, 0.5040950815272425
-0.38198750321445896, -0.7710363044648135, 0.5081962789336016
-0.2595668645415064, -0.8208418364584898, 0.5079926998760551
-0.1316016600925421, -0.85372256377444, 0.5035508084804333
0.0, -0.8660254037844368, 0.5000000000000033
-1.1928975046729142e-15, -0.8660254037844368, 0.5000000000000033
0.1316012256102584, -0.853717295804839, 0.5035502128936844
0.25956589481618664, -0.8208379352991654, 0.5079908752555853
0.38199075781727104, -0.7710440192010071, 0.5081973647307798
0.4965745414234952, -0.7053856432822376, 0.5040907467981959
0.5996516745707178, -0.6229155502053614, 0.5004436127261105
0.686172254202734, -0.5233254315813725, 0.5031050969264294
0.7555903206535124, -0.41111983298943855, 0.5074314675013409
0.8090002327997349, -0.29037464202994884, 0.508198257551701
0.8457712960325157, -0.16364230033919738, 0.5046450320513455
0.8629423235718429, -0.032899803319687816, 0.5008868565111595
0.8567740746101736, 0.0986992363507823, 0.5026603688459607
0.8291447146789623, 0.22759030601122882, 0.5068719225769126
0.7837068321720584, 0.3514565556637643, 0.5081991449416121
0.7221359880900465, 0.4680987136754251, 0.5051994488229548
0.6439939391087277, 0.5742035172901339, 0.5013297231740724
0.5487564714827369, 0.6650736421220392, 0.5022160223755061
0.43960938404742556, 0.7388634303423589, 0.5063122442627077
0.32091958609382454, 0.796363217773717, 0.5082000329546794
0.19561928827348052, 0.8374694148122208, 0.5057539993151589
0.06579847789158395, 0.8598456722923726, 0.5017722071400794
-0.06579836642232002, 0.8598443299910656, 0.5017720530849616
-0.19562020009600317, 0.8374728896803065, 0.5057524361714738
-0.32092225773893945, 0.7963696853547823, 0.50820092530332
-0.4396116327047863, 0.7388673249319003, 0.5063086826375491
-0.548746614231313, 0.6650619966410021, 0.5022143030317961
-0.6439853945122886, 0.5741962843067676, 0.501328469969586
-0.7221555760786511, 0.4681102055305264, 0.5051924959175157
-0.7837261848975464, 0.3514646357329134, 0.508201815568506
-0.8291461515097013, 0.22759079726374942, 0.5068634973925827
-0.856735542616941, 0.09869603203070035, 0.502656019860524
-0.8629281016648527, -0.032898620679588514, 0.5008852666216258
-0.8458224776377146, -0.16365558097108598, 0.5046324232147243
-0.8090325841282724, -0.29038786573075814, 0.5082027075092327
-0.7555796516954058, -0.41111329675656344, 0.5074184459630492
-0.6861197142412634, -0.5232809583533361, 0.5030973537526351
-0.5996448599291768, -0.6229074990487735, 0.5004424424950275
-0.496622289642368, -0.7054667453085591, 0.5040722189037202
-0.3820097853711224, -0.7710891215094057, 0.5082036012206381
-0.2595568235432345, -0.8208014924848732, 0.5079735276080056
-0.13159246463636048, -0.8536119177434064, 0.5035383049144413
0.0, -0.8660254037844374, 0.5000000000000022
-1.2138681536519634e-15, -0.8660254037844374, 0.5000000000000022
0.13159200323058962, -0.8536064080015369, 0.503537671862186
0.25955584800635345, -0.8207975788220969, 0.5079716096782836
0.3820130824440379, -0.7710969396862207, 0.5082046752041829
0.49663419250490887, -0.7054870108272487, 0.5040675611992543
0.5996426381194961, -0.6229048713594586, 0.5004420424709459
0.6860975541659393, -0.5232622226891178, 0.5030940293059564
0.7555743503405066, -0.41111004213417296, 0.5074115290962087
0.8090535298785225, -0.2903964301013574, 0.508205572290781
0.8458638311178696, -0.1636663584678289, 0.5046222070456884
0.8629143513714336, -0.0328974693751444, 0.5008836757641266
0.8566900954005996, 0.09869222650513708, 0.5026507976237276
0.8291488730795258, 0.2275916840884138, 0.506851286589789
0.7837601086039079, 0.3514787961398047, 0.5082064673413498
0.7221993151356011, 0.4681358011838458, 0.505177013102488
0.6439616531604561, 0.5741762120990129, 0.5013249031868068
0.5487109108958207, 0.6650197670843205, 0.5022079766816793
0.4396232097708868, 0.7388874244847421, 0.5062908814371732
0.32094168620721036, 0.7964167110137177, 0.5082073607152628
0.19563227008351464, 0.8375186622727101, 0.5057319804394238
0.0657937513337271, 0.8597892216160963, 0.5017657243084086
-0.06579363256191186, 0.8597878147591229, 0.5017655609210874
-0.19563326571753292, 0.8375224222457162, 0.505730315771331
-0.32094441171293936, 0.7964233077567764, 0.5082082564910254
-0.43962572502931574, 0.7388918015276702, 0.5062871100568092
-0.5487006806316093, 0.6650076525837136, 0.5022061347148057
-0.6439527707104895, 0.5741687113773462, 0.5013235508448521
-0.7222203252811815, 0.4681480674573908, 0.5051695902247803
-0.7837798723211225, 0.3514870448019044, 0.5082091556367295
-0.8291512520020123, 0.22759243966174342, 0.5068424027960152
-0.8566500769989005, 0.09868885203953927, 0.502646130268178
-0.862899628679441, -0.0328962279648721, 0.5008819482522371
-0.8459182765710184, -0.16368060591987624, 0.504608705126381
-0.8090865774259753, -0.2904099458755711, 0.5082100562064233
-0.7555645093711104, -0.4111039873357315, 0.5073978562842358
-0.6860429257229479, -0.5232160905678603, 0.5030857149766633
-0.5996356236853086, -0.6228965658618107, 0.5004407579796204
-0.49668461436621886, -0.7055730508391048, 0.5040476586176974
-0.38203250128056415, -0.7711430017810392, 0.5082109530557036
-0.2595468613085394, -0.8207615763929365, 0.5079534674105192
-0.13158276744002279, -0.853496886079369, 0.5035248940210038
0.0, -0.8660254037844379, 0.5000000000000011
-1.2359601605324271e-15, -0.866025403784438, 0.5000000000000011
0.13158227906340006, -0.8534911407380767, 0.5035242173514536
0.25954589286534474, -0.8207577004509006, 0.5079514567023761
0.38203585825506825, -0.7711509665764393, 0.5082120271521071
0.49669717509525024, -0.7055945371511363, 0.5040426473142117
0.5996333154145054, -0.6228938291967006, 0.500440329576186
0.6860198379960547, -0.5231966190284231, 0.5030821518807805
0.7555596304128813, -0.4111009757058659, 0.5073905772298452
0.8091079289099309, -0.29041868018123007, 0.5082129267604424
0.8459622334798902, -0.16369216021317165, 0.5045977499492472
0.8628853216059762, -0.03289501260258131, 0.500880244584623
0.8566027835148083, 0.09868483351762701, 0.5026405322262107
0.8291553176284387, 0.22759370878563362, 0.5068294981719276
0.7838144633631472, 0.3515014798522643, 0.5082138188456793
0.7222672116608438, 0.4681753700785367, 0.505153044393442
0.6439280248452408, 0.5741478416022608, 0.5013197362987091
0.5486635876675853, 0.664963670250479, 0.5021993471551192
0.4396386416131658, 0.738914339150065, 0.5062682230897838
0.3209642287761951, 0.7964712705375208, 0.5082147124065801
0.19564646449982204, 0.83757203269306, 0.5057085361577357
0.06578876348399737, 0.8597305071927128, 0.5017587711416742
-0.06578863635068655, 0.8597290276381451, 0.5017585983571152
-0.19564755339066187, 0.8375761064372146, 0.5057067598592654
-0.32096701061193067, 0.7964780018220656, 0.5082156117110412
-0.43964144952970585, 0.738919249286391, 0.5062642212370794
-0.5486529692297191, 0.6649510651890299, 0.502197368222533
-0.6439187615755174, 0.5741400395106039, 0.5013182891412009
-0.7222897523580915, 0.4681884641337346, 0.5051451039537147
-0.7838346209433038, 0.3515098904957904, 0.5082165141015402
-0.8291587019589602, 0.2275947520565178, 0.5068201020431428
-0.8565611312223773, 0.09868126922235101, 0.5026355280127861
-0.8628699907763769, -0.032893700421502345, 0.5008783946452404
-0.8460201626313902, -0.16370745169346299, 0.5045832576635205
-0.8091416445920941, -0.2904324766891796, 0.5082174271098427
-0.7555506837027365, -0.41109543362230855, 0.5073761822439147
-0.6859629306598954, -0.5231486829454479, 0.503073234853606
-0.5996260359906178, -0.6228851882455065, 0.5004389480214517
-0.49675045136990703, -0.7056858872098076, 0.5040212185457881
-0.3820556643611467, -0.7711979825403271, 0.5082183326773018
-0.25953701868169177, -0.8207222319646511, 0.5079324481503553
-0.1315725271675618, -0.8533771868461247, 0.5035105113049793
0.0, -0.8660254037844387, 0.49999999999999983
-1.2592659392331872e-15, -0.8660254037844388, 0.49999999999999983
0.13157200537394925, -0.853371148752774, 0.5035097944700755
0.2595360464044898, -0.8207183469304099, 0.5079303247757174
0.38205905661917694, -0.7712060329987145, 0.5082193838633694
0.4967636813617722, -0.7057086291048758, 0.504015808587524
0.5996235645376771, -0.6228822491305525, 0.500438521565153
0.6859388090578077, -0.5231283945716754, 0.5030694220115035
0.7555462519069331, -0.41109267504559865, 0.5073684981252509
0.8091633708034749, -0.2904413679882254, 0.5082202869726822
0.8460668992799445, -0.16371984526853509, 0.5045714816463378
0.8628550241555779, -0.032892409626661095, 0.5008765907934289
0.8565118763370314, 0.09867701964330228, 0.5026295226410176
0.8291642626754027, 0.2275964517818941, 0.5068064362233337
0.7838698938228169, 0.3515246054235511, 0.508221184174144
0.7223400689345842, 0.4682176141381251, 0.5051273835235228
0.6438929525110422, 0.5741183286973726, 0.5013142059239861
0.5486144046099822, 0.6649052184334844, 0.5021900866114195
0.43965583396695473, 0.738944476442121, 0.506244142634684
0.32098722704467464, 0.7965269250924462, 0.5082220832916617
0.19566199928545244, 0.8376299088540422, 0.5056835191903961
0.06578349035163442, 0.8596693586028485, 0.5017513176906452
-0.06578335732160959, 0.8596678365217061, 0.5017511293089172
-0.19566318912684713, 0.8376343237506296, 0.5056816226849445
-0.3209900619978945, 0.7965337873161542, 0.5082229828393428
-0.4396589543557273, 0.7389499639123127, 0.5062398822491451
-0.5486033405444375, 0.6648920499142997, 0.5021879716131483
-0.6438833281264147, 0.5741102438221515, 0.501312642249595
-0.7223642709107041, 0.46823160147881554, 0.5051188705345879
-0.7838904453259037, 0.3515331791064851, 0.5082238808533855
-0.8291687625364098, 0.22759781968783027, 0.5067964759717251
-0.8564684736159489, 0.09867324876516417, 0.5026241563738101
-0.8628390078540238, -0.032891016556247946, 0.5008746216883293
-0.8461285695079294, -0.16373626953527198, 0.5045558891505117
-0.8091977290289429, -0.29045543372765803, 0.508224785331485
-0.7555382936151784, -0.4110876910651915, 0.5073533040886684
-0.6858794227722607, -0.5230785034883236, 0.5030598650148642
-0.5996159249068636, -0.6228731538193241, 0.5004370713525139
-0.49681998767940677, -0.705805658854474, 0.5039926769988443
-0.3820792269908565, -0.7712539471316893, 0.5082256847579903
-0.2595273061123621, -0.8206834711867295, 0.507910358905697
-0.1315616858029039, -0.8532523923405159, 0.5034951060789422
0.0, -0.8660254037844395, 0.49999999999999856
-1.2838883452629788e-15, -0.8660254037844396, 0.49999999999999856
0.13156114602567742, -0.8532462224955119, 0.5034943176968647
0.2595263780861276, -0.8206797723028764, 0.5079081505634466
0.3820827224275527, -0.7712622566345926, 0.5082267697425982
0.49683403151136907, -0.7058299270862971, 0.5039868390850787
0.5996133961706468, -0.6228701400403169, 0.5004365925160008
0.6858543412954196, -0.5230574626093394, 0.5030557600030731
0.7555344838600919, -0.4110852868544008, 0.5073452051696252
0.8092199411687808, -0.2904645319983812, 0.5082276670366191
0.8461784241796179, -0.16374961273067562, 0.5045432072666192
0.8628234406574522, -0.03288965391180248, 0.5008726759701553
0.8564172208118892, 0.09866875869877825, 0.5026177062995534
0.8291760324247611, 0.22760001443874683, 0.5067819879320126
0.7839264506885671, 0.35154819172877355, 0.5082285649934223
0.7224183696677275, 0.46826277369477765, 0.5050998482848077
0.6438564200622139, 0.5740876686036293, 0.501308251997133
0.5485632330200236, 0.664844239741968, 0.5021801617384176
0.43967495224949893, 0.7389781658605403, 0.5062184968631946
0.32101068687597195, 0.7965836884523926, 0.5082294627247368
0.19567901155091105, 0.8376926973646852, 0.505656762492827
0.06577791000234179, 0.8596056398189655, 0.5017433238204211
-0.06577777221143581, 0.8596040861985735, 0.5017431165555166
-0.19568031268072736, 0.8376974851118217, 0.5056547343761484
-0.32101357297603145, 0.7965906780908187, 0.5082303592437085
-0.43967840919667334, 0.7389842815587238, 0.5062139480208917
-0.5485517057015182, 0.6648304826581974, 0.5021778939210451
-0.6438463593815655, 0.5740792418360404, 0.5013065807180516
-0.7224443896340699, 0.4682777306702719, 0.5050906991812707
-0.7839474131104183, 0.35155693403682103, 0.5082312631304049
-0.8291817845949107, 0.22760175000720606, 0.5067714113378005
-0.8563719661214374, 0.09866476526431367, 0.5026119559366616
-0.8628068555547239, -0.03288818981852087, 0.5008705345675973
-0.8462441662015537, -0.16376728313825387, 0.5045263917192345
-0.8092549626701367, -0.29047887703972036, 0.5082321610869314
-0.7555276846780814, -0.4110809517384452, 0.5073291432322636
-0.6857923563432091, -0.5230055312096626, 0.5030455105863956
-0.5996054952854808, -0.6228607085699842, 0.5004350152475205
-0.49689362441527607, -0.7059331591469463, 0.5039618138822443
-0.38210327098351093, -0.7713111087555732, 0.5082330659414237
-0.25951782671976414, -0.8206456803119877, 0.5078871498035751
-0.13155021881514456, -0.8531224263508169, 0.5034785623555987
0.0, -0.8660254037844404, 0.49999999999999706
-1.309942193294489e-15, -0.8660254037844404, 0.49999999999999717
0.13154964861373034, -0.8531160093564972, 0.5034777141192943
0.25951692497476403, -0.8206420888951091, 0.5078848272157135
0.3821068355423219, -0.7713195916215451, 0.5082341532461092
0.4969084975426765, -0.7059589996409813, 0.5039554901135815
0.5996028627062472, -0.6228575627188884, 0.5004345006796156
0.6857661894564764, -0.5229836417904161, 0.5030411022194491
0.7555245369536119, -0.4110789182033853, 0.507320576767102
0.8092776269694834, -0.29048816769678076, 0.5082350466903034
0.8462973646875471, -0.16378165656715188, 0.5045126980521879
0.8627905662917309, -0.03288674053116402, 0.500868461028291
0.8563185327398982, 0.09866000904085614, 0.5026050319502866
0.8291909161532371, 0.2276044948430928, 0.5067560053805906
0.7839841202631992, 0.351572233434556, 0.508235940515767
0.7225025650183866, 0.4683110660665374, 0.5050702275885371
0.6438182593587245, 0.5740557323697747, 0.5013018743501283
0.5485099654271834, 0.664780584749459, 0.5021695082287795
0.43969617003517525, 0.7390157619963963, 0.5061911128104544
0.3210346104810285, 0.7966415684217041, 0.5082368370150746
0.19569765689000124, 0.837760857455916, 0.5056280794677076
0.06577200039091341, 0.8595392218638769, 0.5017347430658247
-0.06577185482134063, 0.8595376076946116, 0.5017345198058251
-0.19569908104092731, 0.837766048254579, 0.505625901296296
-0.3210375518355909, 0.7966486923962679, 0.5082377309542591
-0.43970000418088206, 0.7390225837105606, 0.5061862505664646
-0.5484979554687169, 0.66476621145776, 0.5021670781731145
-0.6438077588588067, 0.5740469635316373, 0.5013000752589236
-0.7225305944627731, 0.4683270866596545, 0.5050603708360643
-0.7840055148289704, 0.3515811516670526, 0.5082386413073521
-0.8291980734908362, 0.22760664725478447, 0.5067447513388733
-0.8562713263540722, 0.09865577610452074, 0.502598864660571
-0.8627733424686257, -0.03288519615106871, 0.5008661430156435
-0.846367551405108, -0.16380070294228813, 0.504494518722356
-0.8093133454677089, -0.29050280857381167, 0.5082395384017027
-0.7555190804325028, -0.4110753286961435, 0.5073035652636226
-0.6857014448812896, -0.5229295550286848, 0.5030301052235967
-0.5995946832310441, -0.6228477725684506, 0.5004327888975749
-0.49697160853676936, -0.7060689259006225, 0.5039283433574464
-0.3821277590787869, -0.7713693786516552, 0.5082404285826284
-0.25950861685147364, -0.8206089581007526, 0.5078626949809327
-0.13153806181525832, -0.8529868424567576, 0.5034608115670434
0.0, -0.8660254037844414, 0.49999999999999545
-1.3375560473382734e-15, -0.8660254037844413, 0.49999999999999545
0.1315374593113844, -0.8529801692369229, 0.5034598978462109
0.2595077457680457, -0.8206054880783314, 0.5078602457835655
0.3821313915838036, -0.7713780336989744, 0.5082415153565862
0.49698737865223347, -0.7060964804707075, 0.5039214760336798
0.5995918520132537, -0.6228443766403318, 0.5004322730967449
0.6856740809674867, -0.5229067328890035, 0.5030253747820604
0.755516645874204, -0.4110736870859444, 0.5072944724354969
0.8093364198417003, -0.2905122732967169, 0.5082424062197834
0.8464243339963142, -0.16381619447534282, 0.5044796907718377
0.8627562472616612, -0.03288364947254592, 0.5008639441261453
0.8562155298467224, 0.09865072629201445, 0.5025914342840287
0.8292092669442755, 0.22761001134754652, 0.5067283248085299
0.7840429221051556, 0.35159673787169476, 0.508243300440502
0.7225932153026273, 0.4683627631502786, 0.5050382824088592
0.6437783803354399, 0.5740224569278574, 0.5012950327752925
0.5484544794314683, 0.6647140839645315, 0.502158071398575
0.4397196966774444, 0.7390576881470714, 0.5061618042394203
0.32105900787880026, 0.7967005881619258, 0.5082441972478768
0.1957181122650782, 0.837834902253006, 0.5055972504318476
0.06576573060987287, 0.85946991167029, 0.5017255333311015
-0.06576557994815876, 0.8594682443699619, 0.5017252911033344
-0.19571967375493518, 0.8378405321256319, 0.5055949059424173
-0.3210620055654697, 0.796707845504389, 0.5082450861786039
-0.4397239460075688, 0.7390652905570121, 0.5061565915700986
-0.5484419471487356, 0.664699037635688, 0.502155467635631
-0.643767447824407, 0.5740133523458577, 0.5012930909387542
-0.7226233771397907, 0.4683799016753916, 0.5050276315164721
-0.7840647092502595, 0.35160581725721307, 0.5082459831021428
-0.8292179664640172, 0.22761263018777655, 0.5067163125566768
-0.8561662418946392, 0.09864623312088618, 0.502584811856267
-0.8627381975107905, -0.03288200215857742, 0.5008614738254115
-0.8464993789782429, -0.16383676185270257, 0.5044599862362682
-0.8093728591491096, -0.290527221908677, 0.5082468936206914
-0.7555127338072681, -0.41107094719115883, 0.5072764162253711
-0.685606406208539, -0.5228503692338887, 0.5030135694480603
-0.599583378421999, -0.6228342053592396, 0.5004304155466556
-0.49705431348641615, -0.7062137378348157, 0.5038919545446384
-0.3821527040860193, -0.7714287976547375, 0.5082477688962026
-0.2594997503592014, -0.8205735483306311, 0.5078368775514034
-0.13152515781149018, -0.8528452985739686, 0.5034417567359322
0.0, -0.8660254037844424, 0.49999999999999384
-1.3668743424074387e-15, -0.8660254037844421, 0.4999999999999938
0.1312941261305795, -0.8513257239784956, 0.5057577605877124
0.25859975202474095, -0.8177097835677017, 0.5123363690701692
0.3801565102928297, -0.7674141781659246, 0.514981583044592
0.4935381766887908, -0.7012425197772423, 0.5131266247680186
0.5941938964029181, -0.617240484763328, 0.5122421338866955
0.6782807291393436, -0.517240132985738, 0.5169494225223475
0.746285531856041, -0.4060259808475982, 0.5230835019823328
0.7981283259954017, -0.28650440442518177, 0.5262036552627595
0.8330838860920251, -0.16127382085929584, 0.5251622085692246
0.8472536796353912, -0.03230437887864925, 0.5244186958892437
0.8393438181000941, 0.09674007539104568, 0.5282066736626355
0.8118000965443877, 0.22287346694427418, 0.5339151879694581
0.7663758897198573, 0.3436599193688736, 0.5374257196419949
0.7048721949372825, 0.45681215923179896, 0.5371132294927512
0.6264753584291578, 0.558559258594955, 0.5365297021731976
0.532719447865426, 0.6457090196208268, 0.5395294673728797
0.4265746320677405, 0.7170833110765866, 0.5448314470303426
0.3110353278138964, 0.7718116372626727, 0.5486477966319895
0.1892625154035455, 0.8098906101913751, 0.5489796923778816
0.06345508074189896, 0.8286905856639636, 0.5485751199796817
-0.06333972553061082, 0.8271535222265985, 0.5509178343566712
-0.1882413793334485, 0.80547175875668, 0.5558322670658206
-0.30824711789860415, 0.7648887195239169, 0.5598698670856261
-0.42115593725884926, 0.7080242742857732, 0.5607615898584921
-0.5238879649859176, 0.6350420487625816, 0.5605549727028784
-0.613805595970339, 0.5472355012097961, 0.5623717835204337
-0.6883586914196278, 0.4460534945471393, 0.5669176472824216
-0.7459438323493051, 0.3344824662973017, 0.5710919379629873
-0.7871160044127377, 0.21615702193164593, 0.5724589262137726
-0.8103361116334065, 0.09345211375813155, 0.5724692530913835
-0.8147543361919802, -0.03109301855129231, 0.5738913095329881
-0.7987246755920927, -0.15470346726997097, 0.5780875898077755
-0.7629525744453924, -0.2739180718604066, 0.582314012609951
-0.7106986242195279, -0.38656943688781065, 0.5840717035670262
-0.6429404591108876, -0.4901799335896161, 0.584317963688417
-0.5607881450483732, -0.5825702738820084, 0.5854764000765807
-0.46446265739474657, -0.660111849756611, 0.58934209681161
-0.3568458492731062, -0.7205250189352539, 0.593536096465224
-0.24195733951401904, -0.7647601155256931, 0.5955999228135961
-0.1222954837538084, -0.7921903757817892, 0.5961010979160436
0.0, -0.8021466764146755, 0.5971270463786494
-1.2907796403717755e-15, -0.802146676414675, 0.5971270463786503
0.1216114376189608, -0.7876995520458228, 0.601758210763071
0.23928450574705123, -0.7562661054411616, 0.6066499591390028
0.3509142368504068, -0.708583499176078, 0.6100734496416819
0.45399883348533204, -0.6453029004258984, 0.6119168938325318
0.5448246095354473, -0.5660021261648713, 0.6142173349148932
0.6212807417921856, -0.47359913800689596, 0.6183387805418803
0.6833076016301735, -0.3716046984238682, 0.6228654877906039
0.7295158483905482, -0.2619448313606117, 0.6264135889962087
0.7587993811307342, -0.14705968174284623, 0.628728280870099
0.7689039481805804, -0.029382853304584865, 0.6312431178494243
0.7605901169822791, 0.08780857485815796, 0.6349838544178328
0.7353948063625391, 0.2020683097346247, 0.6391660085952081
0.6933341881427384, 0.31086105319354473, 0.6427537368659887
0.6355435307715599, 0.4116612652397446, 0.6454546827353937
0.5626191803924958, 0.5014908102993139, 0.6482043761107212
0.4773830849778913, 0.5788630307871236, 0.6516934334895548
0.3821033963334558, 0.6426972740018484, 0.6555515231516642
0.27842388046569344, 0.6908502108611423, 0.6590938895828427
0.16901934034236235, 0.7223823142416684, 0.6620960973748483
0.05649905430861235, 0.7360793587989487, 0.6651011088045181
-0.05627239889958113, 0.7330629036382292, 0.6684675464967323
-0.16700539387424884, 0.7136816923935971, 0.672022021255405
-0.272927832515649, 0.6772068228609222, 0.6754340384836156
-0.37144162053933905, 0.6248569400096387, 0.6786525221581886
-0.46005543865291243, 0.557929136266763, 0.6819333319424762
-0.5377523819011143, 0.47926857427127356, 0.6853061704911113
-0.6030141380367928, 0.3904841463258697, 0.6885775105513466
-0.6530625969665182, 0.2927829482865237, 0.6917741903563657
-0.6868070426233064, 0.1888257112849715, 0.6951239611149383
-0.7036727077103131, 0.08134858831337594, 0.6987010372193516
-0.7051174048159471, -0.02700285946683519, 0.7022093073852853
-0.6911265839165925, -0.1340957204734592, 0.705217988630191
-0.6602012392693545, -0.23711451701820474, 0.7081143456026507
-0.6132429425491485, -0.333339798520451, 0.7115104142671917
-0.551931842762629, -0.4205183706602669, 0.7154042241732449
-0.47925562698115165, -0.49794882679562136, 0.7191769598417543
-0.3967470962969273, -0.564258450034081, 0.7219434519955136
-0.30502210775022864, -0.6161531995912151, 0.7244544946077455
-0.20647882084074304, -0.6520736962102914, 0.7278118736493661
-0.1039314698923911, -0.6716842030030555, 0.732042896874265
0.0, -0.6767540871017963, 0.7362091452780346
