6.780452945456402e-16, -0.14866246953622225, 0.9888879967677794
0.021969323267945717, -0.12299540235313147, 0.9893310731316981
0.046685353097371034, -0.09761668969261159, 0.9901312414280335
0.07212592073812692, -0.07438024565414424, 0.990302497205969
0.09771906481327461, -0.05325829194490099, 0.9897531841651133
0.12296945688624326, -0.03443110296910808, 0.9883077703000176
0.14795681730835664, -0.018493622742210464, 0.9856341575134201
0.17304785287950447, -0.005968863632316105, 0.9815357219219232
0.18385552500393432, 0.002366896238385141, 0.9789783826837581
0.1663456929822278, 0.007331435038274433, 0.9807809481844685
0.14767452174043522, 0.00857063270720474, 0.9829537858906561
0.12535893371067047, 0.00600482337451002, 0.9833033024633803
0.10036493954008623, 0.00015791815048374347, 0.9824739805107681
0.07187802924430314, -0.00952963190214004, 0.9797648647812047
0.040613926899673414, -0.02108135540961592, 0.9749899058039844
0.007153934356588633, -0.03636901799255077, 0.9693209058835877
1.2287456016317463e-15, -0.04265323730904241, 0.9672095245608361
1.1729784299282723e-15, -0.04142634340363041, 0.9658546200479021
1.1010822330189844e-15, -0.035484247624341304, 0.9644997155349682
1.0130570109038805e-15, -0.024826949971174815, 0.9631448110220342
9.08902763582961e-16, -0.00945445044413102, 0.9617899065091001
7.886194910562264e-16, 0.010633250956790082, 0.9604350019961663
6.52207193323676e-16, 0.03543615423158851, 0.9590800974832323
4.996658703853113e-16, 0.06495425938026407, 0.9577251929702983
3.309955222411298e-16, 0.09918756640281717, 0.9563702884573646
1.4619614889113327e-16, 0.13813607529924748, 0.9550153839444305
-0.008676719181194318, 0.16974809228094612, 0.9546901623964639
-0.05230956625796144, 0.16059511514938393, 0.9600499653701097
-0.09715220809113093, 0.1490955917718931, 0.9655242848704784
-0.14114970036575006, 0.13179398678764404, 0.9676212346325087
-0.18433505863461488, 0.10972037376599378, 0.9668457507558881
-0.22657349011344627, 0.08278528874721586, 0.9633273357501863
-0.26611424984660964, 0.04988362736106132, 0.9550271819524072
-0.3068163487998234, 0.0132566248438978, 0.9463567559490881
-0.3028815078368626, -0.02561218870212834, 0.9491032492964799
-0.27067270052962944, -0.06983371376039339, 0.9563918682905901
-0.2349718833365964, -0.11652490820210967, 0.9609127948722245
-0.1950523069022035, -0.16478219311284922, 0.9622177223888635
-0.150702072659712, -0.21373047473332477, 0.960234193849666
-0.10232938430115632, -0.26290769935705344, 0.954599686821316
-0.05068410942336815, -0.31231479637423926, 0.9450399408307167
5.3369851940598956e-17, -0.3590016841023624, 0.9333369117374859
-1.0051348720075522e-17, 0.3590016841023605, 0.9333369117374867
0.051885242556526524, 0.3260958188949473, 0.9428081064792824
0.10712562140532189, 0.28697653698478126, 0.9508004104421317
0.16137044437922296, 0.24421981670204626, 0.9551363793626931
0.21368966309518905, 0.19738341512953866, 0.9556136525961471
0.26346511584556437, 0.1465459193598973, 0.9521408502519659
0.3106174459325606, 0.09236347067357747, 0.944317135101112
0.35569056848031927, 0.03572454821682646, 0.9323773169059782
0.3686281043734772, -0.01941751512663421, 0.9258272645238287
0.3280355620268715, -0.07767337151979689, 0.9357883430772737
0.28612755142423296, -0.13641400170814943, 0.9450830435867177
0.23858800430529192, -0.19252316289853813, 0.9482063807131175
0.18721322309428506, -0.24683231788374166, 0.9471593052469149
0.13226041520724643, -0.29857422683160284, 0.9414846454001149
0.07338585275530848, -0.346432749811732, 0.9296044310410163
0.013028903234155006, -0.3937136558970442, 0.9156027441452981
3.765438002558054e-15, -0.3480691228898867, 0.9116549257797799
3.4112677191978976e-15, -0.27267390433500505, 0.9102998016574232
3.0496556253755423e-15, -0.19616241410829777, 0.9089446775350665
2.680601721090985e-15, -0.11853465220976434, 0.9075895534127096
2.3041060063442255e-15, -0.0397906186394047, 0.9062344292903529
1.9201684811352644e-15, 0.040069686602780874, 0.9048793051679961
1.5287891454641037e-15, 0.12104626351679228, 0.9035241810456394
1.1299679993307407e-15, 0.20313911210262986, 0.9021690569232825
7.237050427351748e-16, 0.2863482323602937, 0.9008139328009257
3.100002756774094e-16, 0.3706736242897833, 0.8994588086785686
-0.014697720154133058, 0.424575994848706, 0.9015693809331238
-0.0812610509754465, 0.3794825078870721, 0.9162735181903422
-0.14749570623860978, 0.3314836150122651, 0.9279871797903649
-0.21168511959582367, 0.2778513818704256, 0.9330243178285693
-0.27332151295676504, 0.21982096502391135, 0.9324686568908533
-0.3322921119451737, 0.15767837728806908, 0.9263964801534161
-0.3865103586710915, 0.09147654397860125, 0.9123761876983966
-0.43882901692701515, 0.023046775924472972, 0.8942942304997485
-0.4295490045886352, -0.04314831115126313, 0.9002954788923158
-0.3809678321619575, -0.11292995924258582, 0.9151982139026085
-0.3281207309566322, -0.18172017735571058, 0.9251497690304501
-0.2701146096077748, -0.24830301169690344, 0.9286655385802364
-0.2072586292023415, -0.31181808593434607, 0.9257301803704887
-0.1402119766589669, -0.3717256440267524, 0.916045352037872
-0.07001464866907042, -0.4282454984564885, 0.9000576991302234
7.846913223363838e-17, -0.47906977518318156, 0.8777768227208644
-3.1272791926282414e-19, 0.47906977518318844, 0.8777768227208606
0.07011770040295937, 0.40911039945553174, 0.8985741567524866
0.1405224097590906, 0.3374603474496962, 0.9133393332317036
0.2079729124617371, 0.2667155495207183, 0.9222259327271036
0.2714223035432766, 0.19732471075118235, 0.9244294761089251
0.33041218615531226, 0.13003030646185168, 0.9204990702224551
0.38462532827614965, 0.06608372135250977, 0.9102946504956763
0.43480082910632295, 0.006842212884594745, 0.8951499466299175
0.45165009712450765, -0.043770352794182225, 0.8875985969981918
0.4187949185218272, -0.09060604402299799, 0.8995760206699219
0.3876835796619627, -0.12970245933451205, 0.9058565492327033
0.3413589664163431, -0.16153870458152803, 0.9114653029645036
0.28857433718506575, -0.18362348269947196, 0.914934716589223
0.23327381272366832, -0.19760416737712394, 0.9132087832174067
0.17670701573214367, -0.20297764384781913, 0.9062293448708794
0.1194376542277699, -0.2013250684264733, 0.8958363890047247
0.0960499054227205, -0.13037991824700307, 0.8933366853160681
0.08031700425265809, -0.03978218230456465, 0.8924144498453106
0.061348064877421137, 0.04777221913631624, 0.889831162531178
0.03873035399825826, 0.1309153902037668, 0.8837126208440913
0.01327108390247029, 0.21136811971975045, 0.8765631241621801
-0.014142949514167487, 0.2689148276585923, 0.8768542885972177
-0.044897856305035275, 0.2998602556946496, 0.8844119863626758
-0.07838445940356319, 0.32433809349534576, 0.892638287155433
-0.11340093104208167, 0.3400970017050595, 0.8981687245133807
-0.15047663805271405, 0.34813204624122696, 0.9024909017734588
-0.19419668746696525, 0.33401975389576666, 0.9047316619938763
-0.25785075031757054, 0.27741960305465047, 0.910554886486209
-0.3170131659809172, 0.21771879896835697, 0.9093169235154898
-0.37308106504833505, 0.15610464957953157, 0.9032602618951874
-0.42389998328456097, 0.09244573106161139, 0.8903173748223001
-0.4578256897924604, 0.0318062048003839, 0.8816636486894924
-0.4433630699041103, -0.03256070191296047, 0.891309254907709
-0.4209063795919054, -0.09556073940715337, 0.8976842185248163
-0.3818267842484775, -0.1567723101197944, 0.9087433830451322
-0.33167857016329494, -0.215478224231709, 0.9156902131252194
-0.27979609386598975, -0.2715835459598398, 0.9187313065256218
-0.22611582378491968, -0.32485346835729473, 0.9176871710304917
-0.16997542029456547, -0.3734277268495644, 0.9101849021235489
-0.1132362648784008, -0.41881916912554606, 0.8990113048058578
-0.055758889907784104, -0.4604197190969229, 0.8833280330056253
7.258733544790452e-17, -0.49999999999999317, 0.8660254037844426
5.023498054740017e-15, -0.49999999999999317, 0.8660254037844427
0.055646438849616044, -0.46106323377848507, 0.8830806111702776
0.1117019329198986, -0.4200439761022211, 0.8972068744461834
0.16719915865022222, -0.37797666304998667, 0.9097654556431262
0.2202530618910617, -0.3313186736011895, 0.9154609738407358
0.27182313817071346, -0.2829877249345206, 0.918357851502849
0.32105102620572107, -0.23201521502875225, 0.9168357478313076
0.36729607061670205, -0.17886064894339143, 0.9105584340368815
0.4118669206125292, -0.1244815677163294, 0.9016126019794436
0.4522108340097599, -0.06832398555440529, 0.8866361736460389
0.49123263952105845, -0.01161051230963239, 0.8697741002399474
0.47205740309816957, 0.040535941281621746, 0.8790363426962335
0.43263448569621027, 0.09703053497707524, 0.8953410038727617
0.389578819992612, 0.15220153778940868, 0.9065793817486711
0.3444157860695132, 0.2060807936932935, 0.914546133914866
0.29703702158604417, 0.25860183365118417, 0.9190736339625794
0.24612545343404374, 0.3078764846290792, 0.9176504385491947
0.19370691590115158, 0.3551960397878119, 0.9130770589319259
0.13974929738219297, 0.4004794881010302, 0.9052443062892026
0.08359236576169843, 0.4410818313435723, 0.8906000835225558
0.02723672768476868, 0.48126030061876457, 0.8753398295899166
-0.027630436016629144, 0.48153542530053284, 0.87596975358629
-0.08368839320354718, 0.4405662034597284, 0.8901663000100171
-0.13973336263087743, 0.3995400476285672, 0.9042715129889152
-0.19372382503265306, 0.35465728759860854, 0.9126142764377396
-0.24677110991957701, 0.3080051202656548, 0.9183131144820889
-0.29642279057646637, 0.2575213366867075, 0.9175982147231436
-0.34498777929590346, 0.20607496045257784, 0.9150269838778584
-0.3895652845135843, 0.15170823479708467, 0.9061004600141707
-0.4326579235236152, 0.09671645952759375, 0.8950558689749107
-0.4716846406665757, 0.04001129385106197, 0.8782097086559596
-0.4911855114334848, -0.012129976695248231, 0.8701228746206946
-0.4528700952860042, -0.06902085569249253, 0.8879640075777419
-0.4110918923863366, -0.12464974494605321, 0.9009735176080522
-0.368038592381735, -0.179813442700863, 0.9122030873539833
-0.3207157631053591, -0.23235963145138874, 0.9168133034747213
-0.2716200823703902, -0.2832920777199504, 0.9184406149246044
-0.22062488886944556, -0.3324793769268114, 0.9168642231925942
-0.16673553572390173, -0.377841805516019, 0.9091650412507116
-0.11178125506617467, -0.4209866757568648, 0.8982287326289485
-0.05543907885454289, -0.4611836897997862, 0.8830034772987032
4.461491939777851e-17, -0.4999999999999943, 0.8660254037844419
4.73552866481929e-15, -0.4999999999999943, 0.8660254037844419
0.05615913017703992, -0.43891753944116135, 0.8832948152514061
0.1135762837065332, -0.38047590900806544, 0.8976602165021874
0.17118326357910607, -0.3261842353547288, 0.9101863257929934
0.2270657728540588, -0.273231988540584, 0.9157158571416054
0.2819280399262781, -0.22475468171503493, 0.9177827664223422
0.33462750005392616, -0.18035616640384458, 0.9144529810165674
0.38448092298600905, -0.14054060728074927, 0.9053957519395508
0.42541203820503676, -0.10567833297873801, 0.8966307369412518
0.4467185102199841, -0.07608760931723639, 0.8887891125361597
0.46146908792051566, -0.052081867835473694, 0.8798604918141448
0.42755710519302403, -0.03687470105069912, 0.889507286857411
0.3758929601673653, -0.023571671101151728, 0.9018777434235761
0.31916921114572067, -0.01576960639645901, 0.9075905014456055
0.2586630758890516, -0.012782391172521973, 0.9075204669156978
0.194742715905195, -0.014487659113862211, 0.9018701202160327
0.1500741815797632, 0.020572420296707805, 0.8975054820786129
0.11339040566830672, 0.06977844678676765, 0.8935659549626622
0.07840457653109158, 0.12018568724536359, 0.8880336892298865
0.044864591560205704, 0.1705107620878985, 0.8792207848299876
0.013967194066536355, 0.2232938178457683, 0.8708236831131356
-0.013486628846522335, 0.259268035906424, 0.8708735506872491
-0.03878847568794272, 0.2807870399912937, 0.8772222317051416
-0.061347915467728276, 0.3089091506515168, 0.882817242512538
-0.08032370059402864, 0.34208102926075956, 0.8853431195560284
-0.09629827940213735, 0.38139552493113144, 0.8864316633166271
-0.11950859160472169, 0.40360569108756755, 0.8887059443430287
-0.17924852912021527, 0.3567895252704648, 0.9011586201374506
-0.2379471541321972, 0.30601215222582473, 0.9085902509075356
-0.29554711579876, 0.2512270286317925, 0.911010495132881
-0.3506739991356189, 0.19231614494269814, 0.9073512733259972
-0.3990728191775712, 0.13110420143499, 0.9010818798464186
-0.4329959657937722, 0.06560334264666307, 0.8945982880775993
-0.46765567271696135, -0.001929306835288483, 0.8808032911466427
-0.4510224941094376, -0.06870955255476119, 0.8857299536907157
-0.40031547145070623, -0.1375078222500007, 0.9028840012674374
-0.34471659393927223, -0.20550534031514367, 0.91425770523562
-0.2833900955652598, -0.27093189862305955, 0.9179152371965071
-0.21761338683072978, -0.3335149902519902, 0.9150630915384097
-0.14793572397016952, -0.39288488140583705, 0.9056636542339209
-0.07469450087450565, -0.4484620062204409, 0.8891837870946988
-1.734723475976807e-18, -0.4999999999999954, 0.8660254037844414
0.0, 0.4999999999999956, 0.8660254037844412
0.07518142931371968, 0.44814718584854074, 0.88934475098707
0.14977513311688237, 0.3913978840322238, 0.9059856225832519
0.22168774782976355, 0.3300434152992915, 0.9156062859037392
0.2901926404076831, 0.2642033224535951, 0.9179786424695072
0.3548004810407886, 0.19454524805111434, 0.91346384334636
0.41412421486228007, 0.12117525251571228, 0.900588449642629
0.46815434837870773, 0.045661173917562706, 0.880152502922032
0.48129256640482754, -0.027611562327039582, 0.8756372348627589
0.4276821837183, -0.10338070372854341, 0.8966430399102455
0.3695823531985024, -0.17724859497002451, 0.9112108878492446
0.3065106168841247, -0.24812413639665082, 0.918187212543303
0.23900068657219944, -0.3151739924014401, 0.9177902955405484
0.16769662427358556, -0.3777077806150195, 0.909933225685788
0.09339658881240964, -0.4350298616199286, 0.8941441343730705
0.017408226846214157, -0.4878048206505837, 0.8719635848456786
3.96308199015469e-15, -0.428614449053208, 0.866025403784441
3.549236349809253e-15, -0.33337927105490245, 0.866025403784441
3.137055308675667e-15, -0.23813696314398108, 0.8660254037844412
2.72653886675393e-15, -0.14288752532044313, 0.8660254037844412
2.3176870240440447e-15, -0.04763095758428909, 0.8660254037844412
1.9104997805460103e-15, 0.04763274006448091, 0.8660254037844412
1.5049771362598266e-15, 0.14290356762586723, 0.8660254037844413
1.1011190911854935e-15, 0.23818152509986976, 0.8660254037844413
6.989256453230114e-16, 0.3334666124864883, 0.8660254037844413
2.983967986723787e-16, 0.4287588297857233, 0.8660254037844413
-0.017378519898235134, 0.48775212467069673, 0.8719099776262954
-0.09346970667711553, 0.4351233193926696, 0.8943063637678921
-0.16785684074390617, 0.3777833592378764, 0.910154155637429
-0.23925406666719662, 0.31520251668114774, 0.9180381991463591
-0.3068558989117838, 0.24807502328162157, 0.9184491335153013
-0.37004177844130576, 0.1771078298345928, 0.9115136686158998
-0.42837746835927265, 0.10315047090145897, 0.8971007782266505
-0.48105215481994, 0.026946809115683857, 0.874777692639447
-0.4683319935372068, -0.04499707343334343, 0.8796635691906254
-0.4149098692080483, -0.12083042335353546, 0.9010355516465051
-0.3543744637830884, -0.19357754913093586, 0.9121433858809982
-0.2903343465950966, -0.2635879469687893, 0.9175653839570148
-0.22236180235040737, -0.3303695893808636, 0.9165117501925159
-0.14950478549679258, -0.3905484952961053, 0.9048881321479675
-0.07539877692956844, -0.4482734444412727, 0.8895981562354994
-6.634073804348502e-17, -0.4999999999999965, 0.8660254037844407
0.0, 0.49999999999999495, 0.8660254037844416
0.07537618592849676, 0.44824008100968493, 0.8895388409649948
0.149499902501935, 0.39059289529255115, 0.9049273318438237
0.22229360251369068, 0.33031462507336046, 0.9163968677465232
0.2903146629432555, 0.2636020277543798, 0.9175569148165698
0.35419483540049396, 0.19345054010088378, 0.9118609952164604
0.41481078754159184, 0.1208017290782676, 0.9008937148605971
0.468166828093434, 0.044904107100096166, 0.8793982312714393
0.48104627045213105, -0.026694575647839405, 0.8745273864774405
0.42863981605335183, -0.10295761859660287, 0.8971646318559765
0.3703068800436704, -0.1769170731328347, 0.9115823273415062
0.3071083831124712, -0.24786873385839517, 0.9184899927599803
0.23949742278401598, -0.3149743256257738, 0.9180461267215918
0.16810297619706185, -0.3775357340941943, 0.9101380746384458
0.0937411062107178, -0.4348924112969613, 0.8943460266144286
0.017656050882149277, -0.4876771721184219, 0.8721746917642856
3.610488104422531e-15, -0.4288675062875661, 0.8660254037844406
3.2317555687569077e-15, -0.3335564215400416, 0.8660254037844406
2.854926662175159e-15, -0.23824944791343228, 0.8660254037844408
2.4800013846772847e-15, -0.1429465854077377, 0.8660254037844408
2.106979736263283e-15, -0.047647834022957664, 0.866025403784441
1.7358617169331587e-15, 0.047646806240906905, 0.866025403784441
1.3666473266869064e-15, 0.14293733538385697, 0.8660254037844413
9.993365655245294e-16, 0.23822375340589202, 0.8660254037844414
6.339294334460273e-16, 0.333506060307012, 0.8660254037844415
2.704259304513982e-16, 0.42878425608721743, 0.8660254037844416
-0.017889280546199718, 0.4876749028945603, 0.8724224226812263
-0.09392000219497018, 0.4345845388718681, 0.8942206270100063
-0.16822676217034024, 0.3771744341617453, 0.9098985896954086
-0.23958879718717127, 0.31462253069625523, 0.917809453857358
-0.3071992101596432, 0.2475615288921029, 0.9182986468597377
-0.3704041681704754, 0.17665724920995923, 0.911423729918025
-0.42861497549469113, 0.1026950066474675, 0.8968700750144252
-0.4812682933909794, 0.02657109928975092, 0.8746047219638059
-0.4673521162081439, -0.04520962314925657, 0.8788637187236349
-0.4135462385149368, -0.12100786926383507, 0.8997610684514995
-0.3535071566793716, -0.19363078302660228, 0.9114306305489356
-0.29001056664730873, -0.26433356973399114, 0.9179003029493662
-0.22082388320464247, -0.3293472007011328, 0.9141511081985544
-0.149679914726591, -0.3922636839579515, 0.9067500166541547
-0.07427778930795338, -0.44681264866815434, 0.8869721402953442
-1.4864411784776266e-16, -0.49999999999999756, 0.86602540378444
0.0, 0.49999999999999456, 0.8660254037844418
0.0742348620022354, 0.4467661406913221, 0.8868825967568017
0.14966406763967433, 0.392343873247041, 0.9068101504601774
0.22065641111617282, 0.32929389735024306, 0.9139497362756133
0.2899934952891047, 0.2645298489636067, 0.9180567707278257
0.35328250500931724, 0.19372135158737117, 0.9113072638645158
0.41339185580519383, 0.12123944980069595, 0.8998262247199046
0.46712348138452275, 0.04548920808192023, 0.8788861591458519
0.48130519917337944, -0.026787745889142366, 0.8748643706301942
0.42840271535498625, -0.10282324984322319, 0.8967812713008741
0.37026126955847993, -0.17676725372632174, 0.9113819438053722
0.30712508698545204, -0.24766443001046118, 0.9183226613683999
0.23950416150404957, -0.31463131951881396, 0.917737693514996
0.16816655054599564, -0.377078288505609, 0.9097345716026648
0.09395606030145806, -0.4344631097237426, 0.8941380859154455
0.018004062198826512, -0.4876957983072777, 0.8726259561394866
3.2157941779766556e-15, -0.4284120947490818, 0.8660254037844399
2.8768457830410775e-15, -0.3331985103124848, 0.8660254037844402
2.540008242380553e-15, -0.23799115256994643, 0.8660254037844404
2.2052815559950825e-15, -0.1427900215214668, 0.8660254037844406
1.8726657238846656e-15, -0.04759511716704565, 0.8660254037844408
1.5421607460493036e-15, 0.04759356049331668, 0.866025403784441
1.2137666224889952e-15, 0.1427760114596205, 0.8660254037844413
8.87483353203741e-16, 0.2379522357318654, 0.8660254037844415
5.633109381935406e-16, 0.33312223331005186, 0.8660254037844417
2.412493774583942e-16, 0.42828600419417967, 0.8660254037844419
-0.017855005743401473, 0.48771339083681775, 0.8725274830916814
-0.09381064684130067, 0.43465822651452635, 0.8941868402177511
-0.16797328961865166, 0.3773286511466561, 0.9097848049014448
-0.2392928865473366, 0.3149955652849482, 0.9178727058961369
-0.30690622900005404, 0.24814937327803374, 0.9185554868789519
-0.36986389434664324, 0.17725808713987456, 0.9114527903985281
-0.4278851133270432, 0.10341359440657852, 0.8968488853142117
-0.4811985068013283, 0.02758824287588672, 0.8755984372278071
-0.46705631609184445, -0.046262091061369505, 0.8795072276087778
-0.41391022174734055, -0.1221526155525185, 0.9012737931143835
-0.3525773433682692, -0.1941026337379645, 0.9109727550808319
-0.2901567528880186, -0.26541761064237196, 0.9190042417869803
-0.22017228938196182, -0.32963944929494765, 0.9138461567126701
-0.14919088431595862, -0.3921565864645069, 0.9060999411020344
-0.07365909366426357, -0.4463797619166644, 0.88595709937029
-2.484991379336776e-16, -0.4999999999999985, 0.8660254037844395
0.0, 0.49999999999999417, 0.8660254037844421
0.07368141943653267, 0.44639935916096474, 0.8859983372334741
0.14918236535850962, 0.3920915587187587, 0.9060272593181005
0.22028194694726022, 0.3297363348875523, 0.9140325779551943
0.2901432232451306, 0.265354289210564, 0.9189379300028963
0.352670090461091, 0.194162989003677, 0.9111029886192334
0.41401442866485266, 0.12216383385570653, 0.9013989787142409
0.467226905588058, 0.04634090305363253, 0.8797516223089366
0.4810808476828185, -0.028024619651643597, 0.8759014090028762
0.4274962664163213, -0.10381539499052367, 0.8968529649224232
0.36945121330199115, -0.17767902875215957, 0.9114455806682271
0.30648472975430485, -0.24860548298037383, 0.9185816363989646
0.23887192577101307, -0.3155106842429895, 0.9179547170172235
0.1675450241850637, -0.3779211238337055, 0.9099365730302764
0.09334824729243733, -0.4353378688477111, 0.8943984755477827
0.017208398332849168, -0.4878720931100144, 0.8720683970346339
2.780174403701407e-15, -0.4281563066006615, 0.8660254037844395
2.485099488758323e-15, -0.3330150526598806, 0.8660254037844398
2.1923229250397877e-15, -0.23787117473597452, 0.86602540378444
1.9018447125458018e-15, -0.14272467282894322, 0.8660254037844404
1.6136648512763651e-15, -0.04757554693878673, 0.8660254037844406
1.3277833412314776e-15, 0.04757620293449503, 0.8660254037844408
1.0442001824111396e-15, 0.14273057679090184, 0.866025403784441
7.629153748153514e-16, 0.2378875746304336, 0.8660254037844415
4.839289184441113e-16, 0.33304719645309094, 0.8660254037844417
2.0724081329742132e-16, 0.4282094422588733, 0.8660254037844419
-0.016883276020862547, 0.4879708822506236, 0.8718302069772619
-0.0930642897418385, 0.4357738485081124, 0.8945462397641086
-0.16724413268802218, 0.3783543835234716, 0.9100614568018938
-0.23848683962655795, 0.31587619033348874, 0.9179358870558625
-0.3059755435891717, 0.24890836556423973, 0.9183939782440026
-0.3689819583212034, 0.17807217272600442, 0.9113595936440506
-0.42702014856353865, 0.1042518741434957, 0.8967957765785106
-0.480819855301158, 0.028587800087289145, 0.8761141291925314
-0.46795205893559794, -0.04587200918726331, 0.8800732191162389
-0.4139997294858295, -0.12130488990200072, 0.90055647404644
-0.3539502840784123, -0.1941559095016705, 0.9122449453429848
-0.28986834609739076, -0.26394412572608966, 0.9174433867354445
-0.2220454069438226, -0.33052111485822966, 0.9163110720160929
-0.1494979479727854, -0.3910758322142198, 0.9053928556859459
-0.07512789289541359, -0.4475500304705854, 0.888532111293956
-3.649424512586208e-16, -0.49999999999999933, 0.8660254037844392
0.0, 0.4999999999999937, 0.8660254037844421
0.07466129821666048, 0.4253891150612502, 0.8884630226373257
0.14762895510541166, 0.3513376809002679, 0.905035073993879
0.21808345546870817, 0.27862703958888146, 0.9160290073605079
0.2829436597778986, 0.20551925780422392, 0.91716653346088
0.3439587293805773, 0.1357529984199367, 0.9131984531307583
0.4001939596154041, 0.06916943541112752, 0.9028487854386426
0.45077217196335695, 0.007015013435836302, 0.8855555103955575
0.4670637679693746, -0.047880163008517634, 0.8813169478824288
0.43223929454772003, -0.09701344875776206, 0.8948928039738476
0.3983895152971968, -0.13821667331230753, 0.9014939029386376
0.35013972475998256, -0.17130751726393248, 0.9076189900953068
0.2950710022097367, -0.19508765852276258, 0.9113595810922008
0.2373219166736279, -0.21042511324581692, 0.9087404494797365
0.17859380746792738, -0.2168460643817067, 0.901409181999179
0.1186910079629561, -0.21522484590098812, 0.8882707843240135
0.09599493588964042, -0.1409943583225441, 0.8861237033245184
0.08016522387140385, -0.04794780572726115, 0.8851466214798658
0.061164534410736306, 0.04197196721660418, 0.8826641901965763
0.03888355956102644, 0.12795941227513336, 0.8776360964898804
0.013332233174312806, 0.2100373815771458, 0.8700953667905231
-0.01337016688663736, 0.26981436449634316, 0.8703197983825447
-0.04449593255146749, 0.30386705956841265, 0.879851258564275
-0.07764886281812941, 0.32942557203397405, 0.8875272101479582
-0.11276602051682766, 0.34682354680145877, 0.8936764850633624
-0.14950615331844952, 0.3558230286423583, 0.897816361931719
-0.19355630536545004, 0.34340069712507104, 0.9016728862302323
-0.25795816344891753, 0.2858825499692726, 0.9083319816459461
-0.3184395361751886, 0.22527428727593102, 0.9083166221873813
-0.37461866164414426, 0.1623347891540325, 0.9019580384650648
-0.42704638957911145, 0.09797088852102165, 0.8907238394849817
-0.46107212903645617, 0.03403170093672001, 0.880110956945839
-0.4464228211064308, -0.03102950787497078, 0.8891562775417884
-0.4247389652390795, -0.09497839550297998, 0.8964184028989591
-0.38383398201741614, -0.15639716824432753, 0.9049048045820036
-0.3345203285660182, -0.21636311297682886, 0.914766615278722
-0.2811029782664969, -0.2720314278986611, 0.916819293398567
-0.22712891673759722, -0.32548868844476814, 0.9163482954935598
-0.17041727570433102, -0.37374368685805703, 0.9086530692831066
-0.11401492098821156, -0.42037194167845254, 0.8997245923215966
-0.05609558811046643, -0.46066225347326334, 0.8828676772674319
-4.978656376053436e-16, -0.5000000000000001, 0.8660254037844386
2.14538494129584e-15, -0.5000000000000002, 0.8660254037844385
0.05452472060499352, -0.46221514921905166, 0.8830979756579244
0.11087658203837326, -0.42247527547053687, 0.8987414329315653
0.16600225664394389, -0.3794981886856321, 0.9099483224759851
0.21922052997233582, -0.3332732133487342, 0.916249653401062
0.270571865574392, -0.28469287077487804, 0.9187304714628007
0.3197673557409632, -0.23389956320693434, 0.9173008739768199
0.3664829612705466, -0.18107529023252114, 0.9117938869730811
0.410610082206251, -0.12659908824918983, 0.9023238955965773
0.45154304566720954, -0.07062098964022882, 0.888231139252618
0.4902139507936525, -0.013975367351526248, 0.870935535993064
0.4715606617258328, 0.04088492915748607, 0.8787835502581801
0.4323590013972848, 0.09739145585782369, 0.8953398358490082
0.38910428030141964, 0.15225433999533233, 0.9060882215448658
0.34417151937666046, 0.20624909975405986, 0.9143555717581925
0.29624191721692167, 0.25800189237998683, 0.9178200279303419
0.24613098655411986, 0.3079630050910673, 0.9176858657066972
0.19354337909743635, 0.3548041129541283, 0.9124699874824407
0.13962088492484553, 0.3998593482087808, 0.9043949119588144
0.0839914788163093, 0.44132431853886656, 0.8911003222348912
0.027620401452252516, 0.4808972104072803, 0.8750385431293946
-0.026354590501796858, 0.48124756350835, 0.8744218683449756
-0.08313532803102286, 0.4426665533241062, 0.8916576634491716
-0.13863441671979007, 0.4007597499117791, 0.9043069357739552
-0.19293952563082398, 0.3564009918886587, 0.913414521412198
-0.24549990115862153, 0.3092855548479346, 0.9183018630225976
-0.2957384161816378, 0.25947190572786716, 0.9186806876223512
-0.3435752668526485, 0.20751498821247738, 0.9149837073251577
-0.38894706064076223, 0.15381420638837717, 0.9074090454006565
-0.43153950448308975, 0.09855932008669357, 0.8956873358001705
-0.4711316722828499, 0.04218250917681184, 0.8797780046194759
-0.49097513557437245, -0.012629683297441035, 0.8702846792095495
-0.452788180150861, -0.06942417838251365, 0.8882467237466001
-0.4109512401721336, -0.1249577529093751, 0.9010476856446858
-0.36744347292700624, -0.1796938540809772, 0.9114044013860724
-0.3208548095336742, -0.232603874453367, 0.9171070420360188
-0.2714974210487331, -0.2831684792931591, 0.9181945263936657
-0.2205414535058514, -0.33210903790567214, 0.9163758893011035
-0.1670434389683836, -0.3778673509220265, 0.909372766014212
-0.11205517763856943, -0.4207243896241848, 0.8981267822680463
-0.05611891369464406, -0.4617130714923952, 0.8841522214633842
-6.463471251272335e-16, -0.500000000000001, 0.8660254037844382
1.5440015855456172e-15, -0.5000000000000009, 0.866025403784438
0.054980481913433604, -0.4617126323115169, 0.8830113598933776
0.11141344381381178, -0.4222397373594124, 0.8990243751249366
0.16627610306220486, -0.3787990218956435, 0.9095162014477918
0.21948297985241055, -0.3327145140083387, 0.9159756592037329
0.27091472135245853, -0.28431662347637265, 0.918699696918148
0.3203307813854838, -0.23374449997226043, 0.9176624121039451
0.36689107681730104, -0.1807999433458937, 0.9119153968076421
0.41046241341758666, -0.12610351615039359, 0.901675585486233
0.4517281899527427, -0.0703933840705099, 0.8881608687449449
0.49009983913097843, -0.013629072790727205, 0.8706464812252411
0.4718684626732302, 0.04130179017152789, 0.8795916025461262
0.4316007915260577, 0.0973923471724714, 0.8945915912066166
0.38962161573854337, 0.15290833302310367, 0.9071701584403657
0.3439412444577087, 0.2063152710540342, 0.9142162849799502
0.29668207444085126, 0.2586617637302131, 0.9187990081893814
0.24600847768646406, 0.3079666790763671, 0.9175696746530602
0.193771625638701, 0.3552575054747604, 0.9130901948498094
0.13965097543472033, 0.3998373852270376, 0.9043698265876963
0.08414580604543206, 0.4415980507617237, 0.8915421872202486
0.027788485779798876, 0.480966002286695, 0.8752503753778892
-0.027227624177245814, 0.48121739775506245, 0.8751958550718025
-0.08371395611447144, 0.44197335302340723, 0.8915256872247423
-0.13928768435849684, 0.40042483626782066, 0.9046007044427357
-0.19361383025269424, 0.3561785127079097, 0.9138101602969018
-0.24594955016517167, 0.30887387502717367, 0.9183298448176374
-0.296009840067005, 0.25901961790187045, 0.918517333915533
-0.3437886626846529, 0.20715877602860344, 0.9148427748940988
-0.3891118663691708, 0.15355611826724305, 0.9073020050668796
-0.431890982218283, 0.09849824125373263, 0.8959708787109396
-0.470764227907317, 0.041938426275075116, 0.8792445180531568
-0.4907863292108998, -0.013456462887065772, 0.8708293761160085
-0.4513999270758178, -0.06972168845606935, 0.887199311034427
-0.41011630053503795, -0.12546688110187942, 0.9006888858808549
-0.36686099352862434, -0.18012607627803628, 0.9112554099576734
-0.32013281646815983, -0.23285656041707883, 0.9166702972676868
-0.27105317594866307, -0.28345983926926555, 0.9180485341802398
-0.22000983713992894, -0.33225734909811877, 0.9160276242641222
-0.16649046111235125, -0.37755985283343135, 0.908516434766237
-0.11195613190032408, -0.4213545643543649, 0.8986689058280231
-0.05593332010739941, -0.4613648570341073, 0.8834002359435267
-8.096279723035504e-16, -0.5000000000000016, 0.8660254037844377
8.83440741158014e-16, -0.5000000000000016, 0.8660254037844378
0.055976664886440666, -0.46165232097527353, 0.883956414868373
0.11213657765276111, -0.42157088969002265, 0.8990457834192762
0.16683523132641875, -0.3782305620547324, 0.9094902398097491
0.2200458816928315, -0.33237991150978813, 0.9161705219987316
0.2713937430045771, -0.2840362946369522, 0.9188732278937018
0.3205461205650192, -0.23338079283386304, 0.9175217357788171
0.36718146363261095, -0.18064181254651623, 0.9120161500267996
0.4108811205231309, -0.1260846412549663, 0.9020624350372819
0.45131245799957365, -0.07013329755011273, 0.8875223318872048
0.49022639859705597, -0.013618564413965688, 0.8708052299129245
0.47125799259319145, 0.04183543215510023, 0.879636204907454
0.4308976747467166, 0.09786905519622159, 0.8943480949527358
0.3892317310054415, 0.15336744600845015, 0.907220784961082
0.3436320188586963, 0.20671796986316548, 0.9142856503838404
0.29634437391419943, 0.25895161725332266, 0.9187489667607939
0.24558309045019044, 0.30796940961197394, 0.917179711376646
0.19380045799300505, 0.3557403737103825, 0.913541476730299
0.139311513968907, 0.39961006024182544, 0.903818616341949
0.08419038344917941, 0.44189099205814014, 0.8918211058116396
0.027642139535649618, 0.4805753717631466, 0.8746731882793627
-0.027869082878712627, 0.4813582594224871, 0.875945780994299
-0.08406611130487188, 0.44148546042134856, 0.8913767946648077
-0.13975800121346615, 0.4003431021899939, 0.9049569565912541
-0.19388026380740392, 0.35581380841625243, 0.9136912012937569
-0.24599895325243326, 0.3083926538916946, 0.9179328450179303
-0.29619331428470236, 0.25879303633192424, 0.9184695020835462
-0.34430407649939193, 0.2072031359301494, 0.915334015206203
-0.3891905330235089, 0.15331927620291352, 0.9071447371173902
-0.4314890891843434, 0.0981496883510375, 0.8952110615920089
-0.47111682908928576, 0.04182682594506063, 0.8795166259117724
-0.49024535408407666, -0.013497031424669157, 0.8705612636436496
-0.45128139203722306, -0.06996474122175252, 0.8872681919260121
-0.4105835396641195, -0.1257826596497526, 0.9014688426804489
-0.3668785108718434, -0.18032377430352092, 0.9114113063226805
-0.32010676409676847, -0.232871907990106, 0.9166564701259381
-0.27150176232963363, -0.2839772792660027, 0.9189108533710633
-0.21995840703099825, -0.33217218450095765, 0.9158927759580339
-0.16668923651694129, -0.3778439458621216, 0.9089605645175374
-0.11219475793731416, -0.42171688982269095, 0.8992423527031386
-0.055903083846569876, -0.46110171605138384, 0.8831029320545212
-9.866510820161212e-16, -0.5000000000000022, 0.8660254037844373
1.5783199381919898e-16, -0.5000000000000022, 0.8660254037844374
0.05600662268147454, -0.46146399591242937, 0.8837886374729533
0.11212260008669324, -0.4212433052042286, 0.8986805263564771
0.16680436927366335, -0.37797379012350524, 0.909203661099076
0.22021810037499007, -0.3324171776706579, 0.9163443296910029
0.27152486817167254, -0.2839674174605277, 0.9189215506434429
0.3203750541476604, -0.2330655502634438, 0.9170712446343451
0.36678224215786787, -0.18025842129269157, 0.9112606234533059
0.4111215124963272, -0.12609878036124453, 0.9022819997137654
0.45105428231277817, -0.06989148790618921, 0.8870120791024007
0.4906089937478786, -0.01366374599339137, 0.8709911863524324
0.47075229140908564, 0.04175482593538744, 0.8789069064199813
0.43202309601793143, 0.09831891307361436, 0.8958869009638855
0.38864771266712406, 0.1529800229245228, 0.906292712866569
0.3440378960441052, 0.2069823717152131, 0.914876561153527
0.2958885750178945, 0.25847209480035616, 0.9178996370004758
0.24578379365579828, 0.3081358310560786, 0.9175030228506504
0.19366308255372938, 0.35543299848789345, 0.9131236488907466
0.13943403193006193, 0.3997354559718274, 0.9040536455792747
0.08414689859233984, 0.4415092157281122, 0.8913523979466607
0.02766993636533231, 0.4804167695350209, 0.874538102289039
-0.027635435594574882, 0.48072997784921695, 0.8750902067180953
-0.08390396351898358, 0.44108075855560036, 0.8907736344006183
-0.1396963278100609, 0.4003448561973608, 0.9048832766020871
-0.1935149957911878, 0.35535498543702215, 0.9129144494224158
-0.24578410764607805, 0.3082984575444633, 0.9176491688148893
-0.29599410982484925, 0.25870959498988794, 0.9182114273981513
-0.34376676778345827, 0.20697951498441358, 0.914622703802799
-0.389205331093771, 0.15345789906663962, 0.9072735263663503
-0.43058700812166817, 0.09796791744000893, 0.8941066630241776
-0.4704658204552289, 0.04176179460941312, 0.8787902317581525
-0.49015788379832337, -0.013554051280428438, 0.8704004394390944
-0.45140766708934754, -0.07007522367178852, 0.8873947208550961
-0.4105395277207665, -0.12571359084345946, 0.9013653551412071
-0.36617621178750914, -0.17989517129951738, 0.9103383793040015
-0.3203835116005203, -0.23302761909277359, 0.9170396943079151
-0.27079171082817505, -0.2832532611260317, 0.917613338783308
-0.2201451669003797, -0.3322488006255585, 0.9161115188188138
-0.16635218736060225, -0.37723696864481043, 0.9080836064030026
-0.11232788655380593, -0.42177411791800506, 0.8993898570443049
-0.055913335111563135, -0.46082088665808446, 0.8827823658608794
-1.1762712657202579e-15, -0.5000000000000028, 0.866025403784437
-6.399711186308539e-16, -0.5000000000000028, 0.8660254037844372
0.05557365975066483, -0.46048682314618944, 0.8822986624975294
0.11195140057319504, -0.42115446884210717, 0.8983843937047741
0.1664365457048633, -0.3777150999990547, 0.9086114484732675
0.2200682573293464, -0.3324449749950823, 0.9162196700934746
0.2708326460647763, -0.28353997349154353, 0.9179112162055942
0.32030568335663034, -0.23327108458212806, 0.9171883719487314
0.3664932791628563, -0.1802642344149396, 0.9109918621394251
0.4100804147329759, -0.1258607489830183, 0.9009889721802005
0.4502387428865289, -0.06975704457857962, 0.8860541522596068
0.49026833745454734, -0.013643872108975972, 0.8708738176327839
0.47094368897351035, 0.041997376678474155, 0.8792173757767071
0.4318237605789792, 0.09836627504356324, 0.8957102354293673
0.3886418371913804, 0.15308379558309113, 0.9063718120207469
0.34385291752952996, 0.2070014721150611, 0.9147017164959401
0.2957188927921864, 0.2583731454601885, 0.9176531374254773
0.24584739071522108, 0.3082860647286383, 0.9176908514923552
0.193507734422792, 0.35520123454508146, 0.912749588415763
0.13957648664153738, 0.3999641680574688, 0.9043928213233454
0.08413361555644751, 0.4413738772516753, 0.8912320682911336
0.02784330185799713, 0.48079069681747144, 0.8751875580840502
-0.027535693782199742, 0.4801020161007662, 0.8741980163117591
-0.0838550877097276, 0.4406698011526325, 0.890196163978608
-0.1397493943094536, 0.4003362484800729, 0.9049029615849434
-0.19307480968814733, 0.3546188068644768, 0.9118269831495873
-0.24586516302800532, 0.30821316026988904, 0.9176379857839805
-0.29548885698081817, 0.25818101931897064, 0.9172705242901038
-0.343394880390454, 0.2065231630108827, 0.9138640445060744
-0.38857623459655666, 0.1530957032124252, 0.9062689652477467
-0.42980669564110874, 0.0974519664597707, 0.8928327388675366
-0.47072243576692285, 0.041646063237822675, 0.8789401157100336
-0.49019710774094666, -0.013948326892668892, 0.8707489556714763
-0.45192670660100104, -0.07052624130045085, 0.8884510833449306
-0.4105420742868714, -0.1261067139612006, 0.9016848301887973
-0.3666023370526101, -0.18041904850212007, 0.911213516975192
-0.3204161439043971, -0.23333891819581337, 0.9173418386398124
-0.27147925182866783, -0.28416604669525347, 0.9190590856396966
-0.2200830346383611, -0.3324039854987607, 0.91618930930584
-0.16680074701263312, -0.3780519725400933, 0.9092354751962883
-0.11218945311683168, -0.4213884022661582, 0.8988549516028361
-0.056103094332411375, -0.46154341548107475, 0.883947580749784
-1.376978263671006e-15, -0.5000000000000032, 0.8660254037844368
-1.5187577473646337e-15, -0.5000000000000032, 0.8660254037844368
0.055822983840922324, -0.4603292793312404, 0.8821573515816657
0.11205344543622311, -0.4207400297019991, 0.8979838906003246
0.16646490169417852, -0.37738745752274644, 0.908324224172375
0.21947508571771138, -0.3312262076520175, 0.9145591754017526
0.27123398546636623, -0.28368177268841327, 0.9183980696427384
0.31942053236981943, -0.23221298489049838, 0.9154181778499333
0.3673322593654079, -0.1805598221178463, 0.9120150583025997
0.4091805693972125, -0.12518991290234532, 0.899457730685641
0.4506034182752661, -0.06963850236769331, 0.8862818894366131
0.4906278525391128, -0.013685176038770928, 0.8709266875981847
0.4713411668999703, 0.04231406929331943, 0.8800563757912637
0.43101498686244255, 0.09823875571531944, 0.8947824601826575
0.3894023933654555, 0.15372555505039967, 0.9076573749655503
0.34374155036845744, 0.20702317790998465, 0.9146188137150468
0.2961516543936808, 0.2589134499461639, 0.9185305362992948
0.24573060447224615, 0.3081636837228564, 0.9174644610983524
0.19396411676549502, 0.35592933156117984, 0.9138229716794688
0.1395648799533377, 0.3998164763732487, 0.9041984569695395
0.08428673132358049, 0.4418200734230856, 0.8918915016467035
0.027991765259664347, 0.481027457885964, 0.8755404912053832
-0.02788423672745138, 0.4806137812166959, 0.8749428591387427
-0.08397543986993022, 0.4407958828316217, 0.8904736609276644
-0.13968858574142795, 0.3998526383266109, 0.9043323357572999
-0.19326493951060214, 0.3547852645384746, 0.9121454897863308
-0.24593391856489694, 0.30815254951966164, 0.917639912460314
-0.2955357425128392, 0.25818291831897466, 0.9173060998364118
-0.3438931879135673, 0.2068631698187107, 0.914610125192156
-0.38837244454803094, 0.1529817011818766, 0.9059604507751435
-0.43122091998826073, 0.09805974476274062, 0.8948270056283724
-0.47097884908166815, 0.04197610357033664, 0.8792696188135705
-0.4904965399550007, -0.013926946676708329, 0.8710026497406749
-0.45109150078125226, -0.07006844411882909, 0.8872079615013342
-0.4099279479844079, -0.1257626985695694, 0.9007181119439256
-0.36673597723162527, -0.18033430734534336, 0.9112531440961102
-0.31993574172379147, -0.2328703618864519, 0.9164736250465463
-0.2711676387469286, -0.2836352639533233, 0.9182900306254661
-0.2198332290760282, -0.33197028088826985, 0.9155578770180367
-0.1666876814774957, -0.37760133262061707, 0.9086609827280683
-0.11187495423758864, -0.42070806760435725, 0.8978895681238299
-0.05629019821676, -0.4617001532268162, 0.8840743218545303
-1.5869196148127207e-15, -0.5000000000000038, 0.8660254037844366
-2.489460495511777e-15, -0.5000000000000037, 0.8660254037844365
0.05623693230651647, -0.4617885813003468, 0.8843195943969373
0.11179389341990967, -0.4202962273420324, 0.8973819325178346
0.1672149101030864, -0.3785185115276681, 0.9100315450174609
0.21973218949573228, -0.33167794772908843, 0.9152013086212113
0.27134971238478156, -0.2838436117227884, 0.918644672401066
0.3198632527038153, -0.2326531799652375, 0.9162031804506774
0.3666600069419322, -0.1803050222081557, 0.9111133736841235
0.40987759092837406, -0.12554486672006593, 0.9004999150188583
0.45160881873817815, -0.0702151459154142, 0.8877583210027327
0.49034312118651824, -0.013810807327404181, 0.8706278817472473
0.4711890760259768, 0.04211247438590655, 0.8798307274429001
0.43072533923827927, 0.09805192875176288, 0.8943055555433067
0.38929609371586354, 0.15364046702431094, 0.9074428315933563
0.3435187771099599, 0.20680553017106643, 0.9142079512824263
0.2962884910353837, 0.2590056727056468, 0.9187357991264496
0.24564502097286017, 0.3080396435761079, 0.9172674737164194
0.19395715702220492, 0.3558911811288363, 0.9137655463312025
0.13954477133682122, 0.39970282967798154, 0.904032885131531
0.08443353336582846, 0.4421822722831429, 0.8923822005838706
0.027990602478929236, 0.4807977395323937, 0.8751928238074222
-0.02805263062276748, 0.4808309438296433, 0.8751977185343848
-0.08425352757590748, 0.44145396269255893, 0.8914044418711715
-0.13930142505264687, 0.3991162650083758, 0.9032701999828576
-0.19321920985154875, 0.3545397666781966, 0.9118529370385002
-0.24599960259865328, 0.30824084999367013, 0.917775647942864
-0.2952809248513276, 0.25783158243949494, 0.9167424575772585
-0.34407124019666147, 0.20689145973587764, 0.9147784706685098
-0.38790481021472667, 0.1526568346162417, 0.9051787778442949
-0.43043210464027704, 0.09756570657714017, 0.8935726446365415
-0.4717234143486297, 0.041999866136163376, 0.8801967820387455
-0.4900661998311089, -0.013974604485784317, 0.8708539351436096
-0.45148890973177175, -0.07049968472444812, 0.8879798215756942
-0.41041718190503834, -0.12616980452510587, 0.9015833012354952
-0.36684821424673486, -0.1806456367613898, 0.911618275680023
-0.32038593875184884, -0.2334009390768778, 0.9173560140455347
-0.2715525302210724, -0.2842667967605204, 0.9192142492920876
-0.22021587954413221, -0.33260056255628556, 0.9164651230959098
-0.16696134974699497, -0.3783081907373275, 0.9095768930745898
-0.1121417471432455, -0.4212584137946165, 0.8986389462347252
-0.056325335282663654, -0.4618687818611509, 0.8843457611042215
-1.8037600493098216e-15, -0.500000000000004, 0.8660254037844364
-3.5658512599544645e-15, -0.5000000000000041, 0.8660254037844364
0.05624664984341596, -0.46117750876504293, 0.8833152143975019
0.1121477278160369, -0.42116739044062446, 0.8986030482022056
0.1661391742340777, -0.3765893843815979, 0.9072309174109702
0.2199606031904668, -0.3317140949912955, 0.9154228415656803
0.2706345790770666, -0.2829929474039961, 0.9172111884985719
0.3196429448190392, -0.23225650237349454, 0.9156284922575864
0.3665661961899024, -0.18011035905094483, 0.9108157453215759
0.40913748993328936, -0.12505617282642073, 0.899281885333858
0.45099202641572383, -0.06971211996715723, 0.8867254585733141
0.4906491101815456, -0.013734234926212252, 0.8707214166655288
0.47078448540486395, 0.042281316670523955, 0.8794723143877434
0.43187148158403516, 0.09869390327107432, 0.8960559383873765
0.38923538548107445, 0.1537367397662939, 0.9074648239793077
0.34391583356470357, 0.2072231506682427, 0.9149341522542862
0.2962473857807033, 0.2590505893093932, 0.9187366578844343
0.24593145175323294, 0.3084501008286515, 0.9178945886752217
0.19373160812157503, 0.3555851608197793, 0.9132645712329346
0.13994526441996832, 0.4004573454500876, 0.9051030193092668
0.08431998050124152, 0.4418004897217927, 0.8918743690509543
0.02804586357534072, 0.4809725819917345, 0.8754837166684275
-0.028083967072745818, 0.4808877739496191, 0.8753664309167482
-0.08422922969339314, 0.441236264448885, 0.8911581880733004
-0.13951819413846056, 0.3993951107387783, 0.903707290103394
-0.19329545638703283, 0.3545965081089072, 0.9119596690455396
-0.24619767106272641, 0.30840996975628066, 0.9181069480917023
-0.2954868919233972, 0.25798187737946093, 0.9170594404313954
-0.3442177715062143, 0.20704053453337562, 0.9150309830955538
-0.3883035505871865, 0.15282917037711402, 0.905732094046341
-0.4312659411852576, 0.09803576330304499, 0.8947737911620832
-0.4710553511566977, 0.041928027693889286, 0.8792833949596643
-0.48999516853807024, -0.013883882505849088, 0.8706744369865019
-0.45155920448358894, -0.07047588371873593, 0.8879576841544403
-0.41053543981296925, -0.12609155735983324, 0.9016233751387803
-0.36723507992265636, -0.18079709253763324, 0.912085474783539
-0.3202526233682423, -0.23317951188163133, 0.9170280032071552
-0.27128000418627624, -0.2838397520661261, 0.9185710409636625
-0.22037996153960326, -0.33263497725829383, 0.9166391777887724
-0.16694261459545157, -0.37814088640537774, 0.9093886440364061
-0.11211039964488033, -0.42096142930961666, 0.8982896246829668
-0.056315819207732806, -0.4619024197693996, 0.8845031881677807
-2.0245036116278703e-15, -0.5000000000000042, 0.8660254037844363
-4.7655269697047425e-15, -0.5000000000000041, 0.8660254037844362
0.05612330919233778, -0.4611951940523594, 0.8836083620443898
0.11194652808605887, -0.42033229396023, 0.8975122465249655
0.1670943260537336, -0.37819960432228106, 0.9095809017918919
0.21992520362477486, -0.33179915672693666, 0.9154649586656569
0.27126540815705635, -0.28367398284338885, 0.9184058305742699
0.32031115274177696, -0.23296865080754822, 0.9168780682425114
0.3666137568358985, -0.18022375619115008, 0.9109779025179894
0.41079520660892854, -0.12598236262188137, 0.9017743554181759
0.4513516499797651, -0.07021079387877004, 0.887415899728117
0.49022068420264214, -0.013789003814158388, 0.8705816116943806
0.4709780896908964, 0.042153773371248066, 0.879419915002067
0.4318752868205489, 0.0984851841707648, 0.8958418043847325
0.38895090067414784, 0.153395496432772, 0.9068531731710889
0.343795588238084, 0.20692014925328117, 0.9145356503477897
0.2965452655173755, 0.2591315245159187, 0.9190833397963953
0.24585476244296484, 0.3081870911609181, 0.9175762972515085
0.19374953899772146, 0.355410785665274, 0.913103937922607
0.13985630556724077, 0.40014604076445015, 0.9047172693298322
0.08427430364900348, 0.4413941456625702, 0.8913526731733705
0.02800283408828808, 0.480721213525696, 0.8751858122381831
-0.028074328478770946, 0.4810087851591853, 0.8756500954125797
-0.08426943768477911, 0.441470611047697, 0.8914829832813389
-0.13995707236535163, 0.4002520923670319, 0.9048831504237584
-0.19376550934442074, 0.3554719636593769, 0.9131724183109067
-0.24618096465641964, 0.3085338147349117, 0.9181975674967146
-0.2960471456954704, 0.2586823171598987, 0.918210961787046
-0.3441150052255355, 0.20719554924732037, 0.9150706511771536
-0.38901784926739963, 0.15342761318214157, 0.9069530152691709
-0.43172123273147733, 0.09850085384898007, 0.8956651468207572
-0.47128987029428115, 0.0422252535065514, 0.8799716505886261
-0.49037959571305, -0.01389591946502399, 0.8706719767450737
-0.45217870862568843, -0.07043804329570819, 0.8885954431603934
-0.4102113071615316, -0.12576531146684064, 0.9009644941720744
-0.36726044233552735, -0.18060273898657983, 0.9119124924611808
-0.32012898888964597, -0.2329067354314785, 0.9166589227506486
-0.27124822975936763, -0.28360410995722757, 0.9183208986896133
-0.2202613939601386, -0.3323462947928493, 0.9162493759209238
-0.16677983869580654, -0.3776366885889955, 0.9087505693842728
-0.11254478064877169, -0.42183209753446865, 0.8995583297207372
-0.05612485797075002, -0.46085359302527495, 0.8830152979034515
-2.2453826992174797e-15, -0.5000000000000044, 0.866025403784436
-6.111336638329157e-15, -0.5000000000000044, 0.866025403784436
0.05637780259401406, -0.461865464780081, 0.8844048745361254
0.1122716785861098, -0.4213580709725372, 0.8988142494243726
0.16706339766337303, -0.3783235532738756, 0.9096353640112764
0.2202459488495458, -0.332500284802321, 0.9163772114809449
0.27150765273728045, -0.2841224060354016, 0.91903866107832
0.32061048376586915, -0.2334889678754404, 0.9176290985408164
0.36730672869953834, -0.180868409320925, 0.912187202390306
0.41097841251788675, -0.12634722901422263, 0.902252647128027
0.4516648672444547, -0.07050001011973983, 0.8881524319157008
0.4903677333611714, -0.014072820086670266, 0.8710306327428223
0.47121114933000374, 0.042077506576121075, 0.8794901671574111
0.4311692607264782, 0.09806617232182559, 0.8946867454793421
0.3890097370776876, 0.1532770184664225, 0.906774587318075
0.3436938122224991, 0.2067308138192509, 0.9142568239500324
0.2963120786644694, 0.25877236700584394, 0.9185336570887397
0.24588412449080993, 0.308093336175315, 0.9175109851666137
0.19371410061192373, 0.3552111129018908, 0.9128731524490915
0.1398358792434131, 0.4000092350566857, 0.9045546816800141
0.08421377149796436, 0.440964911368804, 0.890794422939041
0.027823842412625928, 0.4801476426075406, 0.8745218059855341
-0.028061992161636646, 0.480937156533402, 0.8754883801414901
-0.08443283384983319, 0.4419747221694442, 0.8921246609982718
-0.13997693902411862, 0.4004752241375015, 0.9051059045234534
-0.19397249705294298, 0.3559038561308614, 0.9137350644216782
-0.24619090638874613, 0.30870050828918827, 0.9183556416114267
-0.2963695448152064, 0.25911881480239785, 0.9189072537439049
-0.34424566913804955, 0.20742301218304277, 0.9153786182089696
-0.389426210355759, 0.153799341503346, 0.9076422221337486
-0.4317162939895539, 0.0986164860934269, 0.8957723745217887
-0.471133665387376, 0.04233931211242578, 0.8799068308008338
-0.4901432585530623, -0.0136395749372172, 0.8704640712671017
-0.45103504265063066, -0.07000967604220143, 0.8869189294069222
-0.41106715869233246, -0.12612162999531826, 0.9020789434361486
-0.36650413413489347, -0.18006806637757264, 0.9107164801855833
-0.3207089077886168, -0.2332734700946122, 0.9175144559209396
-0.2710311689128384, -0.2833582866887062, 0.9178888665696036
-0.22022361926072315, -0.33213416862617073, 0.9160239245094586
-0.16677408402892985, -0.37760800451207, 0.9087045175277997
-0.11223169298278568, -0.4208195293270631, 0.8981717076044816
-0.055910528898142874, -0.4602644226892096, 0.8823110111017
-2.461138931542095e-15, -0.5000000000000046, 0.866025403784436
-7.63349882190042e-15, -0.5000000000000047, 0.866025403784436
0.056405408239387785, -0.46210536103112765, 0.884779603756257
0.11237864793483678, -0.42160003710867433, 0.8991300829472839
0.16710542981960205, -0.3784005063221839, 0.9097216760065466
0.2202143232193739, -0.3324794178198383, 0.9163265948744923
0.2714074770934408, -0.2840472546921952, 0.9188747868205289
0.3204192687104064, -0.23336971981016902, 0.9173292363167183
0.3669641132721596, -0.18070012675269165, 0.9116958175084591
0.41079915082707613, -0.12632894036672615, 0.9020189706928115
0.4519790239233721, -0.07067699331776721, 0.888590207486636
0.4900687573555019, -0.013977567413225412, 0.8708609748038686
0.4706237728361625, 0.04183473072251227, 0.8788420455796614
0.4310071591786805, 0.098098355904585, 0.8944763864222803
0.3890755124685741, 0.15327902890191636, 0.9068343865922166
0.3438456277350127, 0.20689888189399253, 0.9145334403259797
0.29593697979822375, 0.25843221467663985, 0.9178665909602213
0.24608512361624646, 0.30833327421391277, 0.9179150456570333
0.19370102427471503, 0.3552413379256404, 0.9128738336366637
0.13989336256492543, 0.40008664099355407, 0.9046476968202523
0.08429010001651147, 0.44119486798408625, 0.8911021362099338
0.027881599053990284, 0.4802613474704163, 0.8746478574440169
-0.028075057113659846, 0.48104145778461754, 0.8757570365912972
-0.0844252270395081, 0.4418038261652314, 0.8919243874022416
-0.13990697546393513, 0.400262747089877, 0.9048227369282958
-0.19394451208820312, 0.35580809469439123, 0.9136084582798432
-0.24619314458366023, 0.30865608183495596, 0.9183112696870588
-0.296405170967036, 0.25910648754180826, 0.918924622915394
-0.3443444555934151, 0.20744975561508341, 0.9154757129128664
-0.3896102057979023, 0.1538533179432331, 0.9078307455027159
-0.431760886429513, 0.09857838432161936, 0.8957612532488839
-0.4710775776690111, 0.042300164344242185, 0.8797172821059184
-0.49050680562195187, -0.013933124450425629, 0.8708636725646973
-0.45110534590998785, -0.07011147933208049, 0.8871643504952083
-0.4109991005140953, -0.1262260871623978, 0.9020779924063627
-0.36662622186691163, -0.18027334728987646, 0.9109898085629426
-0.32052267218355546, -0.23322630040625114, 0.9172844708815491
-0.27144687437238857, -0.28391368236120434, 0.9187847855508697
-0.22004704575620684, -0.33207075799229796, 0.9157864689080913
-0.16704667649709662, -0.37807939594677603, 0.9093492753300945
-0.11230981027744397, -0.4213392507255699, 0.8988174235685813
-0.05627852556398691, -0.46124202703500006, 0.8835033607652872
-2.6647520995348728e-15, -0.5000000000000046, 0.8660254037844359
-9.37283334643742e-15, -0.5000000000000047, 0.8660254037844359
0.0562551389793388, -0.46140012462436475, 0.8838988555729992
0.11250671961691128, -0.42175622232171, 0.8993951968032393
0.16727045184131006, -0.37852824767110993, 0.9099636057271223
0.2203192653804815, -0.3324842458783758, 0.9164166396009862
0.271483113576653, -0.2840070032240256, 0.9189042212431866
0.3204914086538212, -0.23332067077149582, 0.9173423726997905
0.3670700076739503, -0.18066760363617512, 0.9117413185653094
0.41084708803140035, -0.1262569051153065, 0.9019744631117605
0.45193860456423485, -0.07057239791269668, 0.8884310996922611
0.49026216709303544, -0.01397632508226041, 0.8709059874733995
0.47126701977450663, 0.04215037129077644, 0.8798601170630457
0.431392910769666, 0.09831939732693684, 0.8951181190158066
0.3892201018280652, 0.1534989938853796, 0.9071349267234019
0.3440305483371712, 0.20710469090201494, 0.9148708483172479
0.2961422845991736, 0.25873235693517904, 0.9183307584848628
0.2461026447951189, 0.3084152384045835, 0.9180026557283607
0.19389331068817195, 0.3556297702651274, 0.913382338127104
0.13977412123739902, 0.3998728322793319, 0.9043030842501225
0.08453416810614398, 0.44200679449288505, 0.8921812292912252
0.02808485864471969, 0.48070434104829174, 0.8750899320409133
-0.028133252493138767, 0.48109055683461965, 0.875790252451168
-0.08442840121135103, 0.4417178472654222, 0.8918242707008502
-0.13995827085801948, 0.40028050203891696, 0.9048549021944096
-0.19407915098703843, 0.35592653154946924, 0.9138149171656502
-0.24620683229224405, 0.30859196438583036, 0.9182606881106977
-0.29631337005400576, 0.25894748109244026, 0.9186896938240652
-0.3441353341213086, 0.2072330943818308, 0.9150779076389153
-0.3893660209620631, 0.1536676993928831, 0.907413780795383
-0.4317842047701979, 0.098555610290258, 0.8957259555830857
-0.47121934361757023, 0.04222912337175616, 0.87991778314742
-0.49032646695936066, -0.013922146592294201, 0.8707425375047103
-0.45159076997066044, -0.07037649092405315, 0.8877949683387847
-0.41068952058585767, -0.1260768083898653, 0.9016535156732879
-0.3672872534929271, -0.1807171979813992, 0.9119693352508847
-0.32040939634105886, -0.233193606234435, 0.9171523859057626
-0.2713080162636877, -0.2837668674019547, 0.9185158362931165
-0.220237648100134, -0.3323106923390131, 0.9161766049628188
-0.1672453771482365, -0.3784772391411148, 0.909871606251027
-0.11219984581174497, -0.42104889137275664, 0.898395185120829
-0.0564561880896439, -0.4618483531571132, 0.8843338857799943
-2.8468980645124375e-15, -0.5000000000000048, 0.8660254037844359
-1.1385857159609773e-14, -0.5000000000000047, 0.8660254037844358
0.05639267306277436, -0.46188149860808336, 0.8845286141240971
0.11241779741704276, -0.4214736954236904, 0.8989830334811223
0.16709575926481518, -0.3782156201941747, 0.9094925436110274
0.2202125890204894, -0.33233685754292186, 0.916163630651513
0.2714825473908536, -0.2839951180428953, 0.9188913354202763
0.3206131572699409, -0.23339413913702609, 0.9175230087528324
0.36735488483926415, -0.18080996756068887, 0.9121070300558046
0.4109393083554712, -0.1262499425326448, 0.9020385352222161
0.4516613870359333, -0.0704128851176806, 0.8880222764157009
0.4905603617360298, -0.014069916686610945, 0.8710479485803019
0.4708876485620273, 0.042122761204463795, 0.8792214753705324
0.4320617406530137, 0.09858701412575367, 0.8960142682906646
0.38907688871331814, 0.15345144868142976, 0.9069329535859632
0.3439689339307636, 0.20703704727072825, 0.9147344899621457
0.29641928828838465, 0.25898391479403393, 0.9188214536410775
0.2460834195804493, 0.3084202758682271, 0.9179786283631517
0.19377491653844842, 0.3554235200009323, 0.9130721374988043
0.14000715107392303, 0.40028664380643375, 0.9048598968245354
0.08441725481773243, 0.4417550698639748, 0.8918487321171948
0.028195392027230662, 0.48102430236235416, 0.8754771863093496
-0.028092637948540222, 0.48095232147898176, 0.8756113928454741
-0.08437298166321643, 0.4415049430027104, 0.8915274237893029
-0.1399483609360228, 0.40022889361713254, 0.9047713057122145
-0.19419136108081486, 0.3560365477050519, 0.9139932348092645
-0.24614323781437872, 0.308458857757738, 0.9180723671983666
-0.29617347818654916, 0.2587740462660243, 0.9183925671174449
-0.34405257337371076, 0.20713877525920876, 0.9149054393732692
-0.38954876682001754, 0.1537190662404081, 0.9075941287030627
-0.4315300142870822, 0.09839234631028751, 0.8953030810568824
-0.47147752285471345, 0.042318324595692236, 0.8800499830082246
-0.49015300041973286, -0.013802735382735479, 0.8707136870483831
-0.45136550742048076, -0.07031785987126336, 0.8874933759243682
-0.41082486590832645, -0.12613333668677915, 0.9018151324730206
-0.36717920034029095, -0.18067428264029423, 0.9118074654641216
-0.32028760237730347, -0.23309012593710832, 0.9169304280367269
-0.2713628848063992, -0.2837995703493027, 0.9185926903108567
-0.2205332639726788, -0.3327076647170579, 0.9167926308478395
-0.1670464688092793, -0.37813452758012733, 0.909353649413003
-0.11223867233185775, -0.42102271731227175, 0.8983550175855148
-0.05638499290870294, -0.4618610927191245, 0.8844904673875253
-2.993915879101472e-15, -0.5000000000000047, 0.866025403784436
-1.3753132209325462e-14, -0.5000000000000046, 0.866025403784436
0.056163803997787067, -0.4610491044458295, 0.8834038073030677
0.11253376685191215, -0.42165631680481624, 0.89923739673131
0.16701265166083237, -0.3779993226744357, 0.9091985773849282
0.2202037861859158, -0.3322614598470671, 0.9160721975465361
0.27152185215445007, -0.2839709514723612, 0.9189011261054778
0.3206463821514292, -0.23332988381338268, 0.9174786351378212
0.366756149320526, -0.18035510432191304, 0.9111329965792668
0.4108039076479279, -0.12613310615025597, 0.9017506338437382
0.4519141652788851, -0.0704263161275369, 0.8882109671063501
0.49044124251034715, -0.013986323550492445, 0.8707136801633315
0.4707317286129614, 0.04207857038465423, 0.8791721135850004
0.43175956719393527, 0.09856201863903333, 0.8956326041081775
0.3890079619507794, 0.15346706795422516, 0.9068615892004627
0.3440701031386897, 0.20717302921928288, 0.9149288055444089
0.296466098277795, 0.2591107776246197, 0.9189817740177866
0.2459939542826, 0.3083876651101684, 0.9178576744063472
0.19377004040379506, 0.35548495308603234, 0.9131037261536039
0.14002849596208022, 0.4004124961889535, 0.9049685850037176
0.0844116972887173, 0.4418154106961295, 0.89188065715662
0.028156173923534075, 0.48103472464926333, 0.8754920937496162
-0.028047077787931512, 0.4806063045684368, 0.8750036859738256
-0.08440205429312603, 0.44135306027517773, 0.8912093190403944
-0.1397673273432854, 0.3998562792155733, 0.9042440865485262
-0.19378802103268372, 0.35530528380888926, 0.9129565550817806
-0.24595316590525207, 0.3081846305889653, 0.9176281857849937
-0.29594466527920116, 0.25842245335500474, 0.9178420804293546
-0.3437740876785337, 0.2068519824442469, 0.9143832079396607
-0.38901336100582573, 0.15324984928684524, 0.906662558551129
-0.4314673610225835, 0.09828519201633829, 0.8949934386732821
-0.4709300909851335, 0.04203581509458971, 0.879025530533388
-0.4903493350828231, -0.013973051147617075, 0.8712034772335263
-0.4512025386925893, -0.07038415759067981, 0.8874606962118753
-0.4109518732823529, -0.12635934484377914, 0.9021062929818838
-0.36708246238922015, -0.1807769912412323, 0.911789546870844
-0.3202655984708785, -0.23323842768474234, 0.9170384320192697
-0.2712848945047373, -0.2839003061319226, 0.9186111945044192
-0.22028730992108264, -0.33255269606444127, 0.9164207778025761
-0.16719554198634912, -0.3785669631795699, 0.9098518068659918
-0.1121900672223083, -0.42119966843554685, 0.898480783399601
-0.056382256426190235, -0.4618196448370787, 0.8842202376474926
-3.085530962676497e-15, -0.5000000000000044, 0.866025403784436
-1.6593574770792717e-14, -0.5000000000000044, 0.866025403784436
0.05628278975904564, -0.46092918528184235, 0.882847027845268
0.11260746992403291, -0.42179267577876567, 0.8993886320044732
0.16662287905688317, -0.37732865903542523, 0.9082225439230989
0.22040659178876235, -0.3324125852104479, 0.9164011805995095
0.2709297949105687, -0.2832928523909425, 0.9177042138816073
0.3207937446623887, -0.23339225236053263, 0.9176690909491665
0.36634487464473564, -0.18005407955113323, 0.910470730027932
0.4112223355040424, -0.12625446484694905, 0.9022402410866788
0.4512995750000275, -0.07025667669030508, 0.8872238165288425
0.4903060128499185, -0.013879617458820097, 0.8706253926923635
0.47090004913483163, 0.04217698390827529, 0.8793033591267602
0.4317483854289681, 0.09856153350429492, 0.8955781941740673
0.3887461121067531, 0.15328958871373288, 0.906440803220578
0.3438162701231768, 0.20701173487067337, 0.9145462616476078
0.29623591719616404, 0.2588355745731862, 0.9185006833639067
0.245798859304309, 0.3081571934377231, 0.9174488676731445
0.19374128345487412, 0.3553716198342406, 0.9129555387498567
0.13952839923752852, 0.39945594440218235, 0.9036196004549082
0.08450881076107314, 0.4421302785180674, 0.8922750610577532
0.028157686445837105, 0.4808957255660258, 0.8751899192929141
-0.02803235022236939, 0.48069276330181354, 0.8750875409666827
-0.0845392613286464, 0.4419540010137366, 0.8919500461386383
-0.13989725790106255, 0.4002547731482129, 0.904680938443045
-0.19385089928757107, 0.35562273251153576, 0.913277133860689
-0.24607604495708335, 0.30855230567080805, 0.9180844824516519
-0.29612642521544486, 0.2588506656144503, 0.9184127276759447
-0.34393273840299066, 0.20720932213922666, 0.9148333309599672
-0.3891302508467947, 0.15363342578446984, 0.9070822910719444
-0.43164135892443856, 0.09864655470031909, 0.8955422336812355
-0.47120743913473073, 0.042438278876694685, 0.8798167160631163
-0.49056062036462383, -0.013958119961797286, 0.8705310747281247
-0.45157114672895077, -0.07029458383729277, 0.8873448167031084
-0.4106112559853711, -0.1258049462366952, 0.9012684888668974
-0.36600101255268336, -0.17977034117598048, 0.9098937537575804
-0.32084339859347016, -0.23336470300629145, 0.9176868201793528
-0.2706863815423849, -0.28295085009818455, 0.9171442611020274
-0.22026645832636352, -0.33228012707008253, 0.9161152610024053
-0.16649304859963876, -0.37695024325181264, 0.9077283336146927
-0.11182265338903438, -0.42031490218385187, 0.8973250530512452
-0.056498067557094536, -0.4618255221533879, 0.8841610051356543
-3.094746681142624e-15, -0.5000000000000041, 0.8660254037844362
-2.0090364010954356e-14, -0.5000000000000042, 0.8660254037844363
0.056285168693953704, -0.4616939366145467, 0.8841568361395197
0.11237026769431294, -0.4216581998530324, 0.8990415416313781
0.16714231884150924, -0.3785628374372658, 0.9097638059322963
0.2202389122369574, -0.33263741091985605, 0.9164319500959682
0.2714447207889122, -0.284217714560343, 0.9190578583336887
0.32054522121053897, -0.2336085007073952, 0.9176301716104324
0.36724017025206573, -0.18102865505781718, 0.9121275520460397
0.41118636412856013, -0.12668192750260077, 0.9025538910665929
0.45205431918480465, -0.07084821805037833, 0.8887939015274046
0.49030847764938923, -0.014308990985173698, 0.871043854325189
0.4710859691935503, 0.042088148978228, 0.8786976754268175
0.4320534310099141, 0.09839376920836626, 0.8955697223570784
0.388283083287593, 0.1526894241938453, 0.9054563622609988
0.3433739173791008, 0.20648622156595028, 0.9136691272052315
0.295847864330114, 0.2581804776196802, 0.9175115403888892
0.24545284665962408, 0.3075564889455295, 0.9165456932506721
0.19378055518487436, 0.3551505909478898, 0.9127721344185473
0.13916309343685188, 0.39863018761189867, 0.9025207305978366
0.0845471337205112, 0.44211278394438575, 0.8922733717643039
0.028249748414965407, 0.4808924865335279, 0.8750536644644314
-0.028030727712900952, 0.4811132788177076, 0.8758063374517626
-0.0845636009583171, 0.44233536861280354, 0.8924724513375565
-0.14003671881664798, 0.4006484894954735, 0.9051235347481508
-0.19404685069915606, 0.3561336067765383, 0.9138903302062613
-0.24624539756567648, 0.30891397324615155, 0.9185815062797191
-0.2963096517392073, 0.25922169635124687, 0.9189322879885675
-0.3441074804576169, 0.20749167531471396, 0.9152297840954453
-0.38934949898711146, 0.1539470302001109, 0.9075285138126219
-0.4317254858660971, 0.09882085075035828, 0.8958074577989217
-0.4713678345272856, 0.04263297813167542, 0.880202027016547
-0.490575866222965, -0.013935780246528508, 0.8702251628297966
-0.45137818441894406, -0.07020548531742102, 0.8868367029654871
-0.411063280663531, -0.12599287363298783, 0.9018035900866054
-0.3659093932970366, -0.17963848093220694, 0.909667439273857
-0.3207165977533257, -0.23325756398811462, 0.9174725391332285
-0.27071263157445197, -0.28293865905790344, 0.9171495704587338
-0.220233763057973, -0.3322271568269414, 0.9160194418737159
-0.16651273243297096, -0.37697234786498995, 0.907749731774468
-0.11191141752631234, -0.4204841909666079, 0.8975418115679652
-0.056498030291995675, -0.46174425117067325, 0.8840041549373858
-2.9559688030644793e-15, -0.500000000000004, 0.8660254037844363
-2.454113276484742e-14, -0.500000000000004, 0.8660254037844364
0.05630084377656074, -0.4618441057866731, 0.88434265110498
0.1124221907624568, -0.421806234212394, 0.8991980469588332
0.1671860673197915, -0.37866135755389674, 0.9098633311412647
0.2202553465331133, -0.3326820434833892, 0.9164735067442176
0.2714340974290377, -0.28422447218425406, 0.9190526965228697
0.320524409037283, -0.23360361969979107, 0.9175981980294639
0.3672258322367119, -0.18102966153595879, 0.9120901226997911
0.41119075820027273, -0.1266951367379725, 0.902530692553584
0.4520805178136567, -0.07086424910221557, 0.8888139740221146
0.4903805225303659, -0.014349948345145604, 0.8710561295075272
0.4708269223954152, 0.041971380107471666, 0.8784409143700495
0.43131246255205413, 0.09817382847112884, 0.8945055872825829
0.38892569221229634, 0.1530878906858131, 0.9063533812082003
0.3432992820774325, 0.20642355796096365, 0.9135183260375136
0.2961960916499998, 0.25854507650236747, 0.9181820814782155
0.2454931409810755, 0.30758825463192857, 0.9166054409329929
0.19397252368279708, 0.3554845251688745, 0.9132268912588514
0.13927256719618988, 0.3988111528756201, 0.902760019707132
0.08456070724344619, 0.4421156438425303, 0.8922621523737315
0.028255761347943387, 0.480904243480461, 0.8750670067558579
-0.028152931000046736, 0.48131222413887553, 0.875806941760958
-0.08449531080833717, 0.44217280012478094, 0.892216863613972
-0.13997901348571873, 0.40055381320919226, 0.9049558678392349
-0.19397142615500335, 0.3560301714404428, 0.9137110768609813
-0.2462008286858029, 0.3088609958663411, 0.9184841498371827
-0.2963810863394169, 0.2592805111563874, 0.9190546244779865
-0.3442005109004788, 0.20755323134893605, 0.9153529330295198
-0.3894279512656641, 0.15398659162780512, 0.9076020496844546
-0.4318141928685373, 0.09885191106113538, 0.8958855533663236
-0.4715265415398975, 0.04265917506477217, 0.8803788295544891
-0.4905765511314661, -0.013732501055900313, 0.870713216777831
-0.45068477153539777, -0.06986630085437505, 0.8860851175448621
-0.4105930775131005, -0.12592109170758778, 0.9011495550169024
-0.3663983842773582, -0.17992031393526464, 0.9103180168629578
-0.3201637113486664, -0.2328525191136916, 0.9165767785882742
-0.2710073913236536, -0.28322238671097294, 0.9176942228909442
-0.22000862264133206, -0.3319422641409035, 0.9155288101452356
-0.1667473694655638, -0.3773453085989721, 0.9082695784140447
-0.11191945071774137, -0.4204339663519841, 0.8974695022085716
-0.05652508842635438, -0.46187475884588186, 0.8842169530269108
-2.609024107869118e-15, -0.5000000000000036, 0.8660254037844365
-3.0463906611263533e-14, -0.5000000000000036, 0.8660254037844365
0.05620559310766646, -0.4606613247928521, 0.8853765605841782
0.11183911859313146, -0.41936489318158615, 0.9006863450402204
0.16573016592186623, -0.3752205886887521, 0.9117054309147391
0.21758288762145897, -0.32856294156924254, 0.9186344533169392
0.26720611497005625, -0.27975583447780944, 0.9215374566451456
0.31444749802810984, -0.22915805476215484, 0.9205249230300485
0.3590321911178011, -0.1769826524398602, 0.9156580100455658
0.4006604435702851, -0.12343238558634886, 0.9070170241181408
0.4391337602215945, -0.06882105127612366, 0.8946238702719986
0.4752188949581068, -0.01398341057299827, 0.8788746052756025
0.45457340328791934, 0.04054639318746641, 0.8868643674825167
0.4145804222276337, 0.09443901041159997, 0.9017616103405828
0.3737432178390081, 0.14749188143472738, 0.914898482844096
0.32840617518469317, 0.19764279787193353, 0.9212519011240902
0.28248474614926466, 0.2467420571511429, 0.9262135018458431
0.2334083024125273, 0.29238538796620855, 0.9251327550690644
0.18381492930885873, 0.3366937723883052, 0.9225421279773531
0.13186438730103361, 0.3767921378550424, 0.9141836993386677
0.07973199540573768, 0.41576666839845355, 0.9048655551468238
0.026666910312257295, 0.45098182353993965, 0.8905313324584125
-0.026523838206509772, 0.44963117009458403, 0.8916031635597077
-0.07895517395156482, 0.4116508590984167, 0.9068526186814994
-0.13006289689990233, 0.37136193618125535, 0.9182093725742297
-0.17945682215109984, 0.3288802341539501, 0.9261541262775371
-0.22686161792181736, 0.2843185804410278, 0.9306264918917964
-0.27209167295529735, 0.23793111473917672, 0.931637290188484
-0.3148854717449348, 0.18990770972751586, 0.9291315439177812
-0.35512739028043927, 0.140540713541578, 0.923392330708428
-0.3926342745052729, 0.0900252256004751, 0.9145193282639217
-0.4270418479927294, 0.03864064507498981, 0.9019276428124073
-0.4432737552064798, -0.01295767716006662, 0.89544437679198
-0.4064097610713191, -0.06367314997048103, 0.9098377061044354
-0.36804220881709887, -0.11335992376182946, 0.9214489463077575
-0.3275860815056836, -0.16143537877263808, 0.929708305324903
-0.28513974963883193, -0.2077099155349335, 0.9348214052038402
-0.24083926718850585, -0.25185233330311957, 0.93662989469471
-0.19499982832135826, -0.29384617525245516, 0.9353912981383758
-0.14755785700455928, -0.3330786787412402, 0.9306528545685496
-0.09893452682430426, -0.3696118174836353, 0.9228857992908039
-0.04977192265721139, -0.4039312046549484, 0.91250396054885
-1.708702623837155e-15, -0.4358884709620618, 0.9000006893788225
