1.0083311963171582e-10, 38.6621152132138, -0.09999989999999633
-8.798453985870113, 36.823657523747165, -0.11219502195121583
-17.575326258697384, 34.98669581068786, -0.12439014390243536
-26.30606881399633, 32.84906381929887, -0.13658526585365488
-33.99902004960261, 27.970655213924307, -0.14878038780487438
-38.06970309110868, 20.542222154216525, -0.16097550975609387
-38.391128424312434, 12.974221860707456, -0.1731706317073134
-38.34095374518398, 6.232833548548578, -0.18536575365853292
-38.293251894179924, 0.329302882080193, -0.19756087560975244
-38.248342442633636, -4.73637036150061, -0.20975599756097196
-38.20514177819685, -8.964187105727499, -0.22195111951219143
-37.78375402205458, -12.338365063293121, -0.234146241463411
-34.14339879912967, -14.464164224774207, -0.24634136341463048
-26.87999998379335, -14.69757573281898, -0.25853648536585
-18.262087647378017, -12.861855945914497, -0.2707316073170695
-9.591146107088349, -11.063983926766578, -0.28292672926828905
-0.941378867255798, -9.225464604524843, -0.29512185121950857
3.543419156941722e-11, -5.906096834116937, -0.30731697317072804
3.286965414673238e-11, -3.17131876910166, -0.31951209512194756
2.9769728471517444e-11, -1.2743981654428067, -0.3317072170731671
2.6134414543772382e-11, -0.2153350231403799, -0.34390233902438655
2.19637123634972e-11, 0.005870657805607582, -0.35609746097560613
1.7257621930691914e-11, -0.6107811226048137, -0.36829258292682565
1.2016143245356548e-11, -2.065290364371652, -0.3804877048780452
6.239276307491022e-12, -4.357657067494927, -0.39268282682926464
0.9199437579230487, -7.332783197821437, -0.40487794878048416
9.446251152622555, -9.176363345383406, -0.4170730707317037
17.950766393426992, -11.041707028760687, -0.4292681926829232
26.34186319458569, -12.364494493682548, -0.44146331463414273
33.395971522866915, -12.673985439924287, -0.4536584365853622
36.838821794488126, -10.979385095186625, -0.4658535585365817
37.23986060851595, -8.068286116510398, -0.47804868048780125
37.1871036780978, -4.282885747848798, -0.49024380243902077
37.13919171278852, 0.3403756151538689, -0.5024389243902403
37.095415937451236, 5.801494280321228, -0.5146340463414598
37.05212681031331, 12.10046363411995, -0.5268291682926792
36.59272455367041, 19.202618384285238, -0.5390242902438989
32.610691728301745, 26.263194393817425, -0.5512194121951183
25.18193916338862, 31.0189224488628, -0.5634145341463378
16.77682523721994, 33.098321525618175, -0.5756096560975573
8.377623316242984, 34.93169097750682, -0.5878047780487768
1.4779288903810084e-12, 36.76891261997692, -0.5999998999999964
0.0, -36.76891261997695, -0.5999998999999964
-8.360745897899651, -36.74522602036063, -0.6121950219512158
-16.709315417660825, -36.72594068973175, -0.6243901439024354
-25.031360348366686, -36.41787624282741, -0.6365852658536549
-32.34350321921073, -32.73355514805986, -0.6487803878048743
-36.224377611664295, -25.51419131631781, -0.6609755097560939
-36.61774314375995, -17.205945389229257, -0.6731706317073134
-36.58798566841774, -8.867997645664708, -0.6853657536585329
-36.559019821821515, -0.5422162737699228, -0.6975608756097524
-36.534696359005984, 7.771391406477965, -0.709755997560972
-36.51665971766148, 16.07282070517915, -0.7219511195121915
-35.99364403898822, 24.304060311575306, -0.734146241463411
-32.61482401879175, 31.612765929439007, -0.7463413634146305
-25.649172383366828, 35.57378579000534, -0.75853648536585
-17.43055150917037, 36.41400779238835, -0.7707316073170696
-9.141813740690662, 36.38093689545469, -0.7829267292682891
-0.8652496889657669, 36.3479361635404, -0.7951218512195086
8.388853702117463e-11, 28.92174694795639, -0.8073169731707281
7.319452906248445e-11, 20.643173467256517, -0.8195120951219477
6.252070670091836e-11, 12.37677375445484, -0.8317072170731672
5.1867069936476386e-11, 4.122547809551375, -0.8439023390243866
4.1233618769158523e-11, -4.1195043674538905, -0.856097460975606
3.062035319896479e-11, -12.349382776560947, -0.8682925829268255
2.002727322589517e-11, -20.56708741776979, -0.8804877048780451
9.454378849949653e-12, -28.772618291080448, -0.8926828268292646
0.8559193843400708, -36.11071190441087, -0.9048779487804841
9.063454592892104, -36.090610226689435, -0.9170730707317036
17.258816084689304, -36.07043838394861, -0.9292681926829232
25.3880505441144, -35.29166705933534, -0.9414633146341427
32.25562566388925, -31.304555291345217, -0.9536584365853621
35.478723778714325, -24.00165825404767, -0.9658535585365817
35.96321901656577, -15.849870119068866, -0.9780486804878011
35.928671974752696, -7.667205313544968, -0.9902438024390208
35.90004284394132, 0.5032898347954156, -1.00243892439024
35.876292438448075, 8.661611368922733, -1.0146340463414598
35.85722370278378, 16.80775504419058, -1.0268291682926791
35.41760510855573, 24.901102956510584, -1.0390242902438986
31.52752633961236, 31.88018176171238, -1.0512194121951182
24.398737157413468, 35.53768423886091, -1.0634145341463377
16.25888477741937, 35.75187788952384, -1.0756096560975572
8.12335725229512, 35.717744190402435, -1.0878047780487767
1.4219736499399005e-12, 35.68838736684513, -1.0999998999999963
0.0, -35.688387366845156, -1.0999998999999963
-8.070923353563101, -33.97160367649466, -1.1121950219512158
-16.04914930621729, -32.25911591288113, -1.124390143902435
-23.927923225313176, -30.31972091388374, -1.1365852658536548
-30.781401276523333, -25.343963316102183, -1.1487803878048743
-34.67080429897072, -17.956727522740476, -1.1609755097560939
-35.404651569514044, -10.436952860002787, -1.1731706317073134
-35.53588801653384, -3.6912354812028507, -1.185365753658533
-35.52074118775596, 2.3319902731788664, -1.1975608756097524
-35.50031219530931, 7.655557407255918, -1.209755997560972
-35.48451189478024, 12.279886385737674, -1.2219511195121915
-35.08361120608369, 16.17982002303312, -1.234146241463411
-32.827686023954044, 18.80045066740046, -1.2463413634146303
-28.227156013992616, 18.509821246157852, -1.25853648536585
-23.061612264823715, 15.546788686375823, -1.2707316073170694
-17.474957325894238, 12.029152071392271, -1.282926729268289
-11.310478240437728, 8.855949942536846, -1.2951218512195084
-9.021318145274831, 2.199610691556652, -1.3073169731707281
-6.823582991308605, -3.905752668369285, -1.3195120951219477
-4.3216030699543975, -9.603170312160515, -1.3317072170731672
-1.5163520292329715, -14.905682942763061, -1.3439023390243865
1.5921695329902528, -19.813781668936322, -1.356097460975606
5.00396138941201, -24.327305765809218, -1.3682925829268255
8.719023433832637, -28.44289573303005, -1.380487704878045
12.73735565952572, -32.16048011069673, -1.3926828268292646
17.186622958525387, -34.067715923406226, -1.404877948780484
23.74524733079744, -31.443524405679966, -1.4170730707317036
28.54918415344483, -27.525498990975613, -1.4292681926829232
31.764660118385866, -22.780085853908865, -1.4414633146341427
33.9967024211894, -16.785484810981547, -1.4536584365853622
34.915851894469945, -9.79535831750307, -1.4658535585365817
35.03325729898297, -2.6555254286414733, -1.478048680487801
35.01118961797966, 4.4008394171514755, -1.4902438024390205
34.99462274596835, 11.364508644130225, -1.5024389243902403
34.91377984873345, 18.23399259294745, -1.5146340463414596
34.01566095490218, 24.889138621788664, -1.5268291682926791
30.809737933436956, 30.497931937923926, -1.5390242902438989
25.460578888962377, 34.005321895305045, -1.5512194121951182
19.067716172807494, 34.87476434143514, -1.5634145341463377
12.619473016501406, 34.86653075547137, -1.5756096560975572
6.263390320923056, 34.840530231823806, -1.5878047780487767
1.3751222383007189e-12, 34.81717614921478, -1.5999998999999963
8.828493491819245e-11, 34.81717614921478, -1.5999998999999963
-6.2130597251799005, 34.79906125660724, -1.6121950219512158
-12.418153004682505, 34.780754111784574, -1.624390143902435
-18.615279081688723, 34.75530505104816, -1.6365852658536548
-24.730693828779483, 34.07298887552937, -1.6487803878048743
-30.131592045907162, 31.228158153203402, -1.6609755097560939
-33.55233018302691, 26.1431494150115, -1.6731706317073132
-34.62893111570064, 20.10002420437078, -1.685365753658533
-34.65687513332581, 13.904481238280608, -1.6975608756097524
-34.630264032254686, 7.714332410647209, -1.709755997560972
-34.60627222677865, 1.5321478258081778, -1.7219511195121915
-34.58667588288468, -4.642070937583393, -1.734146241463411
-34.56932926733014, -10.808321800586883, -1.7463413634146305
-34.55470526289194, -16.966604459841115, -1.7585364853658496
-34.31131364390164, -23.111678977987417, -1.7707316073170694
-31.92491041473207, -28.70707782277839, -1.782926729268289
-27.38341123928221, -32.72833320978387, -1.7951218512195086
-21.519471742444274, -34.43460519978248, -1.8073169731707281
-15.363361192093416, -34.44610277715298, -1.8195120951219477
-9.21204293317934, -34.419595428248954, -1.8317072170731672
-3.0686895174204043, -34.395727910598296, -1.8439023390243865
3.0666977314511232, -34.37505065623172, -1.856097460975606
9.19411837477816, -34.35681677233197, -1.8682925829268253
15.313571753349006, -34.33429571313822, -1.8804877048780453
21.425051839769047, -34.30787122980088, -1.8926828268292646
27.197347024489382, -32.492982486674926, -1.9048779487804839
31.72863691100368, -28.49712198664398, -1.9170730707317034
33.92148653675929, -22.882890645293674, -1.9292681926829232
34.23825790399968, -16.778093820141667, -1.9414633146341427
34.20925680183576, -10.665619928849036, -1.953658436585362
34.185010138575116, -4.561108043881714, -1.9658535585365815
34.163419571564404, 1.5354377720981325, -1.9780486804878012
34.143758848031865, 7.624017420047761, -1.9902438024390208
34.12868744692968, 13.704627719698797, -2.00243892439024
34.02993473577194, 19.775320527044457, -2.0146340463414596
32.97280976979744, 25.693416724816004, -2.026829168292679
29.476043497706787, 30.551987286761527, -2.0390242902438986
24.224126295460028, 33.44941199556819, -2.051219412195118
18.197041212895314, 34.02389180409241, -2.0634145341463377
12.123394561554274, 33.999596425454605, -2.075609656097557
6.057714749645587, 33.9742036518659, -2.0878047780487767
1.3287149158713873e-12, 33.951150745430304, -2.0999998999999963
8.527933914592722e-11, 33.95115074543031, -2.0999998999999963
-6.089138862895005, 32.31874452869308, -2.112195021951216
-12.24908834437413, 30.686477660260294, -2.124390143902435
-18.476480860219535, 29.075660056432046, -2.136585265853655
-24.615331710396916, 27.17413732798938, -2.1487803878048743
-29.818641349595453, 23.98781745730367, -2.160975509756094
-32.837101860027495, 19.563387970177136, -2.1731706317073134
-33.76263715081083, 14.96612258268625, -2.185365753658533
-33.789008759280044, 10.890010240439011, -2.1975608756097524
-33.76398068030766, 7.47282441719006, -2.209755997560972
-33.74213606123656, 4.717059897790719, -2.2219511195121915
-33.635351209422346, 2.6149856184022995, -2.234146241463411
-32.66024819968105, 0.9303089986313946, -2.24634136341463
-30.534186996584438, -1.0574495302028613, -2.25853648536585
-27.577743212257264, -3.653413140185517, -2.2707316073170696
-22.8967123155208, -5.786932801372693, -2.282926729268289
-16.691617556998082, -6.718793942879184, -2.295121851219508
-12.400225671980877, -8.95958618598407, -2.307316973170728
-8.489988058932106, -10.812991498458189, -2.3195120951219477
-4.872515402177042, -13.002423950645408, -2.331707217073167
-1.5503458810110207, -15.559510511206524, -2.3439023390243863
1.4765198050555621, -18.48434303342451, -2.3560974609756062
4.208081444404162, -21.776365917028098, -2.3682925829268253
6.644338588530812, -25.43232211154056, -2.3804877048780453
8.78528709206044, -29.452768919705964, -2.3926828268292644
10.921179016294703, -32.720034503653466, -2.4048779487804843
16.688982595964717, -31.30408605676014, -2.4170730707317034
21.81983705754792, -29.536329515841118, -2.429268192682923
26.578474057310707, -27.50232262630919, -2.4414633146341425
30.82365814515785, -23.47483094243674, -2.4536584365853624
33.08680225785215, -17.431090123366513, -2.4658535585365815
33.30274230560182, -10.731606724313636, -2.478048680487801
33.27785869311056, -3.9402192305750097, -2.4902438024390205
33.25672848532437, 2.921984062180692, -2.50243892439024
33.22361264403581, 9.854664196788818, -2.5146340463414596
33.05808193418191, 16.83703471881813, -2.526829168292679
32.29916587147245, 23.751827005011435, -2.5390242902438986
28.544580032450373, 29.66029505065962, -2.551219412195118
22.15485974679994, 32.766281883353635, -2.5634145341463377
14.869169735079872, 33.1202735648315, -2.575609656097557
7.470037698992902, 33.110032229803274, -2.5878047780487767
1.2825296380469808e-12, 33.085125341645856, -2.5999998999999963
0.0, -33.0851253416459, -2.5999998999999963
-7.500377011795976, -33.0678322137366, -2.612195021951216
-14.990524144151465, -33.03570020402902, -2.6243901439024353
-22.426452540412793, -32.61343421702687, -2.636585265853655
-28.929555820374116, -29.166194704560972, -2.6487803878048743
-32.59237526810112, -22.739841310960383, -2.660975509756094
-32.967987396297175, -15.2683261483095, -2.6731706317073134
-32.940260496508756, -7.787033776022918, -2.685365753658533
-32.91724531286826, -0.3158758367654264, -2.6975608756097524
-32.89768076032572, 7.145145473058027, -2.709755997560972
-32.88223331694256, 14.59602833997057, -2.7219511195121915
-32.54268953702563, 22.01175593345131, -2.734146241463411
-29.26239401328887, 28.56872583264515, -2.74634136341463
-22.929302917623666, 32.26858165335291, -2.7585364853658496
-15.534768959362692, 32.798937993697336, -2.770731607317069
-8.093529397045941, 32.77097345287093, -2.782926729268289
-0.6624236762063327, 32.74736221778514, -2.795121851219508
7.266348897549213e-11, 25.967495850450113, -2.807316973170728
6.342019483973426e-11, 18.53554046852839, -2.8195120951219477
5.4194173196794805e-11, 11.11372176919507, -2.831707217073167
4.4985424046673775e-11, 3.7020397524501827, -2.8439023390243863
3.5793947389371166e-11, -3.699505581706283, -2.8560974609756062
2.661974322488701e-11, -11.090914233274301, -2.8682925829268253
1.7462811553221225e-11, -18.472186202253937, -2.8804877048780453
8.323152374373876e-12, -25.84332148864514, -2.8926828268292644
0.6472589955261137, -32.55724184623896, -2.9048779487804843
8.019243002194177, -32.53860221583479, -2.9170730707317034
15.381087488935396, -32.524196426000984, -2.9292681926829234
22.674921270372373, -31.94673904394565, -2.941463314634143
28.88661632432722, -28.22723060554896, -2.953658436585362
32.151216272164596, -21.75205000972214, -2.9658535585365815
32.43910144200572, -14.408161030502125, -2.978048680487801
32.41181124811869, -7.055958795245163, -2.9902438024390205
32.38882514836547, 0.2861093354283113, -3.0024389243902405
32.36932930408814, 7.618041129951804, -3.0146340463414596
32.35475931344075, 14.939833577647027, -3.026829168292679
31.89412279009062, 22.233077373384937, -3.0390242902438986
28.195218782421954, 28.392517872689524, -3.051219412195118
21.91665725256801, 31.93003792039177, -3.0634145341463377
14.615498742213731, 32.265221706533296, -3.075609656097557
7.30271170165547, 32.24400051107336, -3.0878047780487767
1.234568003383174e-12, 32.219099937861415, -3.0999998999999963
0.0, -32.219099937861465, -3.0999998999999963
-7.292561565677322, -32.201763434735106, -3.112195021951216
-14.574902828485367, -32.18151681507495, -3.1243901439024353
-21.82596346103124, -31.789319329493832, -3.136585265853655
-28.04270293156685, -28.23102778755214, -3.1487803878048743
-31.648260203403872, -22.063302618115735, -3.160975509756094
-32.101035378613616, -14.800351188964228, -3.1731706317073134
-32.0734450768807, -7.526362504354293, -3.185365753658533
-32.050747005005924, -0.2625347114801447, -3.197560875609753
-32.031520968471824, 6.991129100745924, -3.209755997560972
-32.016628373161254, 14.23462651808551, -3.221951119512191
-31.684637514745866, 21.451285154050584, -3.234146241463411
-28.36284397412731, 27.759046352718357, -3.24634136341463
-22.23884090689738, 31.409543034619656, -3.25853648536585
-15.048858035805594, 31.93171010460869, -3.270731607317069
-7.8155344068734784, 31.904772785492007, -3.282926729268289
-0.5923719107046865, 31.881270526767416, -3.2951218512195086
6.992188734696405e-11, 25.23938875189251, -3.307316973170728
6.103299132641522e-11, 18.015430350950908, -3.3195120951219477
5.2161423160318684e-11, 10.801635527482887, -3.331707217073167
4.330718284867439e-11, 3.5980042814884126, -3.3439023390243863
3.4470270391482365e-11, -3.5954633870324932, -3.3560974609756062
2.5650685788742633e-11, -10.778767478079804, -3.3682925829268253
1.684842904045516e-11, -17.95190799165356, -3.380487704878045
8.063500146619932e-12, -25.114884927753764, -3.392682826829265
0.5766626061400837, -31.69115703111101, -3.4048779487804843
7.740434498455367, -31.67233577361085, -3.4170730707317034
14.894040728289816, -31.6562858024449, -3.4292681926829234
21.990052903938604, -31.111544094797956, -3.4414633146341425
27.996610833606994, -27.43728055489759, -3.453658436585362
31.27020201827162, -21.191488145477116, -3.4658535585365815
31.572566803516395, -14.058071351452867, -3.4780486804878015
31.545537543804734, -6.91463989258524, -3.4902438024390205
31.522672971499468, 0.21863051301651337, -3.5024389243902405
31.503108535801907, 7.3417375945948775, -3.5146340463414596
31.487931109836076, 14.454678881050423, -3.526829168292679
30.822164639374844, 21.51746307273474, -3.5390242902438986
27.518784200794336, 27.67241141777287, -3.551219412195118
21.277664512638307, 30.830998727894407, -3.563414534146338
14.198903826435442, 31.403454818436394, -3.575609656097557
7.09437157271912, 31.378349160174967, -3.5878047780487767
1.1866063687193673e-12, 31.35307453407697, -3.5999998999999963
0.0, -31.35307453407702, -3.5999998999999963
-7.084281219663943, -31.336110356710176, -3.612195021951216
-14.158545322602523, -31.319140087117255, -3.6243901439024353
-21.18407524139223, -30.678161795116853, -3.6365852658536553
-27.367890856296235, -27.51193844118345, -3.6487803878048743
-30.599843129796493, -21.353227112266847, -3.660975509756094
-31.232902335080702, -14.318431660133117, -3.6731706317073134
-31.207405767228042, -7.253467345760496, -3.685365753658533
-31.18473008551628, -0.19847306983858476, -3.697560875609753
-31.16519729211796, 6.846503945949322, -3.709755997560972
-31.149172451325814, 13.881461783043928, -3.721951119512192
-30.780085980161715, 20.881581753229582, -3.734146241463411
-27.490601654592233, 26.979468372144172, -3.74634136341463
-21.55885900584828, 30.571914665783606, -3.75853648536585
-14.567251769623752, 31.063877385558897, -3.770731607317069
-7.5416579863474515, 31.03843282293711, -3.782926729268289
-0.5260798191440574, 31.015208281517644, -3.795121851219509
6.718288215569081e-11, 24.514509220372958, -3.807316973170728
5.864769401579693e-11, 17.497842330629336, -3.8195120951219477
5.012961941952334e-11, 10.491192559461355, -3.831707217073167
4.1628658366870024e-11, 3.4945599068690116, -3.8439023390243867
3.3144810857836966e-11, -3.492055627147721, -3.8560974609756062
2.4678076892424247e-11, -10.468654042588767, -3.8682925829268258
1.622845647063184e-11, -17.43523533945416, -3.8804877048780453
7.795949592459673e-12, -24.391799517743944, -3.8926828268292653
0.5133363060068923, -30.825100605527886, -3.9048779487804843
7.470988452535188, -30.80600767099125, -3.917073070731704
14.41862218693015, -30.78920815775426, -3.9292681926829234
21.310115587930508, -30.247264264491186, -3.941463314634143
27.13998845801203, -26.65266691093833, -3.9536584365853624
30.347957411371674, -20.606085902572723, -3.9658535585365815
30.704105881368378, -13.687136856034861, -3.9780486804878015
30.679200073585758, -6.748867957172807, -3.990243802439021
30.65673260032402, 0.17938525834432772, -4.0024389243902405
30.63717448667114, 7.097621295695528, -4.01463404634146
30.613367525989904, 14.00557573357283, -4.02682916829268
30.04754533456315, 20.880803702859545, -4.039024290243899
26.646939496781872, 26.746652755392038, -4.051219412195119
20.64049935816783, 29.85338484566512, -4.063414534146339
13.787912003765186, 30.537379554264213, -4.075609656097558
6.888947443520455, 30.512211296165315, -4.087804778048778
1.1404210908949608e-12, 30.487049130292522, -4.099999899999997
0.0, -30.48704913029255, -4.099999899999997
-6.8790003879153865, -30.46993309597004, -4.112195021951216
-13.748123781348266, -30.452757036779175, -4.124390143902436
-20.552605370276105, -29.73980478896424, -4.136585265853656
-26.472427449318193, -26.570284031089052, -4.148780387804875
-29.852692775791436, -20.728401334139384, -4.160975509756094
-30.359578044884422, -13.883402461953603, -4.173170631707314
-30.341429814235887, -7.024715086169738, -4.185365753658533
-30.318787292396937, -0.17564045778511228, -4.197560875609753
-30.29887470034203, 6.6635572654357755, -4.209755997560973
-30.28083951495212, 13.492876601156576, -4.221951119512192
-29.853856076511654, 20.278369564828488, -4.234146241463411
-26.65359719036735, 26.1892924311013, -4.246341363414631
-20.882181672211612, 29.667190214268118, -4.25853648536585
-14.104870715967095, 30.197836196117358, -4.270731607317069
-7.284032274605707, 30.172139463172996, -4.28292672926829
-0.47306945937510164, 30.149171282724893, -4.295121851219509
6.445924551237612e-11, 23.799948791982153, -4.307316973170729
5.6273598690594985e-11, 16.987617143518012, -4.319512095121948
4.810488724114784e-11, 10.185162518523114, -4.331707217073168
3.9953111164034705e-11, 3.3925849169974436, -4.343902339024387
3.181827045925556e-11, -3.390115661058993, -4.356097460975606
2.3700365126810423e-11, -10.162939215646194, -4.368292582926826
1.5599395166699295e-11, -16.925885746764152, -4.380487704878045
7.515360578922156e-12, -23.678955254412884, -4.392682826829265
0.46316287127999467, -29.95906871463802, -4.404877948780484
7.217600611268009, -29.939727929385704, -4.417073070731703
13.962159647050909, -29.923374316680068, -4.429268192682923
20.637155187421563, -29.322524403904318, -4.441463314634143
26.31515609104444, -25.859646712479332, -4.453658436585362
29.432536885262728, -19.987809923065388, -4.465853558536582
29.83704671541983, -13.279254992916199, -4.4780486804878015
29.812929298363844, -6.543177041988354, -4.490243802439021
29.790705690317658, 0.1830257675415784, -4.5024389243902405
29.77093164397105, 6.8993514709341355, -4.51463404634146
29.75246369602381, 13.605754242398886, -4.52682916829268
29.196904705854, 20.255930057443777, -4.5390242902438995
25.753654417839797, 25.88052774207945, -4.551219412195119
20.070751394821677, 29.23948107724276, -4.563414534146339
13.382674985496626, 29.669000996161714, -4.575609656097558
6.686398995507634, 29.64498234890073, -4.587804778048777
1.0942358130705543e-12, 29.621023726508096, -4.599999899999997
0.0, -29.621023726508103, -4.599999899999997
-6.642239901254441, -28.199934956302936, -4.612195021951216
-13.206038589934202, -26.77860719739335, -4.624390143902436
-19.677556603135013, -24.95564992044865, -4.636585265853656
-25.133400582795357, -20.54918218066248, -4.648780387804875
-28.535033360956195, -14.615211962495774, -4.660975509756095
-29.316865225737477, -8.43283212629657, -4.673170631707314
-29.467696463486163, -2.8731300025795297, -4.685365753658533
-29.453381229555504, 2.085295770264088, -4.697560875609753
-29.432617115810952, 6.470253481856881, -4.709755997560972
-29.413503462272292, 10.281800888521285, -4.721951119512192
-29.072438693186342, 13.491111982889992, -4.734146241463412
-26.86111206459907, 15.538541602006132, -4.74634136341463
-23.066559641935307, 15.409047273817503, -4.75853648536585
-18.786019357331853, 13.031754730667972, -4.770731607317069
-14.125911358100268, 10.172756050437853, -4.782926729268289
-9.047734911208709, 7.579897526593925, -4.795121851219509
-7.357354745737487, 1.8953439768488085, -4.807316973170728
-5.568383102820631, -3.2559525316592453, -4.819512095121948
-3.5266426317895267, -7.949086505043682, -4.831707217073168
-1.2374184672989021, -12.316200049747042, -4.843902339024387
1.2992894687550458, -16.358014540105238, -4.856097460975606
4.083481099966575, -20.074917108851388, -4.868292582926825
7.115155855157738, -23.46697839691432, -4.880487704878045
10.388489742893242, -26.4224020667959, -4.892682826829265
13.889966898839285, -27.984929445594666, -4.904877948780484
19.23766393222323, -25.7905841166385, -4.917073070731704
23.37456862049256, -22.644228108649198, -4.929268192682923
26.111096152467688, -18.755803510321943, -4.941463314634143
27.972915387515293, -13.806419362732406, -4.953658436585362
28.871823371975204, -8.128485972409193, -4.965853558536582
28.967837080306683, -2.2827701104978333, -4.9780486804878015
28.94670826638055, 3.49507462936905, -4.990243802439021
28.927439136690467, 9.194478346679814, -5.0024389243902405
28.7506484463171, 14.809693508824852, -5.01463404634146
27.736239408865753, 20.170622410695216, -5.02682916829268
25.041380313587776, 24.719087176418675, -5.039024290243899
20.726612707574173, 27.729002617507067, -5.051219412195119
15.567908562666613, 28.686956490868635, -5.063414534146338
10.30371384961611, 28.80124163005108, -5.075609656097558
5.112636320360932, 28.77809928520032, -5.087804778048778
1.0480505352461478e-12, 28.754998322723647, -5.099999899999997
6.726352808072988e-11, 28.754998322723647, -5.099999899999997
-5.069482634158327, 28.73473897273744, -5.112195021951216
-10.131098118469676, 28.715692366023532, -5.124390143902436
-15.184844614933192, 28.699517193261574, -5.136585265853655
-20.138055593283898, 27.90298687006824, -5.148780387804875
-24.434664926197485, 25.347249369655543, -5.160975509756094
-27.38457494122705, 21.30449905454491, -5.173170631707314
-28.55455431692575, 16.429295874253395, -5.185365753658533
-28.589946390261357, 11.374723202746738, -5.197560875609753
-28.566272886889692, 6.327064785549736, -5.209755997560972
-28.544412688937747, 1.2872726544003306, -5.221951119512192
-28.523200316400313, -3.7446528560119434, -5.234146241463412
-28.504225388476698, -8.768711090505258, -5.246341363414631
-28.476406164925322, -13.784691818538471, -5.25853648536585
-28.054846257654987, -18.76726655442693, -5.270731607317069
-25.934345092672263, -23.265490717152247, -5.28292672926829
-22.202500419301707, -26.53446856164227, -5.295121851219509
-17.507385762855538, -28.125149749178405, -5.307316973170729
-12.506513660366988, -28.372380166416185, -5.319512095121948
-7.498022238971651, -28.3560791251765, -5.331707217073168
-2.4973740562638183, -28.333340878374734, -5.343902339024387
2.4954074504383956, -28.311897208605142, -5.356097460975606
7.480322195776662, -28.291971914743712, -5.368292582926826
12.45736919230726, -28.273927807389335, -5.380487704878046
17.4151163184707, -28.040874970719074, -5.392682826829265
22.046727062863262, -26.39405613447437, -5.404877948780484
25.708589584369648, -23.096665215220412, -5.417073070731704
27.75325807982871, -18.602395045929406, -5.429268192682923
28.165801273981415, -13.663473906619366, -5.441463314634143
28.144887494607964, -8.692537368997137, -5.453658436585362
28.12208102813839, -3.7294465217514183, -5.4658535585365815
28.100700411574707, 1.225777965711301, -5.478048680487802
28.08049790666815, 6.173135470537968, -5.490243802439021
28.061406514204617, 11.112625999212717, -5.5024389243902405
27.91880967574129, 16.041443878542204, -5.5146340463414605
26.772121323707967, 20.78629341579782, -5.52682916829268
23.800661661524224, 24.66454919945056, -5.5390242902438995
19.627582355952605, 27.204430219053066, -5.551219412195119
14.771393955596029, 27.916433596916715, -5.563414534146339
9.8400277783134, 27.933691412328116, -5.575609656097558
4.916080508983969, 27.91131367782353, -5.587804778048777
1.0018652574217413e-12, 27.888972918939206, -5.599999899999997
6.426148502214346e-11, 27.888972918939206, -5.599999899999997
-4.908142470851536, 27.868867171063368, -5.612195021951216
-9.808275252789796, 27.84937129086818, -5.624390143902436
-14.70039332225035, 27.830361191321572, -5.636585265853656
-19.482612444441802, 26.990576480525043, -5.648780387804875
-23.6418866104527, 24.512574753593366, -5.660975509756095
-26.531826711323955, 20.604300558842155, -5.673170631707313
-27.638529152216634, 15.876559372970638, -5.685365753658534
-27.723469248484804, 10.98813153136204, -5.697560875609753
-27.699841209320702, 6.10348244778935, -5.709755997560972
-27.678262586830485, 1.2268421055905308, -5.721951119512192
-27.657100873853448, -3.64178882499179, -5.734146241463411
-27.637550630009247, -8.50241011839632, -5.746341363414631
-27.59915087819507, -13.35476915678527, -5.75853648536585
-27.089625418201468, -18.145373727728103, -5.770731607317069
-25.047222824215417, -22.490138415980763, -5.78292672926829
-21.483605230936437, -25.708079344197365, -5.795121851219509
-16.939627526854828, -27.297698091042385, -5.807316973170728
-12.100126346219053, -27.50340361394247, -5.819512095121948
-7.254086793667039, -27.489386803559196, -5.831707217073168
-2.416026582123117, -27.467101415707212, -5.843902339024387
2.4140242677255026, -27.445792853535643, -5.856097460975606
7.23606572512419, -27.425592386702316, -5.868292582926825
12.050091881782112, -27.40488059095808, -5.880487704878045
16.83974763759069, -27.151589280719655, -5.892682826829265
21.31139884558111, -25.52420244182818, -5.904877948780484
24.859479771596774, -22.3308271550056, -5.917073070731703
26.878053864928937, -17.992959298720642, -5.929268192682923
27.301919283190067, -13.217243583699416, -5.941463314634143
27.278119543954535, -8.410686219555997, -5.953658436585362
27.255941201406603, -3.612137640426216, -5.965853558536582
27.234463964614648, 1.1784016517702793, -5.9780486804878015
27.214120601102017, 5.960931509523321, -5.990243802439021
27.187658634575758, 10.73544212651974, -6.0024389243902405
27.135025678725754, 15.501597771731316, -6.01463404634146
25.860595537777435, 20.059762918075457, -6.02682916829268
22.980175015313016, 23.79421562413563, -6.039024290243899
18.93391987264213, 26.20775881063025, -6.051219412195119
14.276547013437474, 26.97327883243347, -6.063414534146339
9.511927795633273, 27.067436549663373, -6.075609656097558
4.751959199586495, 27.04519003872139, -6.087804778048778
9.539036227579345e-13, 27.02294751515478, -6.099999899999997
6.125944196355704e-11, 27.02294751515478, -6.099999899999997
-4.743976305106447, 27.002379032497483, -6.112195021951216
-9.479995860290128, 26.982545271945078, -6.124390143902436
-14.20799844558673, 26.94349449733656, -6.136585265853656
-18.82227668484828, 26.112935299103512, -6.148780387804875
-22.834027922577313, 23.686723301223026, -6.160975509756094
-25.637253846466187, 19.91477849338491, -6.173170631707313
-26.785684351529202, 15.355585305051669, -6.185365753658533
-26.854953118722598, 10.632308733452634, -6.197560875609753
-26.833746439092483, 5.9109293142075545, -6.209755997560973
-26.811897482084717, 1.1975054087308081, -6.221951119512192
-26.791119894536024, -3.507961916790305, -6.234146241463412
-26.770707448219873, -8.205472646850538, -6.246341363414631
-26.739696512896437, -12.895009712432728, -6.25853648536585
-26.189080826453097, -17.52025984630378, -6.270731607317069
-24.162510770692247, -21.687444991287144, -6.282926729268289
-20.759559972592616, -24.85273351722097, -6.295121851219509
-16.37174119134738, -26.38701183685461, -6.307316973170729
-11.690863032832677, -26.645169560183405, -6.319512095121948
-7.008550379022473, -26.623063442155818, -6.331707217073168
-2.334194312793422, -26.600973616473883, -6.343902339024387
2.332205203418578, -26.579602807054222, -6.356097460975606
6.990648123694259, -26.55916990436446, -6.368292582926826
11.641122947293397, -26.535634741958738, -6.380487704878046
16.261370274102298, -26.25519167547796, -6.392682826829265
20.589032971386175, -24.67337778796982, -6.404877948780484
23.9606077149302, -21.52451994716062, -6.417073070731704
25.97473974612612, -17.376024447806945, -6.429268192682923
26.426732578748467, -12.765974718007563, -6.441463314634143
26.40902182438292, -8.122174124616548, -6.453658436585362
26.389685452212397, -3.4863284298919064, -6.4658535585365815
26.36825945862087, 1.1415621623887802, -6.4780486804878015
26.34769103785256, 5.761496148808668, -6.4902438024390205
26.3261213820113, 10.373471048292938, -6.5024389243902405
26.16861876051376, 14.970618505694395, -6.5146340463414605
24.961716005800533, 19.3711134751176, -6.52682916829268
22.21258299127637, 23.005446401770683, -6.5390242902438995
18.28349657693993, 25.329044051455266, -6.551219412195119
13.78554669399679, 26.096234004194653, -6.563414534146338
9.18560208704604, 26.200767769648145, -6.575609656097558
4.588822749732899, 26.178836794336423, -6.587804778048777
9.07718344933528e-13, 26.15692211137034, -6.599999899999997
5.825739890497061e-11, 26.15692211137034, -6.599999899999997
-4.580774703836183, 26.136157325068943, -6.612195021951216
-9.153409726218356, 26.115879811002372, -6.624390143902436
-13.717549390833033, 26.07336660838875, -6.636585265853656
-18.160038567798875, 25.204275053522807, -6.648780387804876
-22.007188316575714, 22.817011642864884, -6.660975509756094
-24.68010728034502, 19.174971193643145, -6.673170631707313
-25.905292461255293, 14.811422005864845, -6.685365753658534
-25.98341990474823, 10.254442202344398, -6.697560875609753
-25.96725681645783, 5.697072514234104, -6.709755997560972
-25.945869942617623, 1.1478389780782763, -6.721951119512192
-25.92481121631483, -3.393254940423966, -6.734146241463411
-25.904239065995228, -7.926209224312133, -6.746341363414631
-25.865146479190805, -12.45030522222482, -6.75853648536585
-25.350866560310557, -16.920220981967937, -6.77073160731707
-23.30340029384753, -20.908891091062966, -6.78292672926829
-19.992914404425356, -23.928805184389894, -6.795121851219509
-15.791462906990802, -25.4734429022267, -6.807316973170728
-11.278969971041956, -25.778191116092792, -6.819512095121949
-6.76127728329017, -25.756382322810076, -6.831707217073168
-2.2517241936024854, -25.73471520717837, -6.843902339024387
2.2496893050358544, -25.713472557962266, -6.856097460975606
6.742963190697813, -25.692749358815036, -6.868292582926825
11.228091795668703, -25.67065421092313, -6.880487704878045
15.679466868388342, -25.317909434882537, -6.892682826829265
19.835094281731145, -23.76086858430726, -6.904877948780484
23.11857256867961, -20.757897109592825, -6.917073070731704
25.0316807346557, -16.742751140325176, -6.929268192682924
25.56285797774794, -12.306751066978592, -6.941463314634143
25.543926527552852, -7.828740562741011, -6.953658436585362
25.523405579967662, -3.3588688414588628, -6.965853558536582
25.50215709006848, 1.1028638929899204, -6.9780486804878015
25.48131289926333, 5.556457007675399, -6.990243802439021
25.46079577172661, 10.001910468326429, -7.0024389243902405
25.225183421525294, 14.43081848827612, -7.01463404634146
23.98887648146028, 18.630796664030175, -7.02682916829268
21.336070090898136, 22.11105507154261, -7.0390242902438995
17.59662908663903, 24.3949731513442, -7.051219412195119
13.283521096647002, 25.19265190268456, -7.063414534146339
8.8522442256794, 25.333787686300337, -7.075609656097558
4.422052318365143, 25.312213361593646, -7.087804778048778
8.606448886894214e-13, 25.29089670758591, -7.099999899999997
5.525180313270539e-11, 25.29089670758591, -7.099999899999997
-4.4140169093105905, 25.2699163525038, -7.112195021951216
-8.820102589544494, 25.24916267746048, -7.124390143902436
-13.213555754800844, 25.15970683226298, -7.136585265853656
-17.48190223497737, 24.26778532116652, -7.148780387804876
-21.15276981704873, 21.930677252613844, -7.160975509756095
-23.76103616771641, 18.445098319915125, -7.173170631707313
-24.95517252264022, 14.252422859695038, -7.185365753658533
-25.121017549497775, 9.870043511218652, -7.197560875609753
-25.100976067256724, 5.477475065582219, -7.209755997560972
-25.079712511594725, 1.0928362648843506, -7.221951119512192
-25.05862649886832, -3.2838713256308045, -7.234146241463412
-25.037707010414447, -7.652647694813081, -7.246341363414631
-24.96205356259304, -12.011732926481354, -7.25853648536585
-24.425282310859195, -16.30800593499058, -7.270731607317069
-22.452694434835344, -20.15176321436698, -7.28292672926829
-19.240815437160396, -23.044551820174696, -7.295121851219509
-15.205789652942968, -24.584051415312942, -7.307316973170728
-10.866491855474662, -24.908444112264974, -7.319512095121948
-6.513953984564106, -24.889713463801172, -7.331707217073168
-2.169335192726747, -24.868483913428392, -7.343902339024387
2.1673523895363047, -24.847333869448377, -7.356097460975606
6.49610875561021, -24.82628202850978, -7.368292582926826
10.816933887960701, -24.805387773946478, -7.380487704878045
15.10323309371551, -24.358960000280746, -7.392682826829265
19.045963454006454, -22.769649114891784, -7.404877948780484
22.17473110191807, -19.889021472679726, -7.417073070731703
24.03436117036984, -16.0619313800521, -7.429268192682924
24.69149667058685, -11.817948226205907, -7.441463314634143
24.677987350814274, -7.502717435922213, -7.453658436585362
24.65721919467353, -3.195408497121006, -7.465853558536582
24.636087442208236, 1.1039697673133828, -7.4780486804878015
24.614976301614703, 5.395416817351496, -7.490243802439021
24.59384344438238, 9.678932649331491, -7.5024389243902405
24.443230242333332, 13.951635075515682, -7.5146340463414605
23.141296744892667, 17.985956836848484, -7.526829168292679
20.591941374897218, 21.373100163270887, -7.5390242902438995
16.952986327890404, 23.56439842586554, -7.551219412195119
12.801231204341374, 24.452363536641812, -7.563414534146338
8.526647722424748, 24.46701005068507, -7.575609656097558
4.259358255682816, 24.44595811985489, -7.587804778048777
8.140155216551648e-13, 24.42487130380149, -7.599999899999997
5.224976007411897e-11, 24.42487130380147, -7.599999899999997
-4.251421333362618, 24.403655118391377, -7.612195021951216
-8.494900034591987, 24.382412845415203, -7.624390143902436
-12.718659748541878, 24.153404403699625, -7.636585265853656
-16.823695659766894, 23.343718433830368, -7.648780387804875
-20.40976474270162, 21.136040397712208, -7.660975509756094
-22.952759985169568, 17.75281300380295, -7.673170631707313
-24.074082690662213, 13.682945614966613, -7.685365753658533
-24.250652199714196, 9.46845144746348, -7.697560875609753
-24.234634779271154, 5.241005285097072, -7.709755997560973
-24.213635610226437, 1.0214952900175727, -7.721951119512192
-24.19245548165857, -3.19007207788981, -7.734146241463412
-24.171110041462427, -7.39369680511021, -7.746341363414631
-24.114854857064223, -11.588903003132664, -7.75853648536585
-23.497666664239507, -15.70854780621966, -7.770731607317069
-21.577897185467915, -19.389073567528825, -7.782926729268289
-18.4969187051703, -22.186625484212904, -7.795121851219509
-14.625855536919605, -23.715844823772287, -7.807316973170728
-10.459393183160158, -24.023071510180177, -7.819512095121948
-6.269906483674284, -24.023243519831894, -7.831707217073168
-2.0879831733840377, -24.002349036192896, -7.843902339024387
2.0859975158273416, -23.981213711764504, -7.856097460975606
6.252035564288798, -23.95981962321966, -7.868292582926826
10.410044444525125, -23.925698704046567, -7.880487704878046
14.520358651828868, -23.47081301298551, -7.892682826829265
18.291148498693232, -21.88301623907532, -7.904877948780484
21.28442943247495, -19.098552424582444, -7.917073070731704
23.146757267753472, -15.453073379691114, -7.929268192682923
23.77193984627428, -11.38287608630512, -7.941463314634143
23.811601591679274, -7.234507320355672, -7.953658436585362
23.79104321424893, -3.0924382133346935, -7.9658535585365815
23.7700024685999, 1.041688507654864, -7.9780486804878015
23.748621199425507, 5.167872591403798, -7.9902438024390205
23.721299859602443, 9.286096557124536, -8.00243892439024
23.50757755169216, 13.37736645046751, -8.01463404634146
22.239596957218904, 17.247557094261253, -8.02682916829268
19.741061001274286, 20.457227404858557, -8.0390242902439
16.283275407110786, 22.6002735489297, -8.051219412195119
12.311058066132489, 23.503886942640847, -8.063414534146338
8.201022675470885, 23.600226060775867, -8.075609656097559
4.09654004404774, 23.579714745025747, -8.087804778048778
7.673861546209082e-13, 23.558845900017047, -8.099999899999997
4.9247717015532544e-11, 23.55884590001705, -8.099999899999997
-4.08857808530692, 23.53746950673174, -8.112195021951216
-8.169151160784537, 23.514770509906494, -8.124390143902435
-12.241068167907144, 23.431744557393642, -8.136585265853656
-16.180760907492484, 22.493227909066878, -8.148780387804875
-19.596180147623308, 20.320729284432698, -8.160975509756094
-22.02034164906751, 17.07104418125011, -8.173170631707315
-23.197333782391947, 13.194108257260915, -8.185365753658532
-23.383611108210438, 9.12983802982667, -8.197560875609753
-23.367248630057663, 5.063053554176362, -8.209755997560972
-23.347580967591885, 1.0042418391095964, -8.221951119512191
-23.3262993062592, -3.0465916935838235, -8.23414624146341
-23.30450924851842, -7.089443883638234, -8.24634136341463
-23.264167274701006, -11.124052570215932, -8.25853648536585
-22.57381158829367, -15.072756991136016, -8.27073160731707
-20.70739865613629, -18.59994480627205, -8.28292672926829
-17.756327110723053, -21.298648607309527, -8.295121851219509
-14.051162254827005, -22.81913271783789, -8.307316973170728
-10.051292194939137, -23.1507267758544, -8.319512095121949
-6.025119704580199, -23.156722889950576, -8.331707217073168
-2.006377927838563, -23.136198558280945, -8.343902339024387
2.004382595916469, -23.115014820313615, -8.356097460975606
6.007161811560356, -23.0932732200547, -8.368292582926825
10.000206742155644, -22.99528634113949, -8.380487704878046
13.957427968129672, -22.65984329745942, -8.392682826829265
17.57340880710059, -21.024599388933936, -8.404877948780484
20.409494002490156, -18.295343603817187, -8.417073070731703
22.1975790636857, -14.805952628095, -8.429268192682922
22.914388406816638, -10.91657187243503, -8.441463314634143
22.93443207430099, -6.9283947191451425, -8.453658436585362
22.92487867776233, -2.947429032178798, -8.465853558536583
22.90393660107631, 1.025586948973384, -8.4780486804878
22.88224499484271, 4.990621609260295, -8.490243802439021
22.858234488765195, 8.947670439646295, -8.50243892439024
22.644730100834497, 12.886054910574128, -8.51463404634146
21.365585642093208, 16.589126481419914, -8.52682916829268
18.968040579540038, 19.689599086797788, -8.5390242902439
15.640910379202413, 21.777306842095633, -8.551219412195119
11.820397527688298, 22.651473488605646, -8.563414534146338
7.87386705120703, 22.733261069639298, -8.575609656097557
3.932942982415812, 22.713418406693187, -8.587804778048778
7.203126983768016e-13, 22.692820496232606, -8.599999899999997
4.624567395694612e-11, 22.692820496232624, -8.599999899999997
-3.9250118957033324, 22.670916634456578, -8.612195021951216
-7.84167984265843, 22.63044457851122, -8.624390143902435
-11.74581079022363, 22.41954986814757, -8.636585265853656
-15.456427061520666, 21.432295398489476, -8.648780387804875
-18.69638976945328, 19.370365551528128, -8.660975509756094
-21.138046216155015, 16.34619002206002, -8.673170631707315
-22.27304936896621, 12.609883322848491, -8.685365753658534
-22.501095232681077, 8.730391655916996, -8.697560875609753
-22.49817230434224, 4.828868046027479, -8.709755997560972
-22.481462025452895, 0.9351866244764717, -8.721951119512191
-22.460074812544782, -2.9506250034414085, -8.734146241463412
-22.437775187093177, -6.828555645399544, -8.74634136341463
-22.384132176237312, -10.697245512790994, -8.75853648536585
-21.69765821924327, -14.47878814403677, -8.77073160731707
-19.867652328836694, -17.85071650821869, -8.78292672926829
-17.03864097311839, -20.454958140400816, -8.795121851219509
-13.476993857770514, -21.910321168470976, -8.80731697317073
-9.644853210708007, -22.293486883616954, -8.819512095121949
-5.7811269377191135, -22.29017636242543, -8.831707217073166
-1.925072153652257, -22.27006241067555, -8.843902339024387
1.9231019220664072, -22.248788425283145, -8.856097460975606
5.763395162352008, -22.226739571443574, -8.868292582926825
9.594449776604765, -22.14156140958564, -8.880487704878046
13.380213933060222, -21.734546539853167, -8.892682826829265
16.83434809997134, -20.147844178212576, -8.904877948780484
19.57258870624872, -17.542769241256238, -8.917073070731703
21.33531919013944, -14.206436947887788, -8.929268192682922
22.0116984741652, -10.474581320178615, -8.941463314634143
22.073827993766034, -6.653323906300084, -8.953658436585362
22.058618437110876, -2.8364826513621577, -8.965853558536582
22.037883903244346, 0.972491144794232, -8.978048680487802
22.015832617065698, 4.77358407666838, -8.990243802439021
21.992266926611002, 8.566795449273275, -9.00243892439024
21.744870054072745, 12.34186548358301, -9.01463404634146
20.4942165615705, 15.885725596804878, -9.02682916829268
18.133628835974317, 18.81179753544137, -9.0390242902439
14.975767145313851, 20.852579747416122, -9.051219412195119
11.337020915980675, 21.825760058628116, -9.063414534146338
7.550552978076677, 21.86654464170736, -9.075609656097559
3.7713362758139777, 21.84722228782123, -9.087804778048778
6.73683331342545e-13, 21.826795092448183, -9.099999899999997
4.32436308983597e-11, 21.826795092448183, -9.099999899999997
-3.763444091460568, 21.804619213624715, -9.112195021951216
-7.518958201235361, 21.77468668263714, -9.124390143902435
-11.260506187274808, 21.673181942441964, -9.136585265853654
-14.855617654536475, 20.6848162990112, -9.148780387804875
-17.94955748423588, 18.61397475080137, -9.160975509756094
-20.20160712048569, 15.652360084213095, -9.173170631707315
-21.39384453043787, 12.132110408978338, -9.185365753658534
-21.65202579126968, 8.398646909578412, -9.197560875609753
-21.635377641443046, 4.658702702084101, -9.209755997560972
-21.61529886780724, 0.926650094312754, -9.221951119512193
-21.59364225287394, -2.7974991433172858, -9.23414624146341
-21.570929487501992, -6.513744726715199, -9.24634136341463
-21.477311596597577, -10.219795360566529, -9.25853648536585
-20.76737466413943, -13.827401217609879, -9.27073160731707
-19.000019296513983, -17.05098412871648, -9.28292672926829
-16.294266528664483, -19.54532116485893, -9.295121851219509
-12.909899687013713, -21.007523857736633, -9.307316973170728
-9.240167856333963, -21.42059289318061, -9.319512095121947
-5.538469764960505, -21.422972099271128, -9.331707217073168
-1.8441807628207374, -21.403589413938192, -9.343902339024387
1.8422050351449004, -21.382671807436378, -9.356097460975606
5.520687344171067, -21.36012780338576, -9.368292582926827
9.191067661078915, -21.3220197623559, -9.380487704878046
12.804028891303236, -20.826573875560374, -9.392682826829265
16.109972324018887, -19.32092963244671, -9.404877948780484
18.779702005599624, -16.84837693838521, -9.417073070731703
20.497426868992754, -13.63950015895772, -9.429268192682924
21.177202059956787, -10.06282117122398, -9.441463314634143
21.21155193722897, -6.401623351923491, -9.453658436585362
21.192117513655518, -2.7466291224560173, -9.465853558536582
21.171584227403812, 0.9004618328550678, -9.478048680487802
21.14908515991048, 4.539649413123914, -9.490243802439021
21.091058864722868, 8.170454517307661, -9.50243892439024
20.836473154840345, 11.772872447771313, -9.51463404634146
19.573200612032586, 15.141521357588275, -9.52682916829268
17.320889421623495, 17.94048751763879, -9.5390242902439
14.309449236863212, 19.896071024181097, -9.551219412195119
10.84118303468583, 20.820153182164898, -9.56341453414634
7.226557769972606, 20.998405485997846, -9.575609656097557
3.6093271769519726, 20.97957468868512, -9.587804778048778
6.270539643082884e-13, 20.960769688663756, -9.599999899999997
4.0241587839773274e-11, 20.960769688663756, -9.599999899999997
-3.601377919845219, 20.938498230595947, -9.612195021951216
-7.194758365530957, 20.914380229022505, -9.624390143902435
-10.7765560252854, 20.776007528650418, -9.636585265853656
-14.194638104584659, 19.78047549650919, -9.648780387804875
-17.165691226766242, 17.813270875728573, -9.660975509756094
-19.334762139406788, 14.97994403393736, -9.673170631707315
-20.53362021509473, 11.625119721236258, -9.685365753658534
-20.777956715332998, 8.059960066808983, -9.697560875609753
-20.768598950878395, 4.48180140175024, -9.709755997560972
-20.749064671813944, 0.9115916401705638, -9.721951119512191
-20.72729074123994, -2.6506220467320007, -9.734146241463412
-20.703871006265153, -6.204838753739807, -9.74634136341463
-20.57804989781361, -9.747294074354624, -9.75853648536585
-19.85771296994886, -13.187393432720095, -9.77073160731707
-18.137597012563965, -16.252782632638127, -9.78292672926829
-15.548857510653221, -18.638821889166422, -9.795121851219509
-12.344558109882058, -20.11640496102163, -9.807316973170728
-8.833052885368733, -20.564703048275824, -9.819512095121947
-5.294115813040923, -20.555063002343797, -9.831707217073168
-1.762706194252686, -20.5368442409805, -9.843902339024385
1.760707667101955, -20.516571213603576, -9.856097460975608
5.27612524058615, -20.49340147953576, -9.868292582926827
8.783168511537202, -20.447765980674436, -9.880487704878046
12.238759861811449, -19.97135459069988, -9.892682826829265
15.379743558874985, -18.466959766882216, -9.904877948780484
17.926941995715058, -16.093596693901294, -9.917073070731703
19.624485752989166, -13.04765893746253, -9.929268192682924
20.302609671670535, -9.628319189168753, -9.941463314634143
20.343969724552746, -6.130209907680273, -9.953658436585362
20.32584597855192, -2.637965048863286, -9.965853558536583
20.305229792491357, 0.8462853188067778, -9.978048680487802
20.282058852345077, 4.322538294969429, -9.990243802439021
20.24860653382865, 7.790677896198552, -10.00243892439024
19.8769728386771, 11.224484338377007, -10.01463404634146
18.64054055584706, 14.419875318313316, -10.026829168292679
16.49174078566043, 17.08541450123344, -10.0390242902439
13.634165916660821, 18.96951029565138, -10.051219412195119
10.340967622109314, 19.898781828277148, -10.063414534146338
6.898894941903831, 20.129972227109523, -10.075609656097559
3.445449317399193, 20.112328754031115, -10.087804778048776
5.808686864838819e-13, 20.09474428487933, -10.099999899999997
3.723599206750805e-11, 20.09474428487933, -10.099999899999997
-3.437500433049749, 20.07225117478788, -10.112195021951216
-6.867093617078514, 20.04727308301489, -10.124390143902435
-10.281204780319113, 19.889879922923647, -10.136585265853656
-13.537212973430591, 18.888472573372436, -10.148780387804875
-16.332977029630538, 16.953589318098526, -10.160975509756094
-18.44440149457009, 14.28704356393176, -10.173170631707313
-19.638008916644655, 11.094455445728023, -10.185365753658534
-19.91812791704531, 7.695007226542157, -10.197560875609753
-19.902068848185614, 4.279859414520394, -10.209755997560972
-19.882418735954538, 0.8726134085243856, -10.221951119512191
-19.861297715570938, -2.526728821971937, -10.234146241463412
-19.833266575615987, -5.918152789682461, -10.246341363414631
-19.704365346907906, -9.294135698225757, -10.25853648536585
-18.961980887953448, -12.56833400041673, -10.27073160731707
-17.276313685941847, -15.47168182759107, -10.28292672926829
-14.798765489249325, -17.73927597480601, -10.295121851219509
-11.756686617685414, -19.17008742599738, -10.307316973170728
-8.424422506658566, -19.674664721174047, -10.319512095121949
-5.049536063226294, -19.68809223131374, -10.331707217073168
-1.681202535431279, -19.670518960456224, -10.343902339024387
1.679227061230017, -19.65027027305878, -10.356097460975606
5.031752377318808, -19.626870839946164, -10.368292582926825
8.376155832612184, -19.58174178209512, -10.380487704878046
11.658348561635059, -19.050265102553936, -10.392682826829265
14.64453487579052, -17.58769919002301, -10.404877948780484
17.052365582625413, -15.303396433106254, -10.417073070731703
18.718571937072788, -12.424352635832687, -10.429268192682924
19.402997471253485, -9.171420214234182, -10.441463314634142
19.476397129100107, -5.836934684066712, -10.453658436585362
19.459993459120117, -2.5067613502014083, -10.465853558536582
19.43860480805316, 0.8155110683559816, -10.4780486804878
19.414654458738255, 4.129872321112578, -10.490243802439021
19.376013541817777, 7.436282438105522, -10.50243892439024
18.981173591801863, 10.700062505764592, -10.51463404634146
17.7757079378116, 13.743901177428235, -10.52682916829268
15.738094259418965, 16.313518748883045, -10.5390242902439
13.011266401418412, 18.142041354410186, -10.55121941219512
9.863847425807876, 19.0685876953376, -10.563414534146338
6.574622564883022, 19.263905987696226, -10.575609656097557
3.2833589777903898, 19.246313423783054, -10.587804778048778
5.329070518200751e-13, 19.228718881094895, -10.599999899999997
3.423394900892163e-11, 19.228718881094895, -10.599999899999997
-3.2754279206175707, 19.205347660193294, -10.612195021951216
-6.542866529345105, 19.17397914019974, -10.624390143902435
-9.788235560616709, 18.955999331712462, -10.636585265853656
-12.880410091588374, 17.984452567559597, -10.648780387804877
-15.526937469155248, 16.10843223019435, -10.660975509756096
-17.5395784833332, 13.570135375962838, -10.673170631707313
-18.720702848479572, 10.547521249761058, -10.685365753658532
-19.04839924508798, 7.3168155797326255, -10.697560875609753
-19.035094030687276, 4.064205047718473, -10.709755997560972
-19.016199241049307, 0.819540398454915, -10.721951119512191
-18.994430581807208, -2.417165671137007, -10.73414624146341
-18.962564704297133, -5.64588264218251, -10.746341363414631
-18.851855088658123, -8.861738441490422, -10.75853648536585
-18.05435212659264, -11.962405913183801, -10.77073160731707
-16.41859445479775, -14.710891765124618, -10.78292672926829
-14.052489091664683, -16.860051504266327, -10.795121851219509
-11.169448731398994, -18.240337020850887, -10.807316973170728
-8.016829207272487, -18.76535333836737, -10.819512095121949
-4.805683410572911, -18.822000641366998, -10.831707217073168
-1.5999045298664112, -18.80446926595993, -10.843902339024387
1.597915047606174, -18.7838296559491, -10.856097460975606
4.7877753059474575, -18.760047972521985, -10.868292582926827
7.96941390345798, -18.704070966460783, -10.880487704878046
11.07894232585922, -18.126137463609716, -10.892682826829265
13.89644180552933, -16.690031837251297, -10.904877948780484
16.20314465190369, -14.529472596623464, -10.917073070731703
17.777100994923863, -11.787020339932308, -10.929268192682922
18.51609866281806, -8.713435915782227, -10.941463314634143
18.6068620260572, -5.545052398632373, -10.953658436585362
18.592968500442147, -2.378011667903267, -10.965853558536582
18.573266450814845, 0.7810869373548927, -10.978048680487802
18.547936762843236, 3.9322215066710187, -10.990243802439021
18.507642301225488, 7.074878512327681, -11.00243892439024
18.10508267426905, 10.175103054003275, -11.01463404634146
16.87373669212085, 13.039008035850395, -11.026829168292679
14.900092987281049, 15.448178543922523, -11.0390242902439
12.329228022140299, 17.208504227171897, -11.05121941219512
9.370927451548214, 18.201122652941024, -11.06341453414634
6.2482766468530775, 18.3933800343099, -11.075609656097559
3.120211446258928, 18.38015029226474, -11.087804778048778
4.867217739956686e-13, 18.36269347731047, -11.099999899999997
3.1231905950335204e-11, 18.36269347731047, -11.099999899999997
-3.112237501658383, 18.338553863263208, -11.112195021951216
-6.216310545524029, 18.295647572010143, -11.124390143902435
-9.293081989679157, 18.044016158034577, -11.136585265853656
-12.211129097312385, 17.055440239727876, -11.148780387804877
-14.723154419622615, 15.276079931753952, -11.160975509756096
-16.620739062733815, 12.84941362580203, -11.173170631707313
-17.821311078768293, 10.011811285280453, -11.185365753658532
-18.16460644112221, 6.945545955959371, -11.197560875609753
-18.168824481702252, 3.8563994533257846, -11.209755997560972
-18.15025711409524, 0.7750041527516884, -11.221951119512191
-18.127976161592102, -2.298401229203773, -11.234146241463412
-18.10116060260993, -5.363812680723726, -11.246341363414631
-17.911270838322608, -8.412729974840481, -11.25853648536585
-17.126750447601623, -11.343379946869469, -11.27073160731707
-15.570862303875858, -13.953762156869093, -11.28292672926829
-13.32630498590309, -16.005725562700626, -11.295121851219509
-10.598547635779159, -17.3513577698152, -11.307316973170728
-7.6094819655191355, -17.906347618149525, -11.319512095121947
-4.560490878888183, -17.955431337063924, -11.331707217073168
-1.5181682134130763, -17.93846713953021, -11.343902339024387
1.5161710693065924, -17.917563549042733, -11.356097460975606
4.54251783566847, -17.892360564717677, -11.368292582926827
7.558178113739, -17.810310475952054, -11.380487704878046
10.49308109062131, -17.190119033898604, -11.392682826829265
13.140430752163539, -15.784895594178234, -11.404877948780484
15.3238558238749, -13.734141188048374, -11.417073070731703
16.84770370185153, -11.153556308109351, -11.429268192682922
17.646034083087777, -8.260998968289123, -11.441463314634143
17.742033497231112, -5.254372254960701, -11.453658436585362
17.726708509714705, -2.2508832324259016, -11.465853558536582
17.70675097855748, 0.7446245109394913, -11.478048680487802
17.682123699847473, 3.7321407792355883, -11.490243802439021
17.64380544597622, 6.711168143928941, -11.50243892439024
17.199668744875737, 9.644238887529484, -11.514634046341461
15.981392887268292, 12.341073902602925, -11.526829168292679
14.08811970919312, 14.608269302809045, -11.539024290243898
11.654475498254289, 16.278371061862934, -11.55121941219512
8.865016382244413, 17.242836506385302, -11.563414534146338
5.920614968935241, 17.50623200460607, -11.575609656097557
2.9564412879927984, 17.514360182948113, -11.587804778048778
4.39648317751562e-13, 17.49666807352605, -11.599999899999997
2.822986289174878e-11, 17.49666807352605, -11.599999899999997
-2.948417562310872, 17.47229570824981, -11.612195021951216
-5.8885614849440415, 17.43603120971259, -11.624390143902435
-8.798453516425166, 17.119285068601272, -11.636585265853656
-11.542469666361612, 16.130566999033924, -11.648780387804877
-13.917895242513664, 14.436678732555276, -11.660975509756094
-15.715737836363777, 12.13873382062449, -11.673170631707313
-16.855046655345895, 9.453161386993465, -11.685365753658534
-17.25937321492987, 6.565930437788525, -11.697560875609753
-17.301756836594535, 3.641951089366681, -11.709755997560972
-17.284831464020655, 0.7241413562680452, -11.721951119512193
-17.261996477800018, -2.1856130799862914, -11.73414624146341
-17.23246526541079, -5.087293420560705, -11.74634136341463
-17.0072807155153, -7.967616191268666, -11.758536485365848
-16.196107980399965, -10.722530191759148, -11.77073160731707
-14.687996765341992, -13.16956227677623, -11.78292672926829
-12.583273203733505, -15.132990730808974, -11.795121851219509
-10.018874774041919, -16.44812197886995, -11.807316973170728
-7.1978458599316735, -17.03143616523905, -11.819512095121947
-4.313830044792796, -17.088665110348263, -11.831707217073168
-1.4359320583972788, -17.0727977090217, -11.843902339024385
1.4339166484345824, -17.05103845077737, -11.856097460975608
4.295703344469578, -17.024909682206626, -11.868292582926827
7.141507724726797, -16.851425835963123, -11.880487704878046
9.89201638418269, -16.212679539946514, -11.892682826829265
12.413110343684313, -14.912816532023964, -11.904877948780484
14.439546346356114, -12.920067046783647, -11.917073070731703
15.867699728015316, -10.48399004360688, -11.929268192682922
16.67523975774852, -7.7811836419028655, -11.941463314634142
16.874800976119925, -4.946613557687013, -11.953658436585362
16.860682867583165, -2.1073785918310723, -11.965853558536583
16.840883914519708, 0.7238065224672066, -11.978048680487802
16.815243848585766, 3.5469287435801022, -11.990243802439021
16.774986458931995, 6.3616564141665926, -12.00243892439024
16.267758789827347, 9.118465564810808, -12.01463404634146
15.071883483677219, 11.645916528301383, -12.02682916829268
13.271168187697725, 13.778553493255535, -12.0390242902439
10.983477618776828, 15.3747552452709, -12.051219412195119
8.366042773962393, 16.341624006262204, -12.063414534146338
5.590582737289439, 16.658793470259575, -12.075609656097559
2.791280126197374, 16.64842450396464, -12.087804778048776
4.072298054325074e-13, 16.63064266974162, -12.099999899999997
2.5227819833162357e-11, 16.630642669741615, -12.099999899999997
-2.783267963721547, 16.60456587991583, -12.112195021951216
-5.554900718000551, 16.5048852874841, -12.124390143902435
-8.307182528651825, 16.20364963442369, -12.136585265853656
-10.843061475625765, 15.137228232785816, -12.148780387804877
-13.036445046109977, 13.511675567394063, -12.160975509756094
-14.790993174260144, 11.410705820008593, -12.173170631707315
-15.965644851307397, 8.909761636713535, -12.185365753658534
-16.365519509745074, 6.183888008814051, -12.197560875609753
-16.434513684821262, 3.4299567446841794, -12.209755997560974
-16.41852976717799, 0.6790787152082075, -12.221951119512191
-16.395227378380813, -2.063842150215463, -12.234146241463412
-16.34029487377201, -4.797859713247348, -12.24634136341463
-16.104166649141696, -7.511327599531041, -12.25853648536585
-15.238752480922388, -10.074553621591052, -12.27073160731707
-13.81834231454697, -12.374582470988774, -12.28292672926829
-11.821489499306074, -14.221353244956376, -12.295121851219509
-9.40609929943306, -15.437046897330294, -12.307316973170728
-6.786021691246555, -16.116507898807832, -12.319512095121949
-4.066890952322827, -16.18184134906797, -12.331707217073168
-1.3536317415678634, -16.19227487239525, -12.343902339024387
1.35182399629916, -16.185127603313887, -12.356097460975606
4.049492442611672, -16.157499014036517, -12.368292582926825
6.730764078285588, -15.96769687497719, -12.380487704878046
9.31408575283261, -15.314802437251434, -12.392682826829265
11.672341925441595, -14.049657847586847, -12.404877948780484
13.585065124407244, -12.175765486358227, -12.417073070731703
14.986527463312726, -9.906186744866224, -12.429268192682922
15.776210067158152, -7.360353751938448, -12.441463314634143
16.005829634621488, -4.696999908718178, -12.453658436585362
15.993440750609281, -2.0237606859775816, -12.465853558536583
15.973530025542207, 0.6415257769922287, -12.478048680487802
15.94881034003372, 3.298852506355853, -12.49024380243902
15.777298501378697, 5.942811755089765, -12.50243892439024
15.2773369426905, 8.509643413278496, -12.51463404634146
14.143814716208187, 10.896672179272253, -12.526829168292679
12.3978650822376, 12.837381157108032, -12.5390242902439
10.327942708048305, 14.431163752989676, -12.551219412195119
7.8474411811484925, 15.339738275237234, -12.563414534146338
5.262546345355989, 15.686514804773482, -12.575609656097557
2.6272743450615685, 15.724269047333596, -12.587804778048778
3.4638958368304884e-13, 15.764617265957186, -12.599999899999997
2.2224000417736534e-11, 15.764617265957186, -12.599999899999997
-2.620049157707506, 15.739251797558776, -12.612195021951216
-5.232076317080034, 15.700818758659356, -12.624390143902435
-7.7999289493416635, 15.301845627498261, -12.636585265853656
-10.212396269129984, 14.338383986844356, -12.648780387804877
-12.280338312525151, 12.767320007614476, -12.660975509756094
-13.925866670006549, 10.764393619340414, -12.673170631707313
-15.019564605815773, 8.411392702635451, -12.685365753658532
-15.516037170572751, 5.869899472525027, -12.697560875609753
-15.565407446816094, 3.2745991827437777, -12.709755997560972
-15.55220700611573, 0.6853243715769408, -12.721951119512193
-15.527539199339708, -1.896012100957861, -12.734146241463412
-15.414371835853071, -4.465691866827632, -12.74634136341463
-15.182767642661682, -7.022257231442399, -12.758536485365848
-14.244770642146602, -9.38217559679369, -12.770731607317071
-12.941483743010448, -11.549784008857152, -12.78292672926829
-11.037421374804211, -13.265701041136056, -12.795121851219509
-8.797099977940242, -14.422804140492063, -12.80731697317073
-6.37893947064064, -15.217170223742878, -12.819512095121949
-3.8213887539495097, -15.262612942051504, -12.831707217073168
-1.2718046085122714, -15.308497017453373, -12.843902339024387
1.2702655128263207, -15.319414886935963, -12.856097460975606
3.8047966027386106, -15.288277600692613, -12.868292582926827
6.322295892677786, -15.111743500270265, -12.880487704878046
8.740758376452963, -14.42352665813855, -12.892682826829265
10.9209623341829, -13.167625858961529, -12.904877948780484
12.730211448424548, -11.425399606730828, -12.917073070731703
14.089353145014208, -9.310570967462377, -12.929268192682922
14.876109071145496, -6.925524013891893, -12.941463314634143
15.135660701689307, -4.428488357712151, -12.953658436585362
15.125912697783235, -1.916775118153729, -12.965853558536582
15.106547198811333, 0.5870198527564272, -12.9780486804878
15.081136112587345, 3.082870748187099, -12.990243802439021
14.843563581019733, 5.560271638523768, -13.00243892439024
14.346546300420773, 7.961995969527916, -13.014634046341461
13.228725833649827, 10.179241613944477, -13.02682916829268
11.59000534565729, 11.995741185918154, -13.0390242902439
9.67278188793344, 13.536353666315666, -13.051219412195119
7.345291801074372, 14.393514884440831, -13.06341453414634
4.935853580168112, 14.797775890891026, -13.075609656097559
2.463943504457232, 14.847963197984486, -13.087804778048778
2.993161274389422e-13, 14.898591862172752, -13.099999899999997
1.922195735915011e-11, 14.898591862172752, -13.099999899999997
-2.4570347980134066, 14.871988209873214, -13.112195021951216
-4.905792033322921, 14.816212670135487, -13.124390143902435
-7.301144418487427, 14.368607858456649, -13.136585265853656
-9.542589405827387, 13.413960547935776, -13.148780387804877
-11.470141338582952, 11.927132466295708, -13.160975509756096
-13.02664262009284, 10.058596957440837, -13.173170631707315
-14.077019236105265, 7.864893783596744, -13.185365753658534
-14.619962402530149, 5.498610882737774, -13.197560875609753
-14.697289559724751, 3.0680159270706193, -13.209755997560972
-14.685865909678322, 0.6416309844094477, -13.221951119512191
-14.65962083526026, -1.7768249793529851, -13.23414624146341
-14.55188102884366, -4.1827522552938685, -13.24634136341463
-14.228418155651205, -6.564499395999417, -13.258536485365848
-13.336506047341114, -8.763780676153143, -13.27073160731707
-12.103333613670175, -10.802596707723664, -13.28292672926829
-10.286118464346346, -12.368382844854501, -13.295121851219509
-8.223340151005228, -13.516774250255063, -13.307316973170728
-5.962562203744827, -14.296517825854174, -13.319512095121947
-3.5768328241964933, -14.392528847841856, -13.331707217073168
-1.1902932658958518, -14.441285612302536, -13.343902339024387
1.1888164150198366, -14.452912758714522, -13.356097460975606
3.560351871355695, -14.415568241009417, -13.368292582926827
5.909875376289503, -14.19096935014634, -13.380487704878046
8.157212773703687, -13.48947607686852, -13.392682826829265
10.174230643137559, -12.274819872481348, -13.404877948780484
11.87545208260104, -10.651914584442055, -13.417073070731703
13.145406705816264, -8.67240873154324, -13.429268192682924
13.95898486788731, -6.469018703840131, -13.441463314634143
14.246073342575052, -4.13842869250505, -13.453658436585362
14.258351442223702, -1.7900201480141869, -13.465853558536583
14.240993038200514, 0.5510075330977301, -13.478048680487802
14.20875361407336, 2.8840836963268557, -13.490243802439021
13.94068356578899, 5.188787262677526, -13.50243892439024
13.475814086849237, 7.455033816959045, -13.51463404634146
12.299743589450646, 9.456303582717055, -13.526829168292679
10.809042273610153, 11.186610734383514, -13.539024290243898
9.003381911951253, 12.63477186774831, -13.551219412195119
6.843789576853354, 13.444961673272324, -13.563414534146338
4.6103630581284465, 13.939690535323303, -13.575609656097557
2.301212844711379, 13.986241609194359, -13.587804778048778
2.531308496145357e-13, 14.03256645838833, -13.599999899999997
1.6219914300563687e-11, 14.03256645838833, -13.599999899999997
-2.294080621881093, 14.002785278439449, -13.612195021951216
-4.578525613989521, 13.916285687601437, -13.624390143902435
-6.799467061914502, 13.422344850449937, -13.636585265853656
-8.86679941966326, 12.475739708984115, -13.648780387804877
-10.659313827245212, 11.081735306142596, -13.660975509756094
-12.111817760970572, 9.336317583563234, -13.673170631707313
-13.130317487097008, 7.310023710607768, -13.685365753658534
-13.693756535796421, 5.114333360303867, -13.697560875609753
-13.818833277632102, 2.8514960419967585, -13.709755997560972
-13.807574132642, 0.5887089993319983, -13.721951119512191
-13.778178648798612, -1.6658126521928907, -13.734146241463412
-13.694910485477486, -3.9086004962408767, -13.74634136341463
-13.264608780776056, -6.1060114172890225, -13.75853648536585
-12.43370795976442, -8.156071163576842, -13.770731607317071
-11.235045121535405, -10.037548408627714, -13.78292672926829
-9.54294459784441, -11.487745203290903, -13.795121851219509
-7.643200847160398, -12.615074493355792, -13.807316973170728
-5.53510508859422, -13.33243605402255, -13.819512095121947
-3.3280669943094843, -13.533259848754403, -13.831707217073168
-1.1075100059732503, -13.56654717547684, -13.843902339024385
1.1056903335163257, -13.55966945306535, -13.856097460975608
3.3103352489323563, -13.512167419957851, -13.868292582926827
5.486352784826911, -13.230881011778642, -13.880487704878046
7.552119762908019, -12.505941690804324, -13.892682826829265
9.406173550157735, -11.345426620311347, -13.904877948780484
10.975782672903218, -9.826526563321963, -13.917073070731705
12.170998921027259, -8.000069481637684, -13.929268192682922
12.968406214475777, -5.970585877940229, -13.941463314634143
13.308620469869886, -3.8190988701559982, -13.953658436585362
13.354711896541199, -1.639849494879366, -13.965853558536583
13.337374031943007, 0.5340368384796119, -13.9780486804878
13.304720331231245, 2.6996751666819163, -13.990243802439021
13.094690179077206, 4.846890210475202, -14.00243892439024
12.494578268862409, 6.913094566343094, -14.01463404634146
11.430906690590056, 8.782117029951676, -14.02682916829268
10.018582757383857, 10.392268949975211, -14.0390242902439
8.30170638914069, 11.674427676118913, -14.051219412195119
6.350466958627701, 12.549693274225795, -14.063414534146338
4.268151722184675, 13.018179345912468, -14.075609656097559
2.132795863515956, 13.126949010767714, -14.087804778048776
2.0383694732117874e-13, 13.119162947650748, -14.099999899999997
