-2.2560709267376876e-16, -0.16614297813328452, 0.9861016736711297
0.1299199195751444, -0.15288673361083924, 0.9706755376869692
0.2311661896315767, -0.03885310945765933, 0.9552494017028047
0.23161805796375623, 0.13567871706466186, 0.9398232657186407
0.10319873717085677, 0.28563005432938743, 0.9243971297344773
-0.11594499629864148, 0.32090872911715995, 0.9089709937503117
-0.32953457222671434, 0.19303688313959355, 0.8935448577661473
-0.42075874707101685, -0.0707187572770726, 0.8781187217819909
-0.30836754736382416, -0.36287974332351197, 0.8626925857978268
0.0, -0.5311681118253925, 0.8472664498136624
-6.788778110607687e-16, -0.5311681118253918, 0.8472664498136628
0.34605636573585363, -0.40723106645632084, 0.8318374342289613
0.5328782229179834, -0.0895631664629917, 0.8164084186442386
0.4742969564197868, 0.27783672447828045, 0.8009794030595212
0.19132263304374816, 0.5295364610930419, 0.7855503874748062
-0.19742078310093478, 0.5464147192959488, 0.7701213718900853
-0.5211428263519718, 0.30527839974285326, 0.7546923563053669
-0.6235843551042114, -0.10480854161185907, 0.7392633407206621
-0.43143046655566, -0.5076973186836299, 0.7238343251359488
0.0, -0.7058058638178183, 0.7084053095512367
-8.862673362585434e-16, -0.7058058638178181, 0.7084053095512369
0.4517490737696735, -0.531607782127796, 0.6929525968644406
0.6840296460252775, -0.11496784521749097, 0.6774998841776231
0.5991863987286613, 0.350995265985243, 0.662047171490812
0.23805799754026696, 0.658889058481346, 0.6465944588040038
-0.24211915108859106, 0.6701293850641743, 0.6311417461171854
-0.6303841011806807, 0.36927045696611993, 0.6156890334303652
-0.7444367411828969, -0.12512072909982042, 0.6002363207435631
-0.5086052234883877, -0.5985147741072393, 0.5847836080567632
0.0, -0.822108467039011, 0.5693308953699664
-1.0329584622566392e-15, -0.8221084670390109, 0.5693308953699664
0.5197945887357857, -0.6116821583583203, 0.5616274625510832
0.7777236899641389, -0.13071541172127596, 0.5539240297321927
0.6733623441048037, 0.3944465287846451, 0.5462205969133077
0.26449788159771814, 0.7320684958158077, 0.5385171640944255
-0.2660314106702461, 0.7363129469051969, 0.5308137312755331
-0.6851428845876651, 0.4013474096266947, 0.5231102984566339
-0.8005339668162534, -0.13454923441607491, 0.5154068656377453
-0.5412639958005248, -0.6369468562611587, 0.5077034328188759
0.0, -0.8660254037844348, 0.5000000000000068
-1.102212902209806e-15, -0.8660254037844348, 0.5000000000000068
0.5443310539451144, -0.6405560988005649, 0.49999999999999284
0.8096580775371457, -0.13608276348572762, 0.4999999999999982
0.6969234250627389, 0.40824829046555, 0.5
0.27216552697590346, 0.7532907513005984, 0.5000000000000033
-0.272165526972501, 0.753290751292344, 0.49999999999999856
-0.696923425066992, 0.40824829046729993, 0.4999999999999858
-0.8096580775522164, -0.136082763491971, 0.49999999999998174
-0.5443310539517955, -0.640556098816694, 0.4999999999999928
0.0, -0.866025403784435, 0.5000000000000062
-1.1186783034197617e-15, -0.866025403784435, 0.5000000000000062
0.5443310539448812, -0.6405560988000052, 0.49999999999999706
0.8096580775369882, -0.1360827634856625, 0.4999999999999992
0.6969234250628181, 0.4082482904655816, 0.500000000000001
0.2721655269759046, 0.753290751300598, 0.5000000000000038
-0.27216552697249274, 0.7532907512923305, 0.49999999999999933
-0.6969234250669303, 0.4082482904672773, 0.49999999999999056
-0.809658077552089, -0.1360827634919189, 0.49999999999998984
-0.5443310539517934, -0.6405560988166927, 0.4999999999999946
0.0, -0.8660254037844353, 0.5000000000000058
-1.1359203334588063e-15, -0.8660254037844353, 0.5000000000000057
0.5443310539458145, -0.6405560988022608, 0.5000000000000008
0.8096580775383091, -0.1360827634862096, 0.5000000000000004
0.6969234250613829, 0.40824829046498634, 0.5000000000000018
0.2721655269759056, 0.7532907513005976, 0.5000000000000038
-0.2721655269744157, 0.7532907512969781, 0.4999999999999999
-0.6969234250613998, 0.40824829046498845, 0.49999999999999456
-0.8096580775446134, -0.13608276348882314, 0.49999999999999645
-0.5443310539517926, -0.6405560988166913, 0.49999999999999606
0.0, -0.8660254037844357, 0.500000000000005
-1.1539952667327924e-15, -0.8660254037844357, 0.500000000000005
0.5443310539518167, -0.6405560988167536, 0.5000000000000038
0.8096580775425175, -0.13608276348795278, 0.5000000000000011
0.696923425058672, 0.408248290463863, 0.5000000000000019
0.2721655269759068, 0.7532907513005975, 0.5000000000000036
-0.27216552697591667, 0.7532907513006073, 0.5000000000000004
-0.6969234250586764, 0.4082482904638623, 0.4999999999999978
-0.8096580775424929, -0.13608276348794582, 0.5000000000000017
-0.5443310539517909, -0.64055609881669, 0.4999999999999974
0.0, -0.8660254037844362, 0.5000000000000042
-1.1729649490619408e-15, -0.8660254037844362, 0.5000000000000042
0.5443310539518155, -0.6405560988167524, 0.5000000000000059
0.8096580775425176, -0.1360827634879527, 0.5000000000000013
0.6969234250586722, 0.40824829046386235, 0.5000000000000014
0.272165526975908, 0.7532907513005973, 0.5000000000000031
-0.2721655269759148, 0.7532907513006081, 0.5000000000000007
-0.6969234250586747, 0.40824829046386335, 0.5000000000000004
-0.8096580775424908, -0.13608276348794476, 0.5000000000000053
-0.5443310539517902, -0.6405560988166887, 0.4999999999999983
0.0, -0.8660254037844368, 0.5000000000000033
-1.1928975046729142e-15, -0.8660254037844368, 0.5000000000000033
0.5443310539518145, -0.6405560988167514, 0.5000000000000073
0.809658077542518, -0.1360827634879528, 0.500000000000001
0.6969234250586727, 0.408248290463862, 0.5000000000000007
0.27216552697590907, 0.7532907513005974, 0.5000000000000023
-0.2721655269759137, 0.7532907513006085, 0.5000000000000008
-0.6969234250586737, 0.4082482904638636, 0.5000000000000022
-0.8096580775424891, -0.13608276348794449, 0.5000000000000075
-0.5443310539517889, -0.6405560988166872, 0.4999999999999992
0.0, -0.8660254037844374, 0.5000000000000022
-1.2138681536519632e-15, -0.8660254037844374, 0.5000000000000022
0.544331053951814, -0.6405560988167508, 0.5000000000000082
0.8096580775425184, -0.1360827634879528, 0.5000000000000004
0.6969234250586734, 0.4082482904638619, 0.49999999999999956
0.2721655269759101, 0.7532907513005975, 0.5000000000000012
-0.2721655269759127, 0.7532907513006093, 0.5000000000000007
-0.6969234250586728, 0.40824829046386396, 0.5000000000000033
-0.8096580775424883, -0.1360827634879437, 0.5000000000000084
-0.5443310539517883, -0.6405560988166853, 0.49999999999999994
0.0, -0.8660254037844379, 0.5000000000000011
-1.2359601605324271e-15, -0.866025403784438, 0.5000000000000011
0.5443310539523011, -0.6405560988179273, 0.5000000000000083
0.8096580775419304, -0.13608276348770942, 0.4999999999999995
0.6969234250538989, 0.4082482904618836, 0.49999999999999817
0.2721655269776696, 0.7532907513048428, 0.49999999999999983
-0.2721655269772525, 0.7532907513038476, 0.5000000000000007
-0.6969234250528448, 0.4082482904614507, 0.500000000000004
-0.8096580775424885, -0.13608276348794346, 0.5000000000000079
-0.5443310539517874, -0.6405560988166838, 0.5000000000000002
0.0, -0.8660254037844387, 0.49999999999999983
-1.2592659392331872e-15, -0.8660254037844388, 0.49999999999999983
0.5443310539557129, -0.6405560988261642, 0.5000000000000075
0.8096580775404604, -0.13608276348710027, 0.49999999999999817
0.6969234250491245, 0.4082482904599059, 0.49999999999999617
0.2721655269781102, 0.7532907513059046, 0.4999999999999981
-0.27216552697853497, 0.7532907513069462, 0.5000000000000002
-0.6969234250554508, 0.4082482904625303, 0.5000000000000037
-0.8096580775274673, -0.13608276348172024, 0.5000000000000059
-0.5443310539470677, -0.6405560988052882, 0.5000000000000004
0.0, -0.8660254037844395, 0.49999999999999856
-1.2838883452629788e-15, -0.8660254037844395, 0.49999999999999856
0.5443310539518138, -0.6405560988167506, 0.5000000000000062
0.8096580775425207, -0.13608276348795362, 0.49999999999999645
0.6969234250586771, 0.4082482904638626, 0.4999999999999937
0.27216552697591356, 0.7532907513005989, 0.49999999999999606
-0.272165526977151, 0.7532907513036079, 0.4999999999999997
-0.696923425058519, 0.4082482904638015, 0.5000000000000027
-0.8096580775381994, -0.13608276348616363, 0.5000000000000024
-0.5443310539511969, -0.6405560988152554, 0.5000000000000003
0.0, -0.8660254037844404, 0.49999999999999706
-1.309942193294489e-15, -0.8660254037844404, 0.49999999999999717
0.5443310539518147, -0.6405560988167516, 0.500000000000004
0.8096580775425217, -0.13608276348795406, 0.49999999999999434
0.6969234250586789, 0.40824829046386324, 0.4999999999999908
0.27216552697591456, 0.7532907513005996, 0.49999999999999367
-0.27216552697590984, 0.7532907513006121, 0.4999999999999991
-0.6969234250643497, 0.4082482904662156, 0.500000000000001
-0.8096580775310317, -0.13608276348319387, 0.49999999999999756
-0.5443310539442351, -0.6405560987984481, 0.49999999999999983
0.0, -0.8660254037844414, 0.49999999999999545
-1.3375560473382738e-15, -0.8660254037844414, 0.49999999999999556
0.5443310539518156, -0.6405560988167526, 0.5000000000000013
0.8096580775425228, -0.13608276348795434, 0.499999999999992
0.696923425058681, 0.4082482904638643, 0.49999999999998734
0.27216552697591545, 0.7532907513006004, 0.4999999999999909
-0.27216552697591, 0.7532907513006128, 0.49999999999999833
-0.6969234250615135, 0.40824829046503963, 0.49999999999999856
-0.8096580775392219, -0.1360827634865848, 0.49999999999999123
-0.5443310539508422, -0.6405560988143971, 0.49999999999999933
0.0, -0.8660254037844424, 0.49999999999999384
-1.3668743424074387e-15, -0.8660254037844421, 0.4999999999999938
0.5398699101200417, -0.635306328721155, 0.5107918940420699
0.7963867379330956, -0.13385219157206818, 0.5215837880841356
0.679788215062769, 0.39821071684236775, 0.5323756821262049
0.26324323931236654, 0.7285959383605627, 0.5431675761682817
-0.26101266739646706, 0.722422235125566, 0.5539594702103646
-0.6626530050668454, 0.3881731432208721, 0.5647513642524397
-0.7632083889095002, -0.12827576178233524, 0.5755432582945021
-0.5086419032975821, -0.5985579380518806, 0.5863351523365797
0.0, -0.8021466764146755, 0.5971270463786494
-1.2907796403717762e-15, -0.8021466764146755, 0.5971270463786496
0.495423628580537, -0.5830029804128766, 0.6125806129230197
0.723885690642873, -0.12166662442381507, 0.6280341794673996
0.6118817406553597, 0.3584320251074454, 0.6434877460117747
0.23457611796232536, 0.6492520272512385, 0.6589413125561523
-0.23019755251965965, 0.6371331785176813, 0.6743948791005367
-0.5782456862397674, 0.33872848061551963, 0.689848445644915
-0.6587572939997954, -0.11072021081717283, 0.7053020121892826
-0.4341237123833999, -0.5108666676084118, 0.7207555787336588
0.0, -0.6767540871017963, 0.7362091452780346
