6.780452945456402e-16, -0.14866246953622225, 0.9888879967677794
0.015941424186077784, -0.14315806304086615, 0.988747302989785
0.03448593787431911, -0.13457653360106553, 0.9891734891080168
0.05376849505887897, -0.12455972539623986, 0.9893885393104376
0.07377721215116863, -0.11312779633633745, 0.9893819663377593
0.09386410194133586, -0.09953029484620458, 0.9886813081560241
0.11426642418564513, -0.08419559704331928, 0.9877183657127462
0.13478577654263224, -0.06704839439958558, 0.9860242897738787
0.15502242206680122, -0.04782403068624476, 0.9831416009947628
0.17574856766711358, -0.027184873480249984, 0.9796629755829775
0.1971115963492775, -0.005234738371279467, 0.9757138659244969
0.1945620456184109, 0.016333743426212622, 0.976353562034372
0.1815284934018208, 0.040370108109767044, 0.9780013813393134
0.16748807428583162, 0.06546928007952753, 0.9797256063955744
0.15170314782306538, 0.09114671214013123, 0.9806438375644493
0.13327208809515206, 0.11649959382336447, 0.9803894088592044
0.11327349653503778, 0.14237007937626078, 0.9795427683109883
0.09089399635657, 0.1678153972798523, 0.9775964506001735
0.06635239022590472, 0.19285702608214983, 0.9741584560041782
0.04039027435967989, 0.2182720521386159, 0.9697836435212885
0.012443194764503143, 0.24314974484283652, 0.9636745405542104
-0.012214281334853019, 0.2481769312303392, 0.9619101980484734
-0.041899704257018264, 0.23106764968787463, 0.9649354551175587
-0.07266936768143573, 0.21300278385181826, 0.9681583137149737
-0.10439167071871353, 0.19379998604729884, 0.971423399270027
-0.13473178169286287, 0.1704200817820859, 0.9711279715285738
-0.1656476635618564, 0.14545966142151048, 0.9703753023354922
-0.1972513977804212, 0.11912814831988777, 0.9694989178283042
-0.22604848559726212, 0.08880186205886625, 0.964060827856119
-0.25540207957246613, 0.057083779217496855, 0.9580530445544566
-0.28542198559780396, 0.0240754480388193, 0.9515998269381317
-0.30304252263436143, -0.0076980298579728355, 0.9484488632042265
-0.2827292658730324, -0.04355219703320673, 0.9538491927619079
-0.2606062383448582, -0.08006582174692853, 0.9586992266896976
-0.23613298772037888, -0.11682735163143895, 0.9617815491563761
-0.20937824888018586, -0.15372316902757321, 0.9634602621029512
-0.1798430593159842, -0.19018776773700313, 0.963266678886266
-0.14743939088224667, -0.22574631445026935, 0.9610333069899826
-0.11272566045601567, -0.26076231163245595, 0.9570365067880368
-0.07591750651258426, -0.2953734002567707, 0.9512308329615234
-0.03684319036842801, -0.3286671504338407, 0.9420964121321322
5.3369851940598956e-17, -0.3590016841023624, 0.9333369117374859
3.4259864099112616e-15, -0.3590016841023624, 0.9333369117374858
0.037726288950422834, -0.33427064184582095, 0.9381158327876842
0.07906772287485314, -0.30620713612568196, 0.9441967644089496
0.1209592060859047, -0.2775100251998791, 0.950295481697752
0.16173379593290463, -0.2459016963255877, 0.9535834925597201
0.2009454108831823, -0.21083941283870627, 0.95343885694934
0.2400889546256059, -0.17454068449933502, 0.9521992812101068
0.27755370057071366, -0.13588893525979787, 0.9481309540300868
0.3125297771450251, -0.09440061400898037, 0.9401058370416702
0.3472841593924368, -0.051900714763951236, 0.9308111343115122
0.382433864183666, -0.008723775856639915, 0.9211542270816987
0.3695579659481304, 0.03275622025966607, 0.9267206389909494
0.33960419583054174, 0.07734571318878287, 0.9345788228249966
0.30843862124441634, 0.1222318772207184, 0.9416793813226811
0.2741633595278763, 0.16622768812698271, 0.9452577929496295
0.23743835551253648, 0.209281993641529, 0.94655134404745
0.1984385985931179, 0.2513782641558581, 0.945644136976861
0.15679384471891805, 0.2918071288205245, 0.941713710922613
0.11288485943716298, 0.3303605813623832, 0.9343747808378192
0.06762479067861538, 0.36814176860660325, 0.92498862177265
0.02054846395378953, 0.4036199121256981, 0.9114835477821518
-0.021526221060312822, 0.40502965127818036, 0.909672869982592
-0.06945582600033025, 0.3731447724347196, 0.9193854634572085
-0.11803872585475106, 0.3408248496451295, 0.9294072661495381
-0.16535498593926853, 0.30437747813312654, 0.9343190250235031
-0.21169877240330864, 0.2652579594449903, 0.9367495266962331
-0.25695729305394477, 0.2238177444363476, 0.9363682261243809
-0.3008821705508061, 0.1798502747437, 0.932738608708295
-0.3435602276723346, 0.13386732560300635, 0.9268180983640764
-0.382364890810871, 0.08487249648117266, 0.9142799706494904
-0.4213689904034732, 0.03509442086734808, 0.9010915695478923
-0.44173075396657235, -0.011856984485817177, 0.8949187929296345
-0.4093303514041089, -0.06349443263638976, 0.9081455554844726
-0.37366172445369134, -0.11476858575634932, 0.9179021872039661
-0.33580350499885425, -0.1657168230130103, 0.925383190564649
-0.2952593240644093, -0.21605176762413283, 0.9298412313906559
-0.2510294658499804, -0.26440318408130337, 0.9296819815614586
-0.20436603425515953, -0.3112941001046107, 0.926429019249358
-0.15553664403662368, -0.3567868038318502, 0.9201106056315742
-0.10422110910480711, -0.39978048482991685, 0.9090627540378852
-0.05134666937613973, -0.4409016515987129, 0.8945130488090883
7.846913223363838e-17, -0.47906977518318156, 0.8777768227208644
5.0366475473533456e-15, -0.4790697751831821, 0.8777768227208643
0.05278372773779865, -0.44180678878939894, 0.891784582659417
0.10709168924263399, -0.40377693704922235, 0.9060459687004093
0.15986044260807436, -0.36248062992861835, 0.915681869143513
0.2110630331594014, -0.3178757962708173, 0.9206190029938054
0.26219540409807246, -0.272977977103484, 0.9252476028490795
0.3084508224158985, -0.2228591929615639, 0.9213455777713065
0.35424893252881906, -0.1721986874115606, 0.9165297187852243
0.39732007587069507, -0.11984026974552826, 0.9074993985056563
0.43675988448808917, -0.06545248366079995, 0.8929955479674961
0.4759588904636759, -0.010825816920807835, 0.8779870526667035
0.45742224104242846, 0.04016776893273001, 0.8873565641720267
0.41882022586998896, 0.09481433241351524, 0.9014958710033858
0.3781111234951124, 0.1488494476969876, 0.9128788301142441
0.33413387223802354, 0.20118272383489083, 0.9194959084568638
0.2880552898866757, 0.25217978789624723, 0.9230434899304807
0.2392798807739288, 0.3009620927853365, 0.9223731864028591
0.18816666209449218, 0.34721680897430146, 0.917553893170852
0.13542082459091154, 0.3912671302342031, 0.9091472513804661
0.08111890387135182, 0.4325022809924267, 0.8964445715286059
0.025766931298456884, 0.4714258853222462, 0.8803665802395341
-0.026650568517500313, 0.4712883215239176, 0.8802576304845053
-0.08187081248971285, 0.4320172820916465, 0.8943633274151992
-0.13716408242340358, 0.3925709989896906, 0.9083809371696403
-0.1899735914480907, 0.3480922851199053, 0.9151214536846097
-0.24236485678625855, 0.3025305199421727, 0.9204084547105944
-0.2917629324459749, 0.25348098464954494, 0.9200484063902935
-0.33952323360407954, 0.20263417291795421, 0.9167087633231745
-0.3847074619961781, 0.14973621133735127, 0.9090919017394847
-0.426976136463339, 0.09520825703875477, 0.8970581961505353
-0.4663673739752148, 0.03932112357046573, 0.880753740405834
-0.48611925136582124, -0.012214168464281368, 0.8729755302359518
-0.44860216571712874, -0.06857962268888497, 0.8902012394076315
-0.40756943821696034, -0.12381679249807498, 0.9027033252421287
-0.36513943003178145, -0.17862536524664738, 0.9133884964976731
-0.31867099544935973, -0.23114354292555084, 0.9179975318607434
-0.27009618005162406, -0.2819811792899487, 0.9193157761810656
-0.21954179114719571, -0.3311538238602559, 0.9174589688452496
-0.16612170349213226, -0.3767808075825446, 0.9097608260019071
-0.11145873432406433, -0.4202035225233089, 0.8986619906143385
-0.055300773894503934, -0.4607300423014799, 0.8831912537036162
7.258733544790452e-17, -0.49999999999999317, 0.8660254037844426
5.023498054740017e-15, -0.49999999999999317, 0.8660254037844427
0.055646438849616044, -0.46106323377848507, 0.8830806111702776
0.1117019329198986, -0.4200439761022211, 0.8972068744461834
0.16719915865022222, -0.37797666304998667, 0.9097654556431262
0.2202530618910617, -0.3313186736011895, 0.9154609738407358
0.27182313817071346, -0.2829877249345206, 0.918357851502849
0.32105102620572107, -0.23201521502875225, 0.9168357478313076
0.36729607061670205, -0.17886064894339143, 0.9105584340368815
0.4118669206125292, -0.1244815677163294, 0.9016126019794436
0.4522108340097599, -0.06832398555440529, 0.8866361736460389
0.49123263952105845, -0.01161051230963239, 0.8697741002399474
0.47205740309816957, 0.040535941281621746, 0.8790363426962335
0.43263448569621027, 0.09703053497707524, 0.8953410038727617
0.389578819992612, 0.15220153778940868, 0.9065793817486711
0.3444157860695132, 0.2060807936932935, 0.914546133914866
0.29703702158604417, 0.25860183365118417, 0.9190736339625794
0.24612545343404374, 0.3078764846290792, 0.9176504385491947
0.19370691590115158, 0.3551960397878119, 0.9130770589319259
0.13974929738219297, 0.4004794881010302, 0.9052443062892026
0.08359236576169843, 0.4410818313435723, 0.8906000835225558
0.02723672768476868, 0.48126030061876457, 0.8753398295899166
-0.027630436016629144, 0.48153542530053284, 0.87596975358629
-0.08368839320354718, 0.4405662034597284, 0.8901663000100171
-0.13973336263087743, 0.3995400476285672, 0.9042715129889152
-0.19372382503265306, 0.35465728759860854, 0.9126142764377396
-0.24677110991957701, 0.3080051202656548, 0.9183131144820889
-0.29642279057646637, 0.2575213366867075, 0.9175982147231436
-0.34498777929590346, 0.20607496045257784, 0.9150269838778584
-0.3895652845135843, 0.15170823479708467, 0.9061004600141707
-0.4326579235236152, 0.09671645952759375, 0.8950558689749107
-0.4716846406665757, 0.04001129385106197, 0.8782097086559596
-0.4911855114334848, -0.012129976695248231, 0.8701228746206946
-0.4528700952860042, -0.06902085569249253, 0.8879640075777419
-0.4110918923863366, -0.12464974494605321, 0.9009735176080522
-0.368038592381735, -0.179813442700863, 0.9122030873539833
-0.3207157631053591, -0.23235963145138874, 0.9168133034747213
-0.2716200823703902, -0.2832920777199504, 0.9184406149246044
-0.22062488886944556, -0.3324793769268114, 0.9168642231925942
-0.16673553572390173, -0.377841805516019, 0.9091650412507116
-0.11178125506617467, -0.4209866757568648, 0.8982287326289485
-0.05543907885454289, -0.4611836897997862, 0.8830034772987032
4.461491939777851e-17, -0.4999999999999943, 0.8660254037844419
4.73552866481929e-15, -0.4999999999999943, 0.8660254037844419
0.05567834114236217, -0.46113400685074274, 0.8831768078370352
0.1116995119603748, -0.4201314784734077, 0.8972796158811757
0.16714199216518763, -0.37803612568343553, 0.9097514574305285
0.22022537522671098, -0.3315042441308367, 0.9155983552464584
0.27172884047306844, -0.28314926823486586, 0.9184115967977905
0.3209117618535843, -0.23221919797971852, 0.9168817666763781
0.3672016740116267, -0.17914891374261016, 0.9107332314777226
0.4117328059128583, -0.12482016278411166, 0.9018003481483814
0.4520448241397583, -0.0686802471680334, 0.8868288174081315
0.4911073669229321, -0.012065460045434856, 0.8700557059015306
0.47188530675822304, 0.04065213073463184, 0.8789667532131824
0.4326805895191995, 0.09721362347189572, 0.8955629360701028
0.3893962280094242, 0.1522360463593129, 0.90642127261905
0.344525169416139, 0.2062878583390837, 0.9148221079795165
0.2966930842999146, 0.25839725275414616, 0.9185900073642803
0.24612341090613987, 0.3079180106293622, 0.9176696234392961
0.19367099639400673, 0.35521159477883846, 0.9130640653450539
0.13956145383809337, 0.40001557252385006, 0.9045722629318008
0.08370144984555014, 0.4413172136510284, 0.8909197707094615
0.027402855953888864, 0.48129665627270135, 0.8753676706868698
-0.02730752031581742, 0.481547584225714, 0.87555364767368
-0.0835648391494607, 0.4415002781754326, 0.890959029142236
-0.13942730135414777, 0.4001895621164576, 0.9046022055384348
-0.1934341349226828, 0.3553411573664953, 0.9129603896450795
-0.246096702106537, 0.30837300357994196, 0.9180458053056095
-0.2962638063992091, 0.2585070856562943, 0.9183110208968039
-0.3445273493973738, 0.20684404908812745, 0.9153133739385195
-0.38935229509066777, 0.15273094711936558, 0.9068744951987409
-0.4318097013143821, 0.09750743273680884, 0.8949931683925187
-0.47182220822298476, 0.04119924252959036, 0.8795915345357352
-0.490949504555327, -0.01237863550739568, 0.8701088216698858
-0.4523364583543091, -0.06914081238427287, 0.8875192612009032
-0.4110318756969876, -0.12485760702343425, 0.9011184906219278
-0.3672323483219433, -0.1795870688548426, 0.9111691867701647
-0.32048169457907477, -0.23232760819129375, 0.9165846326492518
-0.27176378913843785, -0.28364725864029455, 0.9188703973082171
-0.21994552669342626, -0.33168405414973534, 0.9155187225779404
-0.16702682882632972, -0.3782921766713425, 0.9098551753782793
-0.1115649589936999, -0.4205235406276338, 0.8975199265414175
-0.055973981173931056, -0.46241593880595083, 0.8846929276071809
-1.734723475976807e-18, -0.4999999999999954, 0.8660254037844414
4.41011833405244e-15, -0.4999999999999954, 0.8660254037844413
0.05544694081162936, -0.46272830953346233, 0.8844800772181141
0.11129609165959259, -0.4215151185688111, 0.8982422597171076
0.16639607100517662, -0.37867502074660675, 0.9096276234332907
0.22001418385841817, -0.3329872338428272, 0.9167571948417537
0.271205758928505, -0.28412198950966666, 0.9187968644502733
0.32025401414855487, -0.23315741357607334, 0.9171114740844859
0.36701361266548116, -0.18032870966845532, 0.9116750272505079
0.4112140933100415, -0.12582533512797575, 0.9022537347519823
0.45174146083287947, -0.06965352749073445, 0.8875231288013734
0.4908253142866944, -0.013064213461456108, 0.8706967754755341
0.4716707953617854, 0.040465038961395486, 0.8785395938726526
0.43284564641343976, 0.09715031404520849, 0.8956523269521688
0.38922808184301816, 0.1518933044974168, 0.9059264954080299
0.3446465095807223, 0.20616425492640678, 0.9147850958884299
0.2963145808174386, 0.2577488577202589, 0.917687815462291
0.24612027983734863, 0.30761647305944495, 0.9173901691074603
0.19373270421380784, 0.3549639772140651, 0.9128704355985319
0.13927397630895538, 0.39914177573600346, 0.9034043165381228
0.08402759128660856, 0.4418898717984354, 0.8917727417666339
0.02749292207456602, 0.4810971165917314, 0.8750541516043908
-0.02662098409074829, 0.4816349172722139, 0.8749076945739529
-0.08330016351644044, 0.4427742260677918, 0.8919541464875819
-0.13888217281933898, 0.40064888789814956, 0.9045075952635213
-0.193075946629025, 0.35593536583554863, 0.9131720702567757
-0.24572494759757663, 0.30882521101203325, 0.9181196257964445
-0.2962040680584421, 0.2590868919058959, 0.9187664701306699
-0.34407168592957493, 0.20696779525956768, 0.9150082446957928
-0.38927647161360546, 0.15301829130909458, 0.9070544285117578
-0.4322990738940984, 0.09784040956720351, 0.8958003892365609
-0.4714680104950918, 0.04112727190177752, 0.8791679455135708
-0.4914568735185231, -0.011478642425478185, 0.8697211716598794
-0.4523882987926241, -0.06816160385020253, 0.8865740810288553
-0.4119993345922272, -0.12429687098078601, 0.9015384896819909
-0.3670251444387249, -0.178447182060946, 0.9098902646574492
-0.321597781437548, -0.2322992369572266, 0.9175392186376521
-0.2714358437668676, -0.28236922004696285, 0.917460874978991
-0.22074081077670998, -0.3319228182411397, 0.9164512110304728
-0.16660197093077941, -0.376810779586495, 0.9079763330549934
-0.11189289888019728, -0.4208780741776208, 0.8982011822205553
-0.0558653347101077, -0.46157914002758266, 0.8835826085248345
-6.635317295611287e-17, -0.4999999999999965, 0.8660254037844407
4.045422975540855e-15, -0.4999999999999965, 0.8660254037844406
0.054805687270590556, -0.4625836500381272, 0.8836798870643081
0.11096739252920562, -0.4218821592885771, 0.898274833150464
0.16639873887655438, -0.37918830370662104, 0.9101098408054449
0.21965273922163117, -0.33268048356161706, 0.9161400588631258
0.27110291561229005, -0.28397792236252034, 0.9185847919269962
0.3205023203089904, -0.23314638140506452, 0.9173122728488929
0.3675931431475866, -0.1803201087910286, 0.9122173456373448
0.41108933618486615, -0.12529868504463948, 0.9015886023724219
0.45214592003691556, -0.06931246236004017, 0.8875656169033934
0.4907517724137277, -0.01239767084620903, 0.8701615434277673
0.47170288683694334, 0.03969785961423743, 0.8777968433289643
0.4322187364327813, 0.0963244550325698, 0.8941545649809775
0.38979372671615475, 0.15164983368705043, 0.906252590575531
0.34391601953128387, 0.20527023358185442, 0.9132643373577622
0.29634344162921167, 0.2575312907921966, 0.9175052206583791
0.24582969365149931, 0.3071706777836096, 0.916724480322136
0.19334300366162122, 0.3544522134930863, 0.9120049799785778
0.13932949947442502, 0.3995976980738296, 0.9038979814091576
0.08370692916837855, 0.4414599543046016, 0.8909602595720401
0.02704541291845161, 0.4806836995506647, 0.8742329552216636
-0.026871814826505004, 0.4815466862750544, 0.8751825363076542
-0.08355239785633295, 0.44227596156345955, 0.8917130955293882
-0.13923695401752398, 0.4003632026759132, 0.9045685722829739
-0.19368218999117137, 0.35590018955178726, 0.9136931214006472
-0.24618570719847083, 0.308471724658249, 0.9182053476873783
-0.296502118104231, 0.25854615543153564, 0.9185524960399329
-0.34436155089792964, 0.20644185068762894, 0.9147732438272221
-0.3898051898694661, 0.15263631149530046, 0.907179237505088
-0.43274104315754064, 0.09737977663818034, 0.8957700359782268
-0.4717402870114159, 0.0406626788640668, 0.8789496907661272
-0.49101028514828216, -0.01179494062027134, 0.8695879815692151
-0.4511141103489883, -0.06825457168850797, 0.885341617045821
-0.41097911561996703, -0.1246108828637813, 0.90074906152124
-0.36663960262828876, -0.17884272136244223, 0.9099397731629963
-0.31973301345522104, -0.23171327597105232, 0.9153033087852052
-0.27175230010708995, -0.2836541737362376, 0.9188539511204773
-0.21915824204441622, -0.33090690412847945, 0.9140576615782757
-0.16618143906583405, -0.37765241720325543, 0.9084475701598739
-0.11127468542024398, -0.4206044910803607, 0.8972279123398033
-0.05485966695195389, -0.4605450512702976, 0.8815660544749047
-1.4864411784776266e-16, -0.49999999999999756, 0.86602540378444
3.639308116295585e-15, -0.49999999999999756, 0.8660254037844402
0.05565920137558149, -0.4614432590310706, 0.8834640384297645
0.11210242479617369, -0.42155543845163795, 0.8990768639944288
0.1669378868175101, -0.37801534180381635, 0.9094697898252937
0.2203238905827765, -0.3320496557864448, 0.9161778833078156
0.2718607529551258, -0.28360739142514413, 0.9189190682126248
0.3212743693541491, -0.23288698339672598, 0.9177679464867393
0.3676951448421581, -0.17974377641480282, 0.9117527460228738
0.41141039510265287, -0.125025344857488, 0.9016224128368067
0.45250382888410884, -0.0691540657819662, 0.88775914230182
0.49102870447035296, -0.012368705516953935, 0.8703399131637319
0.4706841193587257, 0.04055858407338219, 0.8775745046690224
0.43079724035092876, 0.0969732258081833, 0.8933106555046937
0.3895526410719779, 0.1527148225379928, 0.9070371856448662
0.34268259110005533, 0.2055653038165774, 0.912413608203291
0.2958637970028429, 0.25844469317596025, 0.9178643168447871
0.2449957914890067, 0.30737938205918025, 0.9161324018831292
0.19245206435309986, 0.3546337949365944, 0.9113889657496748
0.13903778592399282, 0.4002590439253661, 0.904223370095931
0.08272360846851659, 0.4403498066965694, 0.888841046014132
0.0264216395240594, 0.4804595991023153, 0.8734925016995874
-0.02741100994804039, 0.4811802062030466, 0.8754271802213125
-0.083889960925004, 0.44157800138002345, 0.8913540737478927
-0.1395984746451699, 0.4001782500675751, 0.9047319147225901
-0.19396677192052195, 0.3558257380357259, 0.9138768878059276
-0.2464145893552716, 0.3085290277155174, 0.9184550408395016
-0.29655808444835097, 0.25862113831426237, 0.9186653488654372
-0.3443475931155591, 0.2066349746014025, 0.9149286594594244
-0.38960060420775067, 0.1528755701656624, 0.9072032313581762
-0.43208136519224655, 0.09763531135591916, 0.8953630766976723
-0.47165035396678745, 0.0412155137529469, 0.8794462988687491
-0.49031374355765794, -0.013043772470426328, 0.8699880571317415
-0.45073092212645705, -0.06948754968104662, 0.8861110600876839
-0.4111792860876867, -0.12593431514558748, 0.9022737401841069
-0.36542665890488235, -0.17938857189513022, 0.9092924016329352
-0.31910760958569945, -0.2325498150420112, 0.9154673995837362
-0.27059110362782685, -0.2836442802047037, 0.9178059213924882
-0.21839938550029242, -0.33126118948315675, 0.9137102359010092
-0.16624377086075032, -0.378915277879606, 0.9096809863727132
-0.11047701732122403, -0.41998355436332446, 0.8958097893299952
-0.05429408135918931, -0.46027888570575043, 0.8807905977460637
-2.484991379336776e-16, -0.4999999999999985, 0.8660254037844395
3.1892893964332422e-15, -0.4999999999999985, 0.8660254037844395
0.05561209304799768, -0.4613405699497588, 0.8833127531892756
0.11208300238522129, -0.4220189796317666, 0.8995054483638459
0.16678157311119582, -0.37840947252100054, 0.9096822442803902
0.2200009174805714, -0.33241255890739263, 0.9162010205945085
0.27132554016763744, -0.2839424824022644, 0.9187423719039799
0.3204616397501197, -0.23320058020065793, 0.917312619883142
0.3672109907690122, -0.18047348496584706, 0.9119541664098165
0.41125886669291156, -0.1259893294368379, 0.9024172750083259
0.4515567519774206, -0.06986179368164598, 0.8875327520644125
0.4907860993999859, -0.01343568156611929, 0.8710095358142385
0.47074129438530177, 0.04136808532944552, 0.8783645113760964
0.43152997961047623, 0.09784421407708563, 0.8949215227443934
0.3884140590181261, 0.15256606682748938, 0.9057883870055138
0.3428494641035298, 0.20614748471412245, 0.9130631350885013
0.295964564882946, 0.25871683304599735, 0.9182090077720824
0.24501951369787733, 0.3076231192212835, 0.9163877098702569
0.19273151316023873, 0.3549173046661763, 0.9118806899796444
0.138857251249909, 0.39967292029412815, 0.9034724305793506
0.08310161265379395, 0.44075831989812386, 0.8896246198989506
0.02677405609041597, 0.480503518351334, 0.8738334181970372
-0.02667977098110997, 0.48132460917331044, 0.8748248890815339
-0.08335120681285543, 0.4425842718732562, 0.8918101856803214
-0.13882806608076126, 0.40070307763160207, 0.9044708825057202
-0.19303599351538997, 0.35626454766463067, 0.9134065287706641
-0.2455693776317719, 0.3092101317370332, 0.9183064621664354
-0.29594903090484903, 0.25958225421376235, 0.918971001659816
-0.3437449696716027, 0.2075903201804361, 0.9152374643824102
-0.388865086871091, 0.15375301233176222, 0.9073208977928584
-0.4311723243713822, 0.0984779093133265, 0.895273172547778
-0.47140603681387167, 0.04226501104917743, 0.8802465560636218
-0.4907564966255764, -0.01265342636886124, 0.8700710196024806
-0.4518507693127798, -0.06924827411869038, 0.8870492226720422
-0.41105975460948835, -0.12506491825237928, 0.9013188982523603
-0.36627318940048936, -0.17916120726961438, 0.9098089444661115
-0.3205950568822452, -0.23257283522421646, 0.9168608234489851
-0.2708991590105669, -0.28286870688788773, 0.9174028800601731
-0.22017827208662394, -0.3320240147447382, 0.9159809674175644
-0.16631586233570006, -0.3771908059463821, 0.9080707472740979
-0.11216591489520777, -0.4218716930785341, 0.8994223770863973
-0.05563417602413531, -0.4610229553424038, 0.8827576124494118
-3.649424512586208e-16, -0.49999999999999933, 0.8660254037844392
2.6924578129698585e-15, -0.49999999999999933, 0.866025403784439
0.05444548972249973, -0.46251876218861865, 0.8833002927680852
0.11066096603370974, -0.42243733956243257, 0.8984986632981058
0.16588256545443875, -0.3796827334872941, 0.9100349065750178
0.21911133067989405, -0.3334374369950912, 0.9163073400401562
0.2704326142017562, -0.28481240855653195, 0.9187154407559478
0.3195799705946966, -0.23398171605114673, 0.9172138763412929
0.36634389688736857, -0.18120159491565088, 0.9117955501149003
0.4106926080722658, -0.12681923568129352, 0.9026437308997477
0.4512043008295195, -0.07065873149720622, 0.8879509967419381
0.4902719839845476, -0.014149440338222262, 0.8711258979823044
0.47151368374910085, 0.04076979151481805, 0.8786123070942781
0.43268618052292884, 0.09743221304751463, 0.8957239074653203
0.3887711750570026, 0.15198345359768017, 0.9055275984192411
0.3442054623733094, 0.2062616488900588, 0.9143952796332941
0.29591699613138434, 0.257697895673243, 0.917265015409637
0.24600649994768164, 0.30789402393155463, 0.9175202382592231
0.193345217241104, 0.35460794033807136, 0.9121064583385073
0.1393043956635194, 0.3995754093875904, 0.903849596607642
0.08393595190167635, 0.4414722256334459, 0.8911493724852966
0.02735344955811138, 0.48056185404351137, 0.8743874813605784
-0.026057643130922934, 0.48155842309619545, 0.8744423433965508
-0.08290291727956631, 0.4431785199347043, 0.8919503374458548
-0.13836039008460532, 0.40105696092053755, 0.9043428867643161
-0.19257821219343296, 0.3565450138552422, 0.9132261524125287
-0.24513392316906252, 0.30945750798653326, 0.918134301670805
-0.2957002526126978, 0.25994954789197816, 0.919072270947201
-0.34357480287570863, 0.20793885913106724, 0.9153834027114716
-0.38871449272417447, 0.15404345656351945, 0.9074355672887444
-0.4310189791699046, 0.09871007719807887, 0.895330691528045
-0.471494079158432, 0.04256251940491895, 0.8805807453949279
-0.4908750650574686, -0.012475152227466209, 0.8700468495287571
-0.45198363755563153, -0.06911805589904867, 0.8870613692730354
-0.4111320878736152, -0.12493956023629223, 0.9012580197745566
-0.36648004951463575, -0.17916359746227176, 0.9099906431055282
-0.3208902816649601, -0.23266878426461163, 0.9172106038247312
-0.2709576800471111, -0.2828375679004458, 0.9174220087463083
-0.22035255647238502, -0.3321548169196811, 0.9162473307047466
-0.16632881827154167, -0.3771431173767039, 0.9080259866810686
-0.11219733711315344, -0.421881658072758, 0.8994442346448319
-0.05562005236064662, -0.46099059915021284, 0.8827264616957097
-4.978656376053436e-16, -0.5000000000000001, 0.8660254037844386
2.14538494129584e-15, -0.5000000000000002, 0.8660254037844385
0.05452472060499352, -0.46221514921905166, 0.8830979756579244
0.11087658203837326, -0.42247527547053687, 0.8987414329315653
0.16600225664394389, -0.3794981886856321, 0.9099483224759851
0.21922052997233582, -0.3332732133487342, 0.916249653401062
0.270571865574392, -0.28469287077487804, 0.9187304714628007
0.3197673557409632, -0.23389956320693434, 0.9173008739768199
0.3664829612705466, -0.18107529023252114, 0.9117938869730811
0.410610082206251, -0.12659908824918983, 0.9023238955965773
0.45154304566720954, -0.07062098964022882, 0.888231139252618
0.4902139507936525, -0.013975367351526248, 0.870935535993064
0.4715606617258328, 0.04088492915748607, 0.8787835502581801
0.4323590013972848, 0.09739145585782369, 0.8953398358490082
0.38910428030141964, 0.15225433999533233, 0.9060882215448658
0.34417151937666046, 0.20624909975405986, 0.9143555717581925
0.29624191721692167, 0.25800189237998683, 0.9178200279303419
0.24613098655411986, 0.3079630050910673, 0.9176858657066972
0.19354337909743635, 0.3548041129541283, 0.9124699874824407
0.13962088492484553, 0.3998593482087808, 0.9043949119588144
0.0839914788163093, 0.44132431853886656, 0.8911003222348912
0.027620401452252516, 0.4808972104072803, 0.8750385431293946
-0.026354590501796858, 0.48124756350835, 0.8744218683449756
-0.08313532803102286, 0.4426665533241062, 0.8916576634491716
-0.13863441671979007, 0.4007597499117791, 0.9043069357739552
-0.19293952563082398, 0.3564009918886587, 0.913414521412198
-0.24549990115862153, 0.3092855548479346, 0.9183018630225976
-0.2957384161816378, 0.25947190572786716, 0.9186806876223512
-0.3435752668526485, 0.20751498821247738, 0.9149837073251577
-0.38894706064076223, 0.15381420638837717, 0.9074090454006565
-0.43153950448308975, 0.09855932008669357, 0.8956873358001705
-0.4711316722828499, 0.04218250917681184, 0.8797780046194759
-0.49097513557437245, -0.012629683297441035, 0.8702846792095495
-0.452788180150861, -0.06942417838251365, 0.8882467237466001
-0.4109512401721336, -0.1249577529093751, 0.9010476856446858
-0.36744347292700624, -0.1796938540809772, 0.9114044013860724
-0.3208548095336742, -0.232603874453367, 0.9171070420360188
-0.2714974210487331, -0.2831684792931591, 0.9181945263936657
-0.2205414535058514, -0.33210903790567214, 0.9163758893011035
-0.1670434389683836, -0.3778673509220265, 0.909372766014212
-0.11205517763856943, -0.4207243896241848, 0.8981267822680463
-0.05611891369464406, -0.4617130714923952, 0.8841522214633842
-6.463471251272335e-16, -0.500000000000001, 0.8660254037844382
1.5440015855456172e-15, -0.5000000000000009, 0.866025403784438
0.054980481913433604, -0.4617126323115169, 0.8830113598933776
0.11141344381381178, -0.4222397373594124, 0.8990243751249366
0.16627610306220486, -0.3787990218956435, 0.9095162014477918
0.21948297985241055, -0.3327145140083387, 0.9159756592037329
0.27091472135245853, -0.28431662347637265, 0.918699696918148
0.3203307813854838, -0.23374449997226043, 0.9176624121039451
0.36689107681730104, -0.1807999433458937, 0.9119153968076421
0.41046241341758666, -0.12610351615039359, 0.901675585486233
0.4517281899527427, -0.0703933840705099, 0.8881608687449449
0.49009983913097843, -0.013629072790727205, 0.8706464812252411
0.4718684626732302, 0.04130179017152789, 0.8795916025461262
0.4316007915260577, 0.0973923471724714, 0.8945915912066166
0.38962161573854337, 0.15290833302310367, 0.9071701584403657
0.3439412444577087, 0.2063152710540342, 0.9142162849799502
0.29668207444085126, 0.2586617637302131, 0.9187990081893814
0.24600847768646406, 0.3079666790763671, 0.9175696746530602
0.193771625638701, 0.3552575054747604, 0.9130901948498094
0.13965097543472033, 0.3998373852270376, 0.9043698265876963
0.08414580604543206, 0.4415980507617237, 0.8915421872202486
0.027788485779798876, 0.480966002286695, 0.8752503753778892
-0.027227624177245814, 0.48121739775506245, 0.8751958550718025
-0.08371395611447144, 0.44197335302340723, 0.8915256872247423
-0.13928768435849684, 0.40042483626782066, 0.9046007044427357
-0.19361383025269424, 0.3561785127079097, 0.9138101602969018
-0.24594955016517167, 0.30887387502717367, 0.9183298448176374
-0.296009840067005, 0.25901961790187045, 0.918517333915533
-0.3437886626846529, 0.20715877602860344, 0.9148427748940988
-0.3891118663691708, 0.15355611826724305, 0.9073020050668796
-0.431890982218283, 0.09849824125373263, 0.8959708787109396
-0.470764227907317, 0.041938426275075116, 0.8792445180531568
-0.4907863292108998, -0.013456462887065772, 0.8708293761160085
-0.4513999270758178, -0.06972168845606935, 0.887199311034427
-0.41011630053503795, -0.12546688110187942, 0.9006888858808549
-0.36686099352862434, -0.18012607627803628, 0.9112554099576734
-0.32013281646815983, -0.23285656041707883, 0.9166702972676868
-0.27105317594866307, -0.28345983926926555, 0.9180485341802398
-0.22000983713992894, -0.33225734909811877, 0.9160276242641222
-0.16649046111235125, -0.37755985283343135, 0.908516434766237
-0.11195613190032408, -0.4213545643543649, 0.8986689058280231
-0.05593332010739941, -0.4613648570341073, 0.8834002359435267
-8.096279723035504e-16, -0.5000000000000016, 0.8660254037844377
8.83440741158014e-16, -0.5000000000000016, 0.8660254037844378
0.055976664886440666, -0.46165232097527353, 0.883956414868373
0.11213657765276111, -0.42157088969002265, 0.8990457834192762
0.16683523132641875, -0.3782305620547324, 0.9094902398097491
0.2200458816928315, -0.33237991150978813, 0.9161705219987316
0.2713937430045771, -0.2840362946369522, 0.9188732278937018
0.3205461205650192, -0.23338079283386304, 0.9175217357788171
0.36718146363261095, -0.18064181254651623, 0.9120161500267996
0.4108811205231309, -0.1260846412549663, 0.9020624350372819
0.45131245799957365, -0.07013329755011273, 0.8875223318872048
0.49022639859705597, -0.013618564413965688, 0.8708052299129245
0.47125799259319145, 0.04183543215510023, 0.879636204907454
0.4308976747467166, 0.09786905519622159, 0.8943480949527358
0.3892317310054415, 0.15336744600845015, 0.907220784961082
0.3436320188586963, 0.20671796986316548, 0.9142856503838404
0.29634437391419943, 0.25895161725332266, 0.9187489667607939
0.24558309045019044, 0.30796940961197394, 0.917179711376646
0.19380045799300505, 0.3557403737103825, 0.913541476730299
0.139311513968907, 0.39961006024182544, 0.903818616341949
0.08419038344917941, 0.44189099205814014, 0.8918211058116396
0.027642139535649618, 0.4805753717631466, 0.8746731882793627
-0.027869082878712627, 0.4813582594224871, 0.875945780994299
-0.08406611130487188, 0.44148546042134856, 0.8913767946648077
-0.13975800121346615, 0.4003431021899939, 0.9049569565912541
-0.19388026380740392, 0.35581380841625243, 0.9136912012937569
-0.24599895325243326, 0.3083926538916946, 0.9179328450179303
-0.29619331428470236, 0.25879303633192424, 0.9184695020835462
-0.34430407649939193, 0.2072031359301494, 0.915334015206203
-0.3891905330235089, 0.15331927620291352, 0.9071447371173902
-0.4314890891843434, 0.0981496883510375, 0.8952110615920089
-0.47111682908928576, 0.04182682594506063, 0.8795166259117724
-0.49024535408407666, -0.013497031424669157, 0.8705612636436496
-0.45128139203722306, -0.06996474122175252, 0.8872681919260121
-0.4105835396641195, -0.1257826596497526, 0.9014688426804489
-0.3668785108718434, -0.18032377430352092, 0.9114113063226805
-0.32010676409676847, -0.232871907990106, 0.9166564701259381
-0.27150176232963363, -0.2839772792660027, 0.9189108533710633
-0.21995840703099825, -0.33217218450095765, 0.9158927759580339
-0.16668923651694129, -0.3778439458621216, 0.9089605645175374
-0.11219475793731416, -0.42171688982269095, 0.8992423527031386
-0.055903083846569876, -0.46110171605138384, 0.8831029320545212
-9.866510820161212e-16, -0.5000000000000022, 0.8660254037844373
1.5783199381919898e-16, -0.5000000000000022, 0.8660254037844374
0.05600662268147454, -0.46146399591242937, 0.8837886374729533
0.11212260008669324, -0.4212433052042286, 0.8986805263564771
0.16680436927366335, -0.37797379012350524, 0.909203661099076
0.22021810037499007, -0.3324171776706579, 0.9163443296910029
0.27152486817167254, -0.2839674174605277, 0.9189215506434429
0.3203750541476604, -0.2330655502634438, 0.9170712446343451
0.36678224215786787, -0.18025842129269157, 0.9112606234533059
0.4111215124963272, -0.12609878036124453, 0.9022819997137654
0.45105428231277817, -0.06989148790618921, 0.8870120791024007
0.4906089937478786, -0.01366374599339137, 0.8709911863524324
0.47075229140908564, 0.04175482593538744, 0.8789069064199813
0.43202309601793143, 0.09831891307361436, 0.8958869009638855
0.38864771266712406, 0.1529800229245228, 0.906292712866569
0.3440378960441052, 0.2069823717152131, 0.914876561153527
0.2958885750178945, 0.25847209480035616, 0.9178996370004758
0.24578379365579828, 0.3081358310560786, 0.9175030228506504
0.19366308255372938, 0.35543299848789345, 0.9131236488907466
0.13943403193006193, 0.3997354559718274, 0.9040536455792747
0.08414689859233984, 0.4415092157281122, 0.8913523979466607
0.02766993636533231, 0.4804167695350209, 0.874538102289039
-0.027635435594574882, 0.48072997784921695, 0.8750902067180953
-0.08390396351898358, 0.44108075855560036, 0.8907736344006183
-0.1396963278100609, 0.4003448561973608, 0.9048832766020871
-0.1935149957911878, 0.35535498543702215, 0.9129144494224158
-0.24578410764607805, 0.3082984575444633, 0.9176491688148893
-0.29599410982484925, 0.25870959498988794, 0.9182114273981513
-0.34376676778345827, 0.20697951498441358, 0.914622703802799
-0.389205331093771, 0.15345789906663962, 0.9072735263663503
-0.43058700812166817, 0.09796791744000893, 0.8941066630241776
-0.4704658204552289, 0.04176179460941312, 0.8787902317581525
-0.49015788379832337, -0.013554051280428438, 0.8704004394390944
-0.45140766708934754, -0.07007522367178852, 0.8873947208550961
-0.4105395277207665, -0.12571359084345946, 0.9013653551412071
-0.36617621178750914, -0.17989517129951738, 0.9103383793040015
-0.3203835116005203, -0.23302761909277359, 0.9170396943079151
-0.27079171082817505, -0.2832532611260317, 0.917613338783308
-0.2201451669003797, -0.3322488006255585, 0.9161115188188138
-0.16635218736060225, -0.37723696864481043, 0.9080836064030026
-0.11232788655380593, -0.42177411791800506, 0.8993898570443049
-0.055913335111563135, -0.46082088665808446, 0.8827823658608794
-1.1762712657202579e-15, -0.5000000000000028, 0.866025403784437
-6.399711186308539e-16, -0.5000000000000028, 0.8660254037844372
0.05557365975066483, -0.46048682314618944, 0.8822986624975294
0.11195140057319504, -0.42115446884210717, 0.8983843937047741
0.1664365457048633, -0.3777150999990547, 0.9086114484732675
0.2200682573293464, -0.3324449749950823, 0.9162196700934746
0.2708326460647763, -0.28353997349154353, 0.9179112162055942
0.32030568335663034, -0.23327108458212806, 0.9171883719487314
0.3664932791628563, -0.1802642344149396, 0.9109918621394251
0.4100804147329759, -0.1258607489830183, 0.9009889721802005
0.4502387428865289, -0.06975704457857962, 0.8860541522596068
0.49026833745454734, -0.013643872108975972, 0.8708738176327839
0.47094368897351035, 0.041997376678474155, 0.8792173757767071
0.4318237605789792, 0.09836627504356324, 0.8957102354293673
0.3886418371913804, 0.15308379558309113, 0.9063718120207469
0.34385291752952996, 0.2070014721150611, 0.9147017164959401
0.2957188927921864, 0.2583731454601885, 0.9176531374254773
0.24584739071522108, 0.3082860647286383, 0.9176908514923552
0.193507734422792, 0.35520123454508146, 0.912749588415763
0.13957648664153738, 0.3999641680574688, 0.9043928213233454
0.08413361555644751, 0.4413738772516753, 0.8912320682911336
0.02784330185799713, 0.48079069681747144, 0.8751875580840502
-0.027535693782199742, 0.4801020161007662, 0.8741980163117591
-0.0838550877097276, 0.4406698011526325, 0.890196163978608
-0.1397493943094536, 0.4003362484800729, 0.9049029615849434
-0.19307480968814733, 0.3546188068644768, 0.9118269831495873
-0.24586516302800532, 0.30821316026988904, 0.9176379857839805
-0.29548885698081817, 0.25818101931897064, 0.9172705242901038
-0.343394880390454, 0.2065231630108827, 0.9138640445060744
-0.38857623459655666, 0.1530957032124252, 0.9062689652477467
-0.42980669564110874, 0.0974519664597707, 0.8928327388675366
-0.47072243576692285, 0.041646063237822675, 0.8789401157100336
-0.49019710774094666, -0.013948326892668892, 0.8707489556714763
-0.45192670660100104, -0.07052624130045085, 0.8884510833449306
-0.4105420742868714, -0.1261067139612006, 0.9016848301887973
-0.3666023370526101, -0.18041904850212007, 0.911213516975192
-0.3204161439043971, -0.23333891819581337, 0.9173418386398124
-0.27147925182866783, -0.28416604669525347, 0.9190590856396966
-0.2200830346383611, -0.3324039854987607, 0.91618930930584
-0.16680074701263312, -0.3780519725400933, 0.9092354751962883
-0.11218945311683168, -0.4213884022661582, 0.8988549516028361
-0.056103094332411375, -0.46154341548107475, 0.883947580749784
-1.376978263671006e-15, -0.5000000000000032, 0.8660254037844368
-1.5187577473646337e-15, -0.5000000000000032, 0.8660254037844368
0.055822983840922324, -0.4603292793312404, 0.8821573515816657
0.11205344543622311, -0.4207400297019991, 0.8979838906003246
0.16646490169417852, -0.37738745752274644, 0.908324224172375
0.21947508571771138, -0.3312262076520175, 0.9145591754017526
0.27123398546636623, -0.28368177268841327, 0.9183980696427384
0.31942053236981943, -0.23221298489049838, 0.9154181778499333
0.3673322593654079, -0.1805598221178463, 0.9120150583025997
0.4091805693972125, -0.12518991290234532, 0.899457730685641
0.4506034182752661, -0.06963850236769331, 0.8862818894366131
0.4906278525391128, -0.013685176038770928, 0.8709266875981847
0.4713411668999703, 0.04231406929331943, 0.8800563757912637
0.43101498686244255, 0.09823875571531944, 0.8947824601826575
0.3894023933654555, 0.15372555505039967, 0.9076573749655503
0.34374155036845744, 0.20702317790998465, 0.9146188137150468
0.2961516543936808, 0.2589134499461639, 0.9185305362992948
0.24573060447224615, 0.3081636837228564, 0.9174644610983524
0.19396411676549502, 0.35592933156117984, 0.9138229716794688
0.1395648799533377, 0.3998164763732487, 0.9041984569695395
0.08428673132358049, 0.4418200734230856, 0.8918915016467035
0.027991765259664347, 0.481027457885964, 0.8755404912053832
-0.02788423672745138, 0.4806137812166959, 0.8749428591387427
-0.08397543986993022, 0.4407958828316217, 0.8904736609276644
-0.13968858574142795, 0.3998526383266109, 0.9043323357572999
-0.19326493951060214, 0.3547852645384746, 0.9121454897863308
-0.24593391856489694, 0.30815254951966164, 0.917639912460314
-0.2955357425128392, 0.25818291831897466, 0.9173060998364118
-0.3438931879135673, 0.2068631698187107, 0.914610125192156
-0.38837244454803094, 0.1529817011818766, 0.9059604507751435
-0.43122091998826073, 0.09805974476274062, 0.8948270056283724
-0.47097884908166815, 0.04197610357033664, 0.8792696188135705
-0.4904965399550007, -0.013926946676708329, 0.8710026497406749
-0.45109150078125226, -0.07006844411882909, 0.8872079615013342
-0.4099279479844079, -0.1257626985695694, 0.9007181119439256
-0.36673597723162527, -0.18033430734534336, 0.9112531440961102
-0.31993574172379147, -0.2328703618864519, 0.9164736250465463
-0.2711676387469286, -0.2836352639533233, 0.9182900306254661
-0.2198332290760282, -0.33197028088826985, 0.9155578770180367
-0.1666876814774957, -0.37760133262061707, 0.9086609827280683
-0.11187495423758864, -0.42070806760435725, 0.8978895681238299
-0.05629019821676, -0.4617001532268162, 0.8840743218545303
-1.5869196148127207e-15, -0.5000000000000038, 0.8660254037844366
-2.489460495511777e-15, -0.5000000000000037, 0.8660254037844365
0.05623693230651647, -0.4617885813003468, 0.8843195943969373
0.11179389341990967, -0.4202962273420324, 0.8973819325178346
0.1672149101030864, -0.3785185115276681, 0.9100315450174609
0.21973218949573228, -0.33167794772908843, 0.9152013086212113
0.27134971238478156, -0.2838436117227884, 0.918644672401066
0.3198632527038153, -0.2326531799652375, 0.9162031804506774
0.3666600069419322, -0.1803050222081557, 0.9111133736841235
0.40987759092837406, -0.12554486672006593, 0.9004999150188583
0.45160881873817815, -0.0702151459154142, 0.8877583210027327
0.49034312118651824, -0.013810807327404181, 0.8706278817472473
0.4711890760259768, 0.04211247438590655, 0.8798307274429001
0.43072533923827927, 0.09805192875176288, 0.8943055555433067
0.38929609371586354, 0.15364046702431094, 0.9074428315933563
0.3435187771099599, 0.20680553017106643, 0.9142079512824263
0.2962884910353837, 0.2590056727056468, 0.9187357991264496
0.24564502097286017, 0.3080396435761079, 0.9172674737164194
0.19395715702220492, 0.3558911811288363, 0.9137655463312025
0.13954477133682122, 0.39970282967798154, 0.904032885131531
0.08443353336582846, 0.4421822722831429, 0.8923822005838706
0.027990602478929236, 0.4807977395323937, 0.8751928238074222
-0.02805263062276748, 0.4808309438296433, 0.8751977185343848
-0.08425352757590748, 0.44145396269255893, 0.8914044418711715
-0.13930142505264687, 0.3991162650083758, 0.9032701999828576
-0.19321920985154875, 0.3545397666781966, 0.9118529370385002
-0.24599960259865328, 0.30824084999367013, 0.917775647942864
-0.2952809248513276, 0.25783158243949494, 0.9167424575772585
-0.34407124019666147, 0.20689145973587764, 0.9147784706685098
-0.38790481021472667, 0.1526568346162417, 0.9051787778442949
-0.43043210464027704, 0.09756570657714017, 0.8935726446365415
-0.4717234143486297, 0.041999866136163376, 0.8801967820387455
-0.4900661998311089, -0.013974604485784317, 0.8708539351436096
-0.45148890973177175, -0.07049968472444812, 0.8879798215756942
-0.41041718190503834, -0.12616980452510587, 0.9015833012354952
-0.36684821424673486, -0.1806456367613898, 0.911618275680023
-0.32038593875184884, -0.2334009390768778, 0.9173560140455347
-0.2715525302210724, -0.2842667967605204, 0.9192142492920876
-0.22021587954413221, -0.33260056255628556, 0.9164651230959098
-0.16696134974699497, -0.3783081907373275, 0.9095768930745898
-0.1121417471432455, -0.4212584137946165, 0.8986389462347252
-0.056325335282663654, -0.4618687818611509, 0.8843457611042215
-1.8037600493098216e-15, -0.500000000000004, 0.8660254037844364
-3.5658512599544645e-15, -0.5000000000000041, 0.8660254037844364
0.05624664984341596, -0.46117750876504293, 0.8833152143975019
0.1121477278160369, -0.42116739044062446, 0.8986030482022056
0.1661391742340777, -0.3765893843815979, 0.9072309174109702
0.2199606031904668, -0.3317140949912955, 0.9154228415656803
0.2706345790770666, -0.2829929474039961, 0.9172111884985719
0.3196429448190392, -0.23225650237349454, 0.9156284922575864
0.3665661961899024, -0.18011035905094483, 0.9108157453215759
0.40913748993328936, -0.12505617282642073, 0.899281885333858
0.45099202641572383, -0.06971211996715723, 0.8867254585733141
0.4906491101815456, -0.013734234926212252, 0.8707214166655288
0.47078448540486395, 0.042281316670523955, 0.8794723143877434
0.43187148158403516, 0.09869390327107432, 0.8960559383873765
0.38923538548107445, 0.1537367397662939, 0.9074648239793077
0.34391583356470357, 0.2072231506682427, 0.9149341522542862
0.2962473857807033, 0.2590505893093932, 0.9187366578844343
0.24593145175323294, 0.3084501008286515, 0.9178945886752217
0.19373160812157503, 0.3555851608197793, 0.9132645712329346
0.13994526441996832, 0.4004573454500876, 0.9051030193092668
0.08431998050124152, 0.4418004897217927, 0.8918743690509543
0.02804586357534072, 0.4809725819917345, 0.8754837166684275
-0.028083967072745818, 0.4808877739496191, 0.8753664309167482
-0.08422922969339314, 0.441236264448885, 0.8911581880733004
-0.13951819413846056, 0.3993951107387783, 0.903707290103394
-0.19329545638703283, 0.3545965081089072, 0.9119596690455396
-0.24619767106272641, 0.30840996975628066, 0.9181069480917023
-0.2954868919233972, 0.25798187737946093, 0.9170594404313954
-0.3442177715062143, 0.20704053453337562, 0.9150309830955538
-0.3883035505871865, 0.15282917037711402, 0.905732094046341
-0.4312659411852576, 0.09803576330304499, 0.8947737911620832
-0.4710553511566977, 0.041928027693889286, 0.8792833949596643
-0.48999516853807024, -0.013883882505849088, 0.8706744369865019
-0.45155920448358894, -0.07047588371873593, 0.8879576841544403
-0.41053543981296925, -0.12609155735983324, 0.9016233751387803
-0.36723507992265636, -0.18079709253763324, 0.912085474783539
-0.3202526233682423, -0.23317951188163133, 0.9170280032071552
-0.27128000418627624, -0.2838397520661261, 0.9185710409636625
-0.22037996153960326, -0.33263497725829383, 0.9166391777887724
-0.16694261459545157, -0.37814088640537774, 0.9093886440364061
-0.11211039964488033, -0.42096142930961666, 0.8982896246829668
-0.056315819207732806, -0.4619024197693996, 0.8845031881677807
-2.0245036116278703e-15, -0.5000000000000042, 0.8660254037844363
-4.7655269697047425e-15, -0.5000000000000041, 0.8660254037844362
0.05612330919233778, -0.4611951940523594, 0.8836083620443898
0.11194652808605887, -0.42033229396023, 0.8975122465249655
0.1670943260537336, -0.37819960432228106, 0.9095809017918919
0.21992520362477486, -0.33179915672693666, 0.9154649586656569
0.27126540815705635, -0.28367398284338885, 0.9184058305742699
0.32031115274177696, -0.23296865080754822, 0.9168780682425114
0.3666137568358985, -0.18022375619115008, 0.9109779025179894
0.41079520660892854, -0.12598236262188137, 0.9017743554181759
0.4513516499797651, -0.07021079387877004, 0.887415899728117
0.49022068420264214, -0.013789003814158388, 0.8705816116943806
0.4709780896908964, 0.042153773371248066, 0.879419915002067
0.4318752868205489, 0.0984851841707648, 0.8958418043847325
0.38895090067414784, 0.153395496432772, 0.9068531731710889
0.343795588238084, 0.20692014925328117, 0.9145356503477897
0.2965452655173755, 0.2591315245159187, 0.9190833397963953
0.24585476244296484, 0.3081870911609181, 0.9175762972515085
0.19374953899772146, 0.355410785665274, 0.913103937922607
0.13985630556724077, 0.40014604076445015, 0.9047172693298322
0.08427430364900348, 0.4413941456625702, 0.8913526731733705
0.02800283408828808, 0.480721213525696, 0.8751858122381831
-0.028074328478770946, 0.4810087851591853, 0.8756500954125797
-0.08426943768477911, 0.441470611047697, 0.8914829832813389
-0.13995707236535163, 0.4002520923670319, 0.9048831504237584
-0.19376550934442074, 0.3554719636593769, 0.9131724183109067
-0.24618096465641964, 0.3085338147349117, 0.9181975674967146
-0.2960471456954704, 0.2586823171598987, 0.918210961787046
-0.3441150052255355, 0.20719554924732037, 0.9150706511771536
-0.38901784926739963, 0.15342761318214157, 0.9069530152691709
-0.43172123273147733, 0.09850085384898007, 0.8956651468207572
-0.47128987029428115, 0.0422252535065514, 0.8799716505886261
-0.49037959571305, -0.01389591946502399, 0.8706719767450737
-0.45217870862568843, -0.07043804329570819, 0.8885954431603934
-0.4102113071615316, -0.12576531146684064, 0.9009644941720744
-0.36726044233552735, -0.18060273898657983, 0.9119124924611808
-0.32012898888964597, -0.2329067354314785, 0.9166589227506486
-0.27124822975936763, -0.28360410995722757, 0.9183208986896133
-0.2202613939601386, -0.3323462947928493, 0.9162493759209238
-0.16677983869580654, -0.3776366885889955, 0.9087505693842728
-0.11254478064877169, -0.42183209753446865, 0.8995583297207372
-0.05612485797075002, -0.46085359302527495, 0.8830152979034515
-2.2453826992174797e-15, -0.5000000000000044, 0.866025403784436
-6.111336638329157e-15, -0.5000000000000044, 0.866025403784436
0.056365510772299184, -0.43936854636150696, 0.8843437111901297
0.11226400333775495, -0.3802675085380404, 0.8987645830510562
0.1670402235270197, -0.32300667614977624, 0.9095625581214708
0.22024783178344817, -0.2676620558568359, 0.9163469802974589
0.27145937597198466, -0.2149297649620039, 0.9189120342665503
0.3206690713420669, -0.16518799161780892, 0.9176783760813634
0.36720292150862816, -0.11928841303816166, 0.9119775912745777
0.4110753482780441, -0.07706488439282919, 0.9023200550600199
0.45138038720468054, -0.03964112778975773, 0.8876693740758024
0.49036538520102224, -0.007355878733248304, 0.8709143525586044
0.4713862897312815, 0.019524982963387734, 0.8798493232720026
0.43139189026269276, 0.040495883558736775, 0.8951047760909004
0.38918104990738034, 0.05592002432819769, 0.9071331860398151
0.3439161185010062, 0.0652628566772692, 0.9146959510740027
0.29651261332304346, 0.06942132609790759, 0.919020620457729
0.24594063923824133, 0.06727046305220105, 0.9177333047736357
0.19391510553306823, 0.0604838137261868, 0.9134649881482639
0.13977764591522562, 0.048461371462426295, 0.9045169437526948
0.08436700123394045, 0.032064014828455834, 0.891611389999253
0.027995964458855604, 0.011338121630396575, 0.8751293366700615
-0.027881264012928224, -0.01131284049220077, 0.8748504729225198
-0.0842554099446983, -0.031489473823792274, 0.8911786991380404
-0.14005134827729723, -0.0487248237892485, 0.905154125209495
-0.19368872539929977, -0.06018174270493809, 0.9128995316692996
-0.2461026020966825, -0.06758523096627311, 0.9180082672269229
-0.29602195140642623, -0.06908965610378974, 0.9180631839032152
-0.34381693560173265, -0.06540804802001073, 0.9145317301853377
-0.3890572288747042, -0.0558926458704149, 0.9068698556536328
-0.431178272612657, -0.04051171175165792, 0.8947621338800913
-0.4706560097492426, -0.01916757046809723, 0.8789273141261784
-0.49015053784870644, 0.007182943258745475, 0.8708245398382943
-0.452046527233684, 0.039710794465094026, 0.8886364683899044
-0.4106672986778257, 0.07716804156915585, 0.9018008857114084
-0.36700834049101627, 0.11903477270999752, 0.911734591319509
-0.320367146929445, 0.16514889140635253, 0.9172270036047493
-0.2713787616229451, 0.214828729039865, 0.9188005796143217
-0.22020620212317393, 0.2676194491180556, 0.9163035629591214
-0.1670676230891916, 0.32307243906023225, 0.9096267254648568
-0.112381360326348, 0.38044643814372003, 0.8991402018865009
-0.05640220176723723, 0.43961231405290196, 0.884757544942896
0.0, 0.4999999999999941, 0.8660254037844421
0.0, 0.4999999999999941, 0.8660254037844421
0.05638924227226412, 0.4381023317196549, 0.8824681561043408
0.11407588051461297, 0.38112326314880174, 0.89851842666997
0.17083587891248186, 0.3257748965998911, 0.9092868645709796
0.2270985455736577, 0.2738511507561082, 0.9163152449809423
0.2812044003276812, 0.22497205088586636, 0.9173267670824101
0.3344339709574933, 0.18131709830851497, 0.915233206995862
0.3837112075674902, 0.1412411598344059, 0.9054722719583439
0.42483542762745596, 0.10724676833872895, 0.8972999012792809
0.44538435981159163, 0.07746407743727961, 0.8885668561251966
0.4604275973796929, 0.05365838330712675, 0.8802373851895003
0.42664818067670485, 0.035700831505297154, 0.88992532165417
0.3751473570223339, 0.0225260719767994, 0.9020982561618469
0.31910939008045136, 0.014709383519013838, 0.9083269117765218
0.2587641900700325, 0.012130346686379967, 0.9085315896714035
0.19443218613529697, 0.014022868378381986, 0.9017605571427628
0.15014665594227947, -0.021529326155482198, 0.89801133986101
0.11355080482709176, -0.07055582914096281, 0.8939803847307678
0.07849100999353734, -0.12038724096536448, 0.8878718323336112
0.04528273033955011, -0.17108629945973775, 0.8799408320173379
0.01439449643241764, -0.22323933034675952, 0.8709491014929253
-0.013536922175012298, -0.2584615555305379, 0.8701071090125266
-0.038954582829781224, -0.2805679103275801, 0.8772263065608737
-0.06148598028010559, -0.3089397321473335, 0.8831603466642273
-0.0802308151645753, -0.34168722418404973, 0.8852350129218335
-0.09603734505615667, -0.3808771418893139, 0.8862740832673193
-0.11941572064571615, -0.40375532836257205, 0.8885715502602758
-0.17905352109026357, -0.3575748885364689, 0.9015439380392825
-0.237688894146244, -0.30658963161407066, 0.9085820736782895
-0.29475451049215684, -0.25175165462109134, 0.9105815051535441
-0.3498673837573623, -0.19305052792386895, 0.9071766077950114
-0.3982642320959163, -0.1311656954553967, 0.9010261809845467
-0.43218220747140057, -0.06596642873824123, 0.8946157272442148
-0.4670580865427071, 0.0013403288210451988, 0.8813430340863135
-0.4507776342955494, 0.06970958273346842, 0.8863627881630978
-0.40022059106460445, 0.1384409762622799, 0.9034089189663673
-0.34451537536019183, 0.20602298732523938, 0.9143236241199171
-0.28383581347785897, 0.27166021071236457, 0.9189116490125993
-0.2182403611524645, 0.334270516514841, 0.916151257873469
-0.14851930493182214, 0.39334440633898066, 0.9063606078774649
-0.07527567809752979, 0.44816727660748923, 0.889308294979736
0.0, 0.49999999999999434, 0.8660254037844419
-9.37283334643742e-15, -0.5000000000000047, 0.8660254037844359
0.0752754150381896, -0.4481618843114731, 0.8893023030894541
0.1485212681094788, -0.3933382330183263, 0.9063535378491488
0.21824096845047566, -0.3342587625692175, 0.9161372947520874
0.28383721362558534, -0.2716474506989423, 0.9188983087226702
0.34452362837611605, -0.20601451630692044, 0.9143228130508722
0.4002502334050979, -0.13844467384579884, 0.9034387297956257
0.45086203940825365, -0.06973800149628077, 0.8864577799705049
0.46709730728903975, -0.0013270019037020207, 0.8813613136881309
0.43208729958319736, 0.06603418074843692, 0.8944548779140076
0.3983971369870614, 0.13114531574444624, 0.9010903122391926
0.35003088941276306, 0.193167598644322, 0.9074158245130906
0.2950981705587976, 0.25191285595810553, 0.9110962226619773
0.23772910888276483, 0.3066855766368099, 0.9086860377840107
0.179118075304548, 0.3576538462490919, 0.9016625665784512
0.11959814700922901, 0.4039841729238208, 0.8889505788126602
0.09606081359694929, 0.38095139291313124, 0.8863603429439935
0.08033944089851955, 0.34191932099880007, 0.8855296581398067
0.06141063810794378, 0.3088007110150447, 0.8829288727256859
0.03916230185356149, 0.28127135386687413, 0.8781622896523118
0.013733636336100197, 0.2588911262175584, 0.8705364357125756
-0.014451335452892507, 0.22328723079805693, 0.8709879696949424
-0.04529063416607802, 0.1709930309422056, 0.8798360360724449
-0.07853974419613802, 0.12037688979706788, 0.887872193174368
-0.1136743274854112, 0.07063251759311881, 0.8941362769909444
-0.15014329003267105, 0.02141734000133466, 0.8978991733499572
-0.19431976486415486, -0.014231812175039243, 0.9014592461593597
-0.2585441935601657, -0.012388891474806069, 0.9080817199165794
-0.3189106643665205, -0.014907922766164039, 0.9079291039982509
-0.3751840338451958, -0.02258635530114643, 0.9020314517961964
-0.42683982399687026, -0.03579687180183651, 0.8901178931419023
-0.4605700406090636, -0.05390586025632885, 0.8804348691936115
-0.44618862727384356, -0.0778897560998981, 0.8897548080322343
-0.4243030773833617, -0.10709885169610717, 0.8966432004280083
-0.38459117221833006, -0.14192835868186188, 0.9068559111153092
-0.3340819403051001, -0.18118795473536822, 0.9147821674414317
-0.28144971407236974, -0.22533019676125599, 0.9178786434816277
-0.227133934657479, -0.27405201777043575, 0.9165111940353334
-0.17128515429447583, -0.32660621003552365, 0.9104028570394697
-0.11405634937102653, -0.38137745062249245, 0.8987794680918776
-0.056930809607439285, -0.4396755435265148, 0.8844774800517047
-2.8468980645124375e-15, -0.5000000000000048, 0.8660254037844359
-1.1385857159609773e-14, -0.5000000000000047, 0.8660254037844358
0.05639267306277436, -0.46188149860808336, 0.8845286141240971
0.11241779741704276, -0.4214736954236904, 0.8989830334811223
0.16709575926481518, -0.3782156201941747, 0.9094925436110274
0.2202125890204894, -0.33233685754292186, 0.916163630651513
0.2714825473908536, -0.2839951180428953, 0.9188913354202763
0.3206131572699409, -0.23339413913702609, 0.9175230087528324
0.36735488483926415, -0.18080996756068887, 0.9121070300558046
0.4109393083554712, -0.1262499425326448, 0.9020385352222161
0.4516613870359333, -0.0704128851176806, 0.8880222764157009
0.4905603617360298, -0.014069916686610945, 0.8710479485803019
0.4708876485620273, 0.042122761204463795, 0.8792214753705324
0.4320617406530137, 0.09858701412575367, 0.8960142682906646
0.38907688871331814, 0.15345144868142976, 0.9069329535859632
0.3439689339307636, 0.20703704727072825, 0.9147344899621457
0.29641928828838465, 0.25898391479403393, 0.9188214536410775
0.2460834195804493, 0.3084202758682271, 0.9179786283631517
0.19377491653844842, 0.3554235200009323, 0.9130721374988043
0.14000715107392303, 0.40028664380643375, 0.9048598968245354
0.08441725481773243, 0.4417550698639748, 0.8918487321171948
0.028195392027230662, 0.48102430236235416, 0.8754771863093496
-0.028092637948540222, 0.48095232147898176, 0.8756113928454741
-0.08437298166321643, 0.4415049430027104, 0.8915274237893029
-0.1399483609360228, 0.40022889361713254, 0.9047713057122145
-0.19419136108081486, 0.3560365477050519, 0.9139932348092645
-0.24614323781437872, 0.308458857757738, 0.9180723671983666
-0.29617347818654916, 0.2587740462660243, 0.9183925671174449
-0.34405257337371076, 0.20713877525920876, 0.9149054393732692
-0.38954876682001754, 0.1537190662404081, 0.9075941287030627
-0.4315300142870822, 0.09839234631028751, 0.8953030810568824
-0.47147752285471345, 0.042318324595692236, 0.8800499830082246
-0.49015300041973286, -0.013802735382735479, 0.8707136870483831
-0.45136550742048076, -0.07031785987126336, 0.8874933759243682
-0.41082486590832645, -0.12613333668677915, 0.9018151324730206
-0.36717920034029095, -0.18067428264029423, 0.9118074654641216
-0.32028760237730347, -0.23309012593710832, 0.9169304280367269
-0.2713628848063992, -0.2837995703493027, 0.9185926903108567
-0.2205332639726788, -0.3327076647170579, 0.9167926308478395
-0.1670464688092793, -0.37813452758012733, 0.909353649413003
-0.11223867233185775, -0.42102271731227175, 0.8983550175855148
-0.05638499290870294, -0.4618610927191245, 0.8844904673875253
-2.993915879101472e-15, -0.5000000000000047, 0.866025403784436
-1.3753132209325462e-14, -0.5000000000000046, 0.866025403784436
0.05663877246126319, -0.46071937231587634, 0.8835436953004246
0.11435535943751672, -0.4201574670808547, 0.8995365964974732
0.1710981082539705, -0.37459674040961966, 0.9098281192638851
0.22698989832802322, -0.3255995959148804, 0.916187200875088
0.2816508103787729, -0.2731513172720192, 0.9182641577971206
0.3343632823189719, -0.21706028412116593, 0.9151227802723959
0.3840664154387098, -0.15757797849786953, 0.9059806576101128
0.4242264369800398, -0.095865754334979, 0.8965948039081727
0.44666879578542407, -0.03201793568542333, 0.8905070682537808
0.4608481390686352, 0.03288846660242444, 0.8806862517579672
0.4264867611161617, 0.09755527007714074, 0.8895911033143324
0.37527368000072897, 0.16214168106849408, 0.902190033986364
0.31878394322341214, 0.2247147899753411, 0.9077983633060376
0.2584957327664, 0.2850993945254167, 0.9078916440783886
0.1944268851648909, 0.3427706655600248, 0.9017223344932792
0.1499818723987747, 0.3547185080611814, 0.8975564696311759
0.11344168854719541, 0.3458488237972831, 0.8935707907974841
0.07863189193056033, 0.32894257921963554, 0.8880486909717257
0.04524060503237663, 0.3028734329861641, 0.8796539314382943
0.014463827568040367, 0.26961810478319537, 0.8709763627348245
-0.013647106025466114, 0.21019769537582017, 0.8706537236062828
-0.039086750829072515, 0.12810467201234016, 0.8777489701192789
-0.061421066744736644, 0.042497970749868164, 0.8829676412811522
-0.0805176990932114, -0.046921644521150774, 0.8858983772244524
-0.09603298060382247, -0.14019785745588575, 0.8862799643553144
-0.11949241405398457, -0.2147715619951792, 0.8889143525382657
-0.1790033258999, -0.21605427130823696, 0.901378187752915
-0.2379834779750463, -0.2095986014469396, 0.9092495109869574
-0.29500810180009307, -0.1946270157618759, 0.9112217992178415
-0.3503429541157477, -0.17081816384774948, 0.9080636833942217
-0.39852591971862855, -0.13828236010395759, 0.9014679321900857
-0.4324825102592913, -0.09728469523430518, 0.8950821523095714
-0.46653067286879724, -0.04793094352519521, 0.8808414708560514
-0.4504048642087325, 0.007672978240227588, 0.88537828428416
-0.4007681610662028, 0.0701914921942616, 0.9038184753064462
-0.3438495139641034, 0.1361200947709829, 0.913063441333814
-0.28320983190944493, 0.20587510384818763, 0.9175064841940621
-0.21836396153057167, 0.27886382410885646, 0.9161640046923865
-0.14812233359954113, 0.35145908385434715, 0.9051898526562172
-0.07528392553416083, 0.42521425614842323, 0.8884508765008348
0.0, 0.49999999999999595, 0.866025403784441
-1.6593574770792717e-14, -0.5000000000000044, 0.866025403784436
0.07575924124898027, -0.4474158248207475, 0.8885862576247701
0.14998855611407264, -0.39113614670763747, 0.9056181935595424
0.22239878870647362, -0.3307412928396435, 0.9166978457588952
0.29004235613993307, -0.2642108292924509, 0.917733136823505
0.35400688057917157, -0.19455919433990754, 0.9124768743056785
0.41454173752629103, -0.12224501770789177, 0.9016062124783928
0.4676873870024778, -0.046570070777955434, 0.8802546681343884
0.4800728637223428, 0.028950761458150866, 0.8755561512328575
0.4273504167032868, 0.10483523988338046, 0.8973524449895197
0.36866835919104846, 0.17814775488604473, 0.9108345093900461
0.3058499547041813, 0.24880828677123182, 0.9181152216281683
0.2383912371175047, 0.31555785775423734, 0.9174434240717311
0.16730223720005383, 0.37775185759284374, 0.909201988678842
0.09336311891480278, 0.4353262463713504, 0.8941610367180043
0.01766699202636624, 0.4879485756883144, 0.8718898488116971
-2.2454490850873093e-16, 0.42727454398012665, 0.8660254037844405
-5.177311545805005e-16, 0.33232447078897975, 0.8660254037844399
-8.109412180992196e-16, 0.23737449732863483, 0.8660254037844396
-1.1041750990648906e-15, 0.14242462359909117, 0.8660254037844392
-1.3974327974775108e-15, 0.04747484960034957, 0.8660254037844386
-1.6907143133370814e-15, -0.047474824667590294, 0.8660254037844382
-1.9840196466436015e-15, -0.1424243992047282, 0.8660254037844377
-2.2773487973970746e-15, -0.2373738740110649, 0.8660254037844373
-2.570701765597496e-15, -0.33232324908659944, 0.8660254037844368
-2.864078551244869e-15, -0.4272725244313328, 0.8660254037844365
-0.017719519191206096, -0.4879616976299216, 0.8718245766878493
-0.0933131190259601, -0.4351776617066712, 0.893973698025406
-0.1670208511226067, -0.37710746247226756, 0.9083552682784524
-0.23815104614637506, -0.3151465540798716, 0.9168244648991508
-0.30576731308735444, -0.24850652527505837, 0.9177481958015363
-0.3680230808090535, -0.1775235322821287, 0.909683730229726
-0.42774117923945754, -0.10472531849525918, 0.897615450492554
-0.4802263074055527, -0.028898977076003203, 0.8749739368353264
-0.46821957165744843, 0.04705166287673461, 0.8814241180723679
-0.4144143879979477, 0.12256096233817802, 0.9017478805545447
-0.3545734098548471, 0.19527641940605683, 0.9136173147439086
-0.2905362788720975, 0.2650872338507112, 0.9190214266126442
-0.22219017979642167, 0.3308753580336311, 0.9166129264565042
-0.1504723746686882, 0.39229493520225095, 0.9070573609382914
-0.0758682568712273, 0.448378581786391, 0.8900080516314647
0.0, 0.4999999999999967, 0.8660254037844407
-2.0090364010954356e-14, -0.5000000000000042, 0.8660254037844363
0.07586952203632527, -0.4484001120678265, 0.890039506677432
0.15050135163182154, -0.39236323643015425, 0.9071411900583692
0.22217243613994964, -0.3308891462617205, 0.9166068443174507
0.2906005212569375, -0.26519933606348495, 0.919187217314149
0.3546662612870088, -0.19539555067429837, 0.9138032578900654
0.414383610867724, -0.1226277848875015, 0.9017682347070268
0.4683494242092576, -0.04717801358161205, 0.8817136618140294
0.4802502199962974, 0.02887834126275039, 0.8747486807099385
0.4277632657519653, 0.10465530492432754, 0.8975127183328513
0.36776025152909625, 0.1772521144748226, 0.9091921826778123
0.30578375688292575, 0.24839873079596775, 0.9176582503458575
0.23798880047043314, 0.3148633429738062, 0.9163978518269899
0.16680520194351425, 0.3765993086208431, 0.9076875224372745
0.09330399494564035, 0.43509994986110945, 0.8938812471512299
0.017793857399582818, 0.4879679044525497, 0.8717181753648993
-2.2104720399121377e-16, 0.42727246798031526, 0.8660254037844402
-5.090961988464897e-16, 0.33232320243612845, 0.8660254037844397
-7.9653589930699385e-16, 0.23737383872922657, 0.8660254037844394
-1.0833663053727265e-15, 0.14242437685960957, 0.8660254037844389
-1.3695874170436859e-15, 0.047474816827278, 0.8660254037844385
-1.655199234319874e-15, -0.04747484136776878, 0.8660254037844382
-1.94020175720129e-15, -0.14242459772553037, 0.8660254037844377
-2.224594985687934e-15, -0.237374452246007, 0.8660254037844373
-2.5083789197798054e-15, -0.3323244049291984, 0.8660254037844368
-2.7915535594769055e-15, -0.4272744557751051, 0.8660254037844366
-0.017795844920493166, -0.4879593341807341, 0.8717054198514628
-0.09334552247459976, -0.43517637352815014, 0.8939827386056047
-0.16683776204484874, -0.37665737237467123, 0.9077637668670911
-0.23799914340150474, -0.31487343091616027, 0.9164124424829105
-0.30589480141843894, -0.24851430182771664, 0.9178699158384689
-0.36785358842349203, -0.17730635968414782, 0.9093107119800474
-0.42742894653073116, -0.1045863027444174, 0.8969871750961024
-0.4801715031556259, -0.028865638728361315, 0.8746269697101854
-0.4683180993933639, 0.047183774200412455, 0.8816610234466518
-0.414362204266995, 0.1226348159130482, 0.9017249450351823
-0.3546754108908583, 0.1954169394711913, 0.9138156649579565
-0.2906365981984884, 0.2652477747594681, 0.9192667008101392
-0.22217403572622701, 0.33091594373107625, 0.9166208053346123
-0.1505536068923842, 0.3924680206465286, 0.9072528613938582
-0.0758098478584942, 0.4482770360943451, 0.8898444594856788
0.0, 0.4999999999999972, 0.8660254037844403
-2.454113276484742e-14, -0.500000000000004, 0.8660254037844364
0.0758080835117371, -0.4482746019024695, 0.8898395295380812
0.1505514671163452, -0.3924649422099365, 0.9072452025092189
0.22217765673587908, -0.3309235655848205, 0.9166291745359156
0.2906320020035695, -0.2652444782960401, 0.9192590375095421
0.35467876823318406, -0.19542164073164323, 0.9138180263857669
0.4143404213875847, -0.12262576683652135, 0.9016866854710035
0.46834845319499385, -0.04718982676818304, 0.8817039301924089
0.48010967758244344, 0.028798980075461562, 0.874641244794403
0.42702281032822065, 0.10444590570606893, 0.8964110473301882
0.36804945660329214, 0.17741474726416595, 0.9095663025102918
0.3059853756052965, 0.2486227919524927, 0.9180591386716392
0.23799770965036238, 0.31484783311838027, 0.9163819016661352
0.16695096594200748, 0.3768271490863677, 0.9080050136833764
0.09337016060642589, 0.43517839074543363, 0.8939888132529248
0.017810377384234594, 0.4879574942254222, 0.8717163985308418
-2.05059385000275e-16, 0.4272879482855156, 0.8660254037844398
-4.71380107053559e-16, 0.3323355549899133, 0.8660254037844395
-7.360517174732361e-16, 0.2373828850650757, 0.866025403784439
-9.990742162593053e-16, 0.1424299385110031, 0.8660254037844388
-1.2604476034117667e-15, 0.047476715327695485, 0.8660254037844384
-1.5201718789306214e-15, -0.04747678448484756, 0.8660254037844379
-1.7782470428158688e-15, -0.14243056092662568, 0.8660254037844377
-2.0346730950675078e-15, -0.23738461399763872, 0.8660254037844373
-2.2894500356855408e-15, -0.3323389436978874, 0.866025403784437
-2.542577864669965e-15, -0.4272935500273708, 0.8660254037844366
-0.017819047002963977, -0.487964715196775, 0.8717372050753429
-0.09335151134298768, -0.43510384021058024, 0.893892962544405
-0.16704902572053676, -0.37696498153714925, 0.9082071309622448
-0.2379853355723341, -0.31480148163082555, 0.9163240448550594
-0.3060307773873782, -0.24869461295035877, 0.9181743126092828
-0.3683674428839394, -0.1775881159725304, 0.9099845133190707
-0.42631922593084026, -0.10415611545817238, 0.8954642640700707
-0.4799951895106694, -0.028603374322410037, 0.8748075654365679
-0.4684968569554532, 0.0472074117661547, 0.8819220660028768
-0.41425654406504564, 0.12257499860503807, 0.9015450539075612
-0.35469043415315643, 0.19542939975023801, 0.9138202601720584
-0.29055800645006125, 0.26516884377307154, 0.9191163317763513
-0.2222183022625763, 0.33098568974230197, 0.9167128542008862
-0.15045962600314136, 0.392303206923527, 0.9069918418175623
-0.0757989481694729, 0.44830274439854223, 0.8898423087822382
0.0, 0.499999999999998, 0.8660254037844397
-3.0463906611263533e-14, -0.5000000000000036, 0.8660254037844365
0.0755756426955176, -0.4468947349014819, 0.8905194398330453
0.14953654777371475, -0.3898091590925956, 0.9081163377611253
0.2201678162644872, -0.32784688074979557, 0.9182520768302099
0.28691717853093573, -0.26178335576401834, 0.9210444750110975
0.34912847807187564, -0.19231624351619298, 0.9164141842836575
0.4064271041660574, -0.12019773119857649, 0.9050644728790757
0.45825115292296936, -0.04609251132217148, 0.886883515651807
0.46798986734138104, 0.028109030759536312, 0.8811349181802743
0.41409725453373225, 0.1014390748641964, 0.9012225279983823
0.35686920175744125, 0.17244426326612883, 0.9158747654976304
0.29524663868965606, 0.24035592481533508, 0.923688116278393
0.2289712277153879, 0.3033007045581607, 0.9226871064557153
0.16027890108878703, 0.36216666147728227, 0.9159844608896612
0.08913261094505935, 0.416317990698184, 0.9030860641128982
0.01675033795653448, 0.465495095660692, 0.8835723277786773
-1.646146448971929e-16, 0.40548801677483814, 0.8792840518212715
-3.7481733959150596e-16, 0.31431909330171554, 0.8801127173235733
-5.808525022089417e-16, 0.22375615571484464, 0.8809413828258752
-7.827201327494994e-16, 0.13379920401422585, 0.8817700483281771
-9.804202312131792e-16, 0.0444482381998591, 0.8825987138304789
-1.1739527975999818e-15, -0.044296741728255956, 0.8834273793327809
-1.3633178319099058e-15, -0.13243573577011875, 0.8842560448350829
-1.5485153341429521e-15, -0.2199687439257296, 0.8850847103373849
-1.7295453042991219e-15, -0.30689576619508885, 0.8859133758396869
-1.906407742378413e-15, -0.39321680257819575, 0.886742041341989
-0.015957948370211344, -0.44901015369636676, 0.8922306112166256
-0.0852337098389041, -0.398948538114715, 0.9117183662780355
-0.15236915904281215, -0.34495384434245846, 0.9247561858349815
-0.21621361566289166, -0.28705428852664977, 0.9317593005349483
-0.2765740882450254, -0.22588091521846057, 0.9330967850371373
-0.33240490911158915, -0.16146880387503693, 0.9278260842648206
-0.38356691202736704, -0.09478531692699814, 0.9168848746326569
-0.4305877236346644, -0.0267598128779087, 0.9007415748666986
-0.41858360503706177, 0.04177459603959589, 0.9058023999165976
-0.36866868864201274, 0.1087583736312219, 0.9222166294692271
-0.3146326844487284, 0.17300691584665692, 0.9324942799899898
-0.25695434375078086, 0.23392871421088737, 0.9370943624286954
-0.19620483409488032, 0.29116531834730935, 0.9361259945094682
-0.1325514416420088, 0.3438310095040742, 0.9291728734058208
-0.06687586455576311, 0.3919542220220215, 0.916924771574505
0.0, 0.43588847096206457, 0.9000006893788212
