1.0083311963171582e-10, 38.6621152132138, -0.09999989999999633
-6.914749648006826, 38.616935282446725, -0.11219502195121583
-13.812422788418077, 38.57327152525129, -0.12439014390243536
-20.693018288909663, 38.53202069499283, -0.13658526585365488
-27.510683315323764, 37.908270586424294, -0.14878038780487438
-33.45667320263547, 34.68347281349762, -0.16097550975609387
-37.255008509262304, 29.082035649611903, -0.1731706317073134
-38.35030832932578, 22.33168051140874, -0.18536575365853292
-38.297614435914696, 15.444863911364708, -0.19756087560975244
-38.24842978795546, 8.575120843113856, -0.20975599756097196
-38.20089820710491, 1.7224531617335492, -0.22195111951219143
-38.15494895008549, -5.113138683657603, -0.234146241463411
-38.11150800136448, -11.931653776165188, -0.24634136341463048
-38.06378905952005, -18.733087805683343, -0.25853648536585
-37.716074934870846, -25.479072154210797, -0.2707316073170695
-35.29181070992726, -31.716486446933153, -0.28292672926828905
-30.22648422941638, -36.09199222646522, -0.29512185121950857
-23.720664335136657, -37.74995200060256, -0.30731697317072804
-16.92380419078891, -37.81704992454725, -0.31951209512194756
-10.141596782075602, -37.78779118612639, -0.3317072170731671
-3.3762633417109438, -37.73931484580814, -0.34390233902438655
3.3719937657178165, -37.69405345482082, -0.35609746097560613
10.103174068733633, -37.65165321687205, -0.36829258292682565
16.81727798371445, -37.61004036102764, -0.3804877048780452
23.492575207212006, -37.36749457868857, -0.39268282682926464
29.9624856956679, -35.7616216173098, -0.40487794878048416
34.81881816235857, -31.22666307047378, -0.4170730707317037
37.01521771629056, -24.992975435899943, -0.4292681926829232
37.3812262759829, -18.32099589209393, -0.44146331463414273
37.3273394069711, -11.617749500361615, -0.4536584365853622
37.277832085695266, -4.931574381061598, -0.4658535585365817
37.231581263423934, 1.7375254030712457, -0.47804868048780125
37.18729694692666, 8.389548658660615, -0.49024380243902077
37.145474697084516, 15.024494812930369, -0.5024389243902403
37.08231775570768, 21.642327945609395, -0.5146340463414598
35.984846736563306, 28.103925824564943, -0.5268291682926792
32.22606396379726, 33.46361847923826, -0.5390242902438989
26.387225884653418, 36.470372382623886, -0.5512194121951183
19.79644012745987, 36.914135137395355, -0.5634145341463378
13.180606149339773, 36.86716831542381, -0.5756096560975573
6.581765544866663, 36.81689585521758, -0.5878047780487768
1.4779288903810084e-12, 36.76891261997692, -0.5999998999999964
9.489298236076138e-11, 36.76891261997692, -0.5999998999999964
-6.568424101983789, 36.74816272403782, -0.6121950219512158
-13.127245625082049, 36.727357677200885, -0.6243901439024354
-19.676103087804247, 36.69839323947335, -0.6365852658536549
-26.109931318458372, 35.67924074694256, -0.6487803878048743
-31.71470330160007, 32.77331750326156, -0.6609755097560939
-35.328300118347826, 27.539862338923278, -0.6731706317073134
-36.586099776505954, 21.146082653427392, -0.6853657536585329
-36.56683962852494, 14.597890586304493, -0.6975608756097524
-36.5348604033365, 8.05811348518921, -0.709755997560972
-36.50605572819082, 1.527936592254688, -0.7219511195121915
-36.48049190583694, -4.992638361273073, -0.734146241463411
-36.458384165899496, -11.503609123190122, -0.7463413634146305
-36.43179110043724, -18.004966600140083, -0.75853648536585
-36.190427258338346, -24.478520607301746, -0.7707316073170696
-33.82449192076051, -30.460186832667247, -0.7829267292682891
-28.967546466310104, -34.69379051198737, -0.7951218512195086
-22.716546839940886, -36.239092708025154, -0.8073169731707281
-16.217006697427998, -36.304322678631, -0.8195120951219477
-9.723003491361798, -36.2719280768885, -0.8317072170731672
-3.238600737870131, -36.24248828271277, -0.8439023390243866
3.236199156076137, -36.217999290952164, -0.856097460975606
9.701395534115973, -36.196656522861105, -0.8682925829268255
16.156989333175417, -36.17525860387221, -0.8804877048780451
22.577899871208245, -35.786701998867215, -0.8926828268292646
28.743020937280285, -34.26407946344028, -0.9048779487804841
33.40403822438641, -29.963989957070833, -0.9170730707317036
35.56270340122408, -24.032574455720987, -0.9292681926829232
36.04484560938464, -17.621997569275592, -0.9414633146341427
36.00972198458365, -11.175849127622888, -0.9536584365853621
35.97979597387163, -4.739298065827626, -0.9658535585365817
35.95300609295653, 1.687651013806957, -0.9780486804878011
35.9284722948991, 8.10499750040858, -0.9902438024390208
35.90818958724206, 14.512738841424884, -1.00243892439024
35.83403107074131, 20.910397465202323, -1.0146340463414598
34.84073025418006, 27.17794696109931, -1.0268291682926791
31.1470568067224, 32.33308057441147, -1.0390242902438986
25.527436515490937, 35.256477941722494, -1.0512194121951182
19.17232465339002, 35.78336554873091, -1.0634145341463377
12.771951263312477, 35.74776084844904, -1.0756096560975572
6.381175048603773, 35.71669649626518, -1.0878047780487767
1.4219736499399005e-12, 35.68838736684513, -1.0999998999999963
9.129763611781527e-11, 35.68838736684513, -1.0999998999999963
-6.372486434962124, 35.67160337703786, -1.1121950219512158
-12.737200694379407, 35.65473826848483, -1.124390143902435
-19.089563965451713, 35.534624526566105, -1.1365852658536548
-25.408466696131025, 34.93508191767776, -1.1487803878048743
-30.949213266336223, 32.00967483993481, -1.1609755097560939
-34.56606292013498, 26.84562327019267, -1.1731706317073134
-35.45942526931091, 20.56753544965155, -1.185365753658533
-35.52762863324095, 14.217224935869133, -1.1975608756097524
-35.5004222254673, 7.868523447777901, -1.209755997560972
-35.47618763438865, 1.5275916639488742, -1.2219511195121915
-35.45652568869184, -4.805568518790318, -1.234146241463411
-35.43932712135346, -11.13095492207211, -1.2463413634146303
-35.424527575621276, -17.448567573511024, -1.25853648536585
-35.20238060569539, -23.74929177319448, -1.2707316073170694
-32.81978874693539, -29.53121696573254, -1.282926729268289
-28.120026682899784, -33.63725522525719, -1.2951218512195084
-22.082957213443613, -35.26033968500826, -1.3073169731707281
-15.76605636847595, -35.315833419432444, -1.3195120951219477
-9.453806109677508, -35.288535318920026, -1.3317072170731672
-3.1493258438258183, -35.26428994857541, -1.3439023390243865
3.1473823433071635, -35.24402680022971, -1.356097460975606
9.436317898899162, -35.22646244019479, -1.3682925829268255
15.717481080417821, -35.20670881370181, -1.380487704878045
21.983490842443736, -35.01921510366221, -1.3926828268292646
27.915216750559356, -33.31922571723539, -1.404877948780484
32.530089273349574, -29.218913951579175, -1.4170730707317036
34.732898848247096, -23.4639884679385, -1.4292681926829232
35.10667918891688, -17.204890122487978, -1.4414633146341427
35.07711857378096, -10.931970042909775, -1.4536584365853622
35.052523870769875, -4.666817471229072, -1.4658535585365817
35.03076662957504, 1.5905633142865996, -1.478048680487801
35.011119907936916, 7.840172148177224, -1.4902438024390205
34.99626244767043, 14.082005630226327, -1.5024389243902403
34.90562297970842, 20.314478440319398, -1.5146340463414596
33.86722339305361, 26.4002309946295, -1.5268291682926791
30.289768192844292, 31.400349993241544, -1.5390242902438989
24.877179696786914, 34.333795855487175, -1.5512194121951182
18.686101578010838, 34.89248023298614, -1.5634145341463377
12.449629544562866, 34.866328738070266, -1.5756096560975572
6.220929427594987, 34.840504556392624, -1.5878047780487767
1.3751222383007189e-12, 34.81717614921478, -1.5999998999999963
8.828493491819245e-11, 34.81717614921478, -1.5999998999999963
-6.2130597251799005, 34.79906125660724, -1.6121950219512158
-12.418153004682505, 34.780754111784574, -1.624390143902435
-18.615279081688723, 34.75530505104816, -1.6365852658536548
-24.730693828779483, 34.07298887552937, -1.6487803878048743
-30.131592045907162, 31.228158153203402, -1.6609755097560939
-33.55233018302691, 26.1431494150115, -1.6731706317073132
-34.62893111570064, 20.10002420437078, -1.685365753658533
-34.65687513332581, 13.904481238280608, -1.6975608756097524
-34.630264032254686, 7.714332410647209, -1.709755997560972
-34.60627222677865, 1.5321478258081778, -1.7219511195121915
-34.58667588288468, -4.642070937583393, -1.734146241463411
-34.56932926733014, -10.808321800586883, -1.7463413634146305
-34.55470526289194, -16.966604459841115, -1.7585364853658496
-34.31131364390164, -23.111678977987417, -1.7707316073170694
-31.92491041473207, -28.70707782277839, -1.782926729268289
-27.38341123928221, -32.72833320978387, -1.7951218512195086
-21.519471742444274, -34.43460519978248, -1.8073169731707281
-15.363361192093416, -34.44610277715298, -1.8195120951219477
-9.21204293317934, -34.419595428248954, -1.8317072170731672
-3.0686895174204043, -34.395727910598296, -1.8439023390243865
3.0666977314511232, -34.37505065623172, -1.856097460975606
9.19411837477816, -34.35681677233197, -1.8682925829268253
15.313571753349006, -34.33429571313822, -1.8804877048780453
21.425051839769047, -34.30787122980088, -1.8926828268292646
27.197347024489382, -32.492982486674926, -1.9048779487804839
31.72863691100368, -28.49712198664398, -1.9170730707317034
33.92148653675929, -22.882890645293674, -1.9292681926829232
34.23825790399968, -16.778093820141667, -1.9414633146341427
34.20925680183576, -10.665619928849036, -1.953658436585362
34.185010138575116, -4.561108043881714, -1.9658535585365815
34.163419571564404, 1.5354377720981325, -1.9780486804878012
34.143758848031865, 7.624017420047761, -1.9902438024390208
34.12868744692968, 13.704627719698797, -2.00243892439024
34.02993473577194, 19.775320527044457, -2.0146340463414596
32.97280976979744, 25.693416724816004, -2.026829168292679
29.476043497706787, 30.551987286761527, -2.0390242902438986
24.224126295460028, 33.44941199556819, -2.051219412195118
18.197041212895314, 34.02389180409241, -2.0634145341463377
12.123394561554274, 33.999596425454605, -2.075609656097557
6.057714749645587, 33.9742036518659, -2.0878047780487767
1.3287149158713873e-12, 33.951150745430304, -2.0999998999999963
8.527933914592722e-11, 33.95115074543031, -2.0999998999999963
-6.049775255583375, 33.932794174842286, -2.112195021951216
-12.091638480677034, 33.91420716910695, -2.124390143902435
-18.125570187187712, 33.88645626661078, -2.136585265853655
-24.076861478319998, 33.195534424230594, -2.1487803878048743
-29.31682970621446, 30.385254650101963, -2.160975509756094
-32.67153330216211, 25.450896965684166, -2.1731706317073134
-33.76058263155533, 19.575468040287745, -2.185365753658533
-33.790157180735214, 13.543795481990141, -2.1975608756097524
-33.764013113694496, 7.517531897607567, -2.209755997560972
-33.74043437728575, 1.4991784186781565, -2.2219511195121915
-33.720443082859205, -4.511263736622585, -2.234146241463411
-33.703015528818305, -10.513792532617488, -2.24634136341463
-33.68774514956223, -16.50840813569471, -2.25853648536585
-33.4148132594641, -22.488374013643693, -2.2707316073170696
-31.063551268074043, -27.919984398257995, -2.282926729268289
-26.6418899161662, -31.84534048158775, -2.295121851219508
-20.94990936974159, -33.53684954333051, -2.307316973170728
-14.95627763313782, -33.57402457709166, -2.3195120951219477
-8.967852104332675, -33.55384595507071, -2.331707217073167
-2.9873061274118813, -33.52992613094105, -2.3439023390243863
2.9853281772188565, -33.50875676991589, -2.3560974609756062
8.95005052376681, -33.49010525510991, -2.3682925829268253
14.906859234714672, -33.47125887296595, -2.3804877048780453
20.855135511110007, -33.396497934413006, -2.3926828268292644
26.47764226538837, -31.650889942255805, -2.4048779487804843
30.859909841847184, -27.731819124084822, -2.4170730707317034
33.07022536854302, -22.286065507882768, -2.429268192682923
33.3662103613927, -16.3525141553084, -2.4414633146341425
33.34343245547122, -10.403398417932877, -2.4536584365853624
33.31862846275541, -4.462186555903229, -2.4658535585365815
33.297550627218534, 1.471114531366018, -2.478048680487801
33.27789779238228, 7.396503342538054, -2.4902438024390205
33.262105859351465, 13.313978312214678, -2.50243892439024
33.129698060502406, 19.220116135056195, -2.5146340463414596
32.04158680725077, 24.955923047260058, -2.526829168292679
28.734138646958048, 29.77184941090669, -2.5390242902438986
23.545727482263487, 32.478326407745776, -2.551219412195118
17.709924454251794, 33.11034482437554, -2.5634145341463377
11.798897809986384, 33.1333925036671, -2.575609656097557
5.8954929740808915, 33.10922858582736, -2.5878047780487767
1.2825296380469808e-12, 33.085125341645856, -2.5999998999999963
8.2273743373662e-11, 33.085125341645856, -2.5999998999999963
-5.88749948513203, 33.065942960774905, -2.612195021951216
-11.766921728534562, 33.04880830634583, -2.6243901439024353
-17.638045729660362, 33.01372978517614, -2.636585265853655
-23.433803154512653, 32.3710997142683, -2.6487803878048743
-28.489821796409053, 29.535534872729848, -2.660975509756094
-31.834609362410973, 24.795270207156076, -2.6731706317073134
-32.927607847083785, 19.07709961982433, -2.685365753658533
-32.92322758902948, 13.205350050891212, -2.6975608756097524
-32.89781367532537, 7.34141843577132, -2.709755997560972
-32.87482821682296, 1.4855617350967145, -2.7219511195121915
-32.854178057488404, -4.362219627891506, -2.734146241463411
-32.836694507320146, -10.201923566271551, -2.74634136341463
-32.82071389401905, -16.033550808621612, -2.7585364853658496
-32.46883793174898, -21.845622530085066, -2.770731607317069
-30.231523689648164, -27.14468475586176, -2.782926729268289
-25.902651130356247, -30.951376561275964, -2.795121851219508
-20.378033285047497, -32.59271662790896, -2.807316973170728
-14.547093492469626, -32.705834560547146, -2.8195120951219477
-8.722223313943683, -32.688276651007044, -2.831707217073167
-2.905388785361313, -32.66416677709739, -2.8439023390243863
2.9033700608301247, -32.64238287961824, -2.8560974609756062
8.704052921433345, -32.62355069313258, -2.8682925829268253
14.496657842315926, -32.60768114060339, -2.8804877048780453
20.278609634940068, -32.47242970714427, -2.8926828268292644
25.742066950604716, -30.792847029816357, -2.9048779487804843
29.992333048457056, -26.970085936697387, -2.9170730707317034
32.2249729556801, -21.69443045505384, -2.9292681926829234
32.50244977053072, -15.919836581024853, -2.941463314634143
32.4768659289254, -10.134650538874979, -2.953658436585362
32.45269084009778, -4.357534508997228, -2.9658535585365815
32.43129257989394, 1.4115061812299614, -2.978048680487801
32.41145092723377, 7.1724709528406, -2.9902438024390205
32.395225190409924, 12.925357848517478, -3.0024389243902405
32.226650581045384, 18.664255704910317, -3.0146340463414596
31.110366900068495, 24.2135911623325, -3.026829168292679
27.81354547158065, 28.804462594108156, -3.0390242902438986
22.87408541521687, 31.575835152002398, -3.051219412195118
17.212361783279473, 32.18964638625151, -3.0634145341463377
11.468112206351972, 32.267275973603965, -3.075609656097557
5.730018131205553, 32.24318688958451, -3.0878047780487767
1.234568003383174e-12, 32.219099937861415, -3.0999998999999963
7.927525302875438e-11, 32.219099937861415, -3.0999998999999963
-5.7219293385598, 32.199360603941834, -3.112195021951216
-11.435754919091004, 32.18171469091076, -3.1243901439024353
-17.14147455929395, 32.166881138768126, -3.136585265853655
-22.764875839898902, 31.474554700439572, -3.1487803878048743
-27.673085311728833, 28.7076987963841, -3.160975509756094
-30.959411473969848, 24.117092462429415, -3.1731706317073134
-32.053162716729176, 18.55556522667548, -3.185365753658533
-32.05699435246565, 12.85116197833399, -3.197560875609753
-32.031596779468074, 7.153413670554133, -3.209755997560972
-32.008150070943074, 1.4637666694350222, -3.221951119512191
-31.988179034781112, -4.217777950735732, -3.234146241463411
-31.969934410233797, -9.891218799024005, -3.24634136341463
-31.95378069505476, -15.556555675885539, -3.25853648536585
-31.477491744378305, -21.190635721787544, -3.270731607317069
-29.34454660360485, -26.340651968276546, -3.282926729268289
-25.13537632577995, -30.005038148089966, -3.2951218512195086
-19.78744742576728, -31.577623572574844, -3.307316973170728
-14.13263631410634, -31.84663160315735, -3.3195120951219477
-8.473504652347295, -31.822424844723763, -3.331707217073167
-2.822475838766966, -31.798203435034647, -3.3439023390243863
2.8204504930033423, -31.77613111257193, -3.3560974609756062
8.45527395522224, -31.757241824138177, -3.3682925829268253
14.081993170589495, -31.74058284290996, -3.380487704878045
19.693869504585095, -31.598759633925773, -3.392682826829265
25.009810941095182, -29.954505301464163, -3.4048779487804843
29.157111668525346, -26.232276309189068, -3.4170730707317034
31.367612000525387, -21.10453390262533, -3.4292681926829234
31.63782587887229, -15.492785172634626, -3.4414633146341425
31.61026746402905, -9.874041413780034, -3.453658436585362
31.586590603867116, -4.263397097217339, -3.4658535585365815
31.565115246760676, 1.3391446881664033, -3.4780486804878015
31.54506830059195, 6.933583773168822, -3.4902438024390205
31.528570567982964, 12.519918217895263, -3.5024389243902405
31.29153318825458, 18.08478452704206, -3.5146340463414596
30.297523684408816, 23.512430559557146, -3.526829168292679
27.072747307114724, 27.999256790210545, -3.5390242902438986
22.25502321647554, 30.715113564251503, -3.551219412195118
16.712586085748217, 31.36302592041274, -3.563414534146338
11.13594923949857, 31.401817704194343, -3.575609656097557
5.563923195660532, 31.377453444763443, -3.5878047780487767
1.1877165917439925e-12, 31.35307453407697, -3.5999998999999963
7.626965725648915e-11, 31.35307453407697, -3.5999998999999963
-5.5558943628651605, 31.333224978196625, -3.612195021951216
-11.10383155510916, 31.315289614509613, -3.6243901439024353
-16.643809960778288, 31.29369322127923, -3.6365852658536553
-22.111725768572036, 30.641902400369908, -3.6487803878048743
-26.89044956173016, 27.921854143775946, -3.660975509756094
-30.10106535563066, 23.449823651966984, -3.6731706317073134
-31.171367555960273, 18.047596874571457, -3.685365753658533
-31.190164517184993, 12.508334759964864, -3.697560875609753
-31.165257656643956, 6.975371965236186, -3.709755997560972
-31.142289583634373, 1.4503643976761256, -3.721951119512192
-31.121823594543265, -4.066687195641458, -3.734146241463411
-31.103576578546573, -9.575781478975667, -3.74634136341463
-31.063744826262273, -15.07605140737317, -3.75853648536585
-30.51476111501787, -20.539137235004134, -3.770731607317069
-28.367928466497375, -25.469416975974454, -3.782926729268289
-24.348569625710418, -29.050280555333366, -3.795121851219509
-19.194370304915324, -30.593947056639294, -3.807316973170728
-13.720660912932209, -30.980918596429788, -3.8195120951219477
-8.226429263907074, -30.956572263180483, -3.831707217073167
-2.740153993372263, -30.932230766666258, -3.8439023390243867
2.7381653266156674, -30.909986700192754, -3.8560974609756062
8.208528365502108, -30.890856876580514, -3.8682925829268258
13.670934099462904, -30.873504303092687, -3.8804877048780453
19.115153372635277, -30.71783662624906, -3.8926828268292653
24.2666234933373, -29.081746382523413, -3.9048779487804843
28.283299351436003, -25.45617568424371, -3.917073070731704
30.44911503711333, -20.49314870500848, -3.9292681926829234
30.766809377262845, -15.054667041717032, -3.941463314634143
30.744089742250836, -9.599280306480527, -3.9536584365853624
30.720257532282833, -4.151847706391347, -3.9658535585365815
30.6990082269415, 1.287629170553053, -3.9780486804878015
30.67916643572244, 6.7191493924785135, -3.990243802439021
30.66144900308996, 12.142712478908743, -4.0024389243902405
30.371656240159545, 17.546963181094625, -4.01463404634146
29.323543700284926, 22.759152295769514, -4.02682916829268
26.216182597767098, 27.086631416049684, -4.039024290243899
21.583096275668808, 29.729461407865866, -4.051219412195119
16.22583787971634, 30.55555807520408, -4.063414534146339
10.809444782018874, 30.535632970251815, -4.075609656097558
5.40074420176485, 30.511338631904614, -4.087804778048778
1.1404210908949608e-12, 30.487049130292522, -4.099999899999997
7.326761419790273e-11, 30.487049130292522, -4.099999899999997
-5.392858650802889, 30.467065943965714, -4.112195021951216
-10.777900383940157, 30.448764015926677, -4.124390143902436
-16.155125299425883, 30.43131651466418, -4.136585265853656
-21.446472589849197, 29.717585747075628, -4.148780387804875
-26.052141155954345, 27.04911236328801, -4.160975509756094
-29.164139442009287, 22.72778277353748, -4.173170631707314
-30.334557712445417, 17.51670440161164, -4.185365753658533
-30.323030475482078, 12.137675087710269, -4.197560875609753
-30.298931682548492, 6.766443155082535, -4.209755997560973
-30.276549153287093, 1.4030270257321789, -4.221951119512192
-30.2553994703006, -3.95257316160476, -4.234146241463411
-30.237105693290026, -9.30035625017872, -4.246341363414631
-30.16732890769618, -14.638373603397241, -4.25853648536585
-29.762939603786826, -19.95660020298346, -4.270731607317069
-27.581626765641325, -24.746563813109177, -4.28292672926829
-23.64141193854125, -28.220091868665946, -4.295121851219509
-18.631264863758688, -29.75537267259945, -4.307316973170729
-13.316049133603874, -30.11369465508661, -4.319512095121948
-7.98376728358562, -30.089796048364608, -4.331707217073168
-2.659301695688598, -30.06594452970593, -4.343902339024387
2.6573479318139204, -30.043951288246234, -4.356097460975606
7.966181323244145, -30.02458431010781, -4.368292582926826
13.26719733227175, -30.007124593097842, -4.380487704878045
18.551565420647812, -29.82770964816031, -4.392682826829265
23.52099663897096, -28.17086510912185, -4.404877948780484
27.40203737380132, -24.650159638063133, -4.417073070731703
29.53177665355699, -19.857572625021916, -4.429268192682923
29.89403193487191, -14.58854158984078, -4.441463314634143
29.87775922479176, -9.293539092019081, -4.453658436585362
29.85405645836653, -4.006332079573076, -4.465853558536582
29.832957790932678, 1.2730593304580327, -4.4780486804878015
29.812981838894242, 6.544634132317173, -4.490243802439021
29.794875614900448, 11.80839210790005, -4.5024389243902405
29.583872614012066, 17.057973521762186, -4.51463404634146
28.425672184862602, 22.09673018051261, -4.52682916829268
25.387515515476295, 26.28178423332337, -4.5390242902438995
20.917148838539756, 28.914799604304587, -4.551219412195119
15.7405989460509, 29.570258479437904, -4.563414534146339
10.488697802309822, 29.66776145852702, -4.575609656097558
5.240440770094824, 29.64436904848589, -4.587804778048777
1.0942358130705543e-12, 29.621023726508096, -4.599999899999997
7.026557113931631e-11, 29.621023726508096, -4.599999899999997
-5.232554542725817, 29.600895218671802, -4.612195021951216
-10.457151659523051, 29.582211383092428, -4.624390143902436
-15.67378920861055, 29.56668516485658, -4.636585265853656
-20.796031639236148, 28.800466372612913, -4.648780387804875
-25.241102146211624, 26.18445925283079, -4.660975509756095
-28.267977029411526, 22.004811970792737, -4.673170631707314
-29.448425242764223, 16.965355447352344, -4.685365753658533
-29.456434396534384, 11.747835878368434, -4.697560875609753
-29.432652008338106, 6.538140982900793, -4.709755997560972
-29.410469477181042, 1.336402610745404, -4.721951119512192
-29.38937165065776, -3.857379108476568, -4.734146241463412
-29.370717772814206, -9.04320321581703, -4.74634136341463
-29.345626175254168, -14.220850493726424, -4.75853648536585
-28.980229730379854, -19.379249464931654, -4.770731607317069
-26.801476672267615, -24.02942504392277, -4.782926729268289
-22.937679934193355, -27.390479153087508, -4.795121851219509
-18.079537756960384, -28.953856650332376, -4.807316973170728
-12.912300828345488, -29.246050401199067, -4.819512095121948
-7.741412804714919, -29.222825814956387, -4.831707217073168
-2.578481704163418, -29.199613009526253, -4.843902339024387
2.5764926408787945, -29.177913028591046, -4.856097460975606
7.723510036653456, -29.158296446964734, -4.868292582926825
12.862569356829958, -29.140607775312034, -4.880487704878045
17.98486791070605, -28.942535289685065, -4.892682826829265
22.7827897023478, -27.28052200308695, -4.904877948780484
26.539326634977634, -23.86351210618251, -4.917073070731704
28.63839691700417, -19.233213236423893, -4.929268192682923
29.02578868624778, -14.130976668068566, -4.941463314634143
29.011328272255003, -8.998915904807468, -4.953658436585362
28.988010859863085, -3.8747578444107367, -4.965853558536582
28.96686481882971, 1.241443834811478, -4.9780486804878015
28.94671758816614, 6.349688328028421, -4.990243802439021
28.928239268417713, 11.449975464916717, -5.0024389243902405
28.721766185032052, 16.535623111284156, -5.01463404634146
27.541621520135646, 21.407795209738936, -5.02682916829268
24.577494735575293, 25.451531956414176, -5.039024290243899
20.25693247785609, 28.025622080939833, -5.051219412195119
15.25149247198603, 28.708946826920776, -5.063414534146338
10.162745277983705, 28.80118242692793, -5.075609656097558
5.077394177452829, 28.77808448441953, -5.087804778048778
1.0480505352461478e-12, 28.754998322723647, -5.099999899999997
6.726352808072988e-11, 28.754998322723647, -5.099999899999997
-5.069482634158327, 28.73473897273744, -5.112195021951216
-10.131098118469676, 28.715692366023532, -5.124390143902436
-15.184844614933192, 28.699517193261574, -5.136585265853655
-20.138055593283898, 27.90298687006824, -5.148780387804875
-24.434664926197485, 25.347249369655543, -5.160975509756094
-27.38457494122705, 21.30449905454491, -5.173170631707314
-28.55455431692575, 16.429295874253395, -5.185365753658533
-28.589946390261357, 11.374723202746738, -5.197560875609753
-28.566272886889692, 6.327064785549736, -5.209755997560972
-28.544412688937747, 1.2872726544003306, -5.221951119512192
-28.523200316400313, -3.7446528560119434, -5.234146241463412
-28.504225388476698, -8.768711090505258, -5.246341363414631
-28.476406164925322, -13.784691818538471, -5.25853648536585
-28.054846257654987, -18.76726655442693, -5.270731607317069
-25.934345092672263, -23.265490717152247, -5.28292672926829
-22.202500419301707, -26.53446856164227, -5.295121851219509
-17.507385762855538, -28.125149749178405, -5.307316973170729
-12.506513660366988, -28.372380166416185, -5.319512095121948
-7.498022238971651, -28.3560791251765, -5.331707217073168
-2.4973740562638183, -28.333340878374734, -5.343902339024387
2.4954074504383956, -28.311897208605142, -5.356097460975606
7.480322195776662, -28.291971914743712, -5.368292582926826
12.45736919230726, -28.273927807389335, -5.380487704878046
17.4151163184707, -28.040874970719074, -5.392682826829265
22.046727062863262, -26.39405613447437, -5.404877948780484
25.708589584369648, -23.096665215220412, -5.417073070731704
27.75325807982871, -18.602395045929406, -5.429268192682923
28.165801273981415, -13.663473906619366, -5.441463314634143
28.144887494607964, -8.692537368997137, -5.453658436585362
28.12208102813839, -3.7294465217514183, -5.4658535585365815
28.100700411574707, 1.225777965711301, -5.478048680487802
28.08049790666815, 6.173135470537968, -5.490243802439021
28.061406514204617, 11.112625999212717, -5.5024389243902405
27.91880967574129, 16.041443878542204, -5.5146340463414605
26.772121323707967, 20.78629341579782, -5.52682916829268
23.800661661524224, 24.66454919945056, -5.5390242902438995
19.627582355952605, 27.204430219053066, -5.551219412195119
14.771393955596029, 27.916433596916715, -5.563414534146339
9.8400277783134, 27.933691412328116, -5.575609656097558
4.916080508983969, 27.91131367782353, -5.587804778048777
1.0018652574217413e-12, 27.888972918939206, -5.599999899999997
6.426148502214346e-11, 27.888972918939206, -5.599999899999997
-4.908142470851536, 27.868867171063368, -5.612195021951216
-9.808275252789796, 27.84937129086818, -5.624390143902436
-14.70039332225035, 27.830361191321572, -5.636585265853656
-19.482612444441802, 26.990576480525043, -5.648780387804875
-23.6418866104527, 24.512574753593366, -5.660975509756095
-26.531826711323955, 20.604300558842155, -5.673170631707313
-27.638529152216634, 15.876559372970638, -5.685365753658534
-27.723469248484804, 10.98813153136204, -5.697560875609753
-27.699841209320702, 6.10348244778935, -5.709755997560972
-27.678262586830485, 1.2268421055905308, -5.721951119512192
-27.657100873853448, -3.64178882499179, -5.734146241463411
-27.637550630009247, -8.50241011839632, -5.746341363414631
-27.59915087819507, -13.35476915678527, -5.75853648536585
-27.089625418201468, -18.145373727728103, -5.770731607317069
-25.047222824215417, -22.490138415980763, -5.78292672926829
-21.483605230936437, -25.708079344197365, -5.795121851219509
-16.939627526854828, -27.297698091042385, -5.807316973170728
-12.100126346219053, -27.50340361394247, -5.819512095121948
-7.254086793667039, -27.489386803559196, -5.831707217073168
-2.416026582123117, -27.467101415707212, -5.843902339024387
2.4140242677255026, -27.445792853535643, -5.856097460975606
7.23606572512419, -27.425592386702316, -5.868292582926825
12.050091881782112, -27.40488059095808, -5.880487704878045
16.83974763759069, -27.151589280719655, -5.892682826829265
21.31139884558111, -25.52420244182818, -5.904877948780484
24.859479771596774, -22.3308271550056, -5.917073070731703
26.878053864928937, -17.992959298720642, -5.929268192682923
27.301919283190067, -13.217243583699416, -5.941463314634143
27.278119543954535, -8.410686219555997, -5.953658436585362
27.255941201406603, -3.612137640426216, -5.965853558536582
27.234463964614648, 1.1784016517702793, -5.9780486804878015
27.214120601102017, 5.960931509523321, -5.990243802439021
27.187658634575758, 10.73544212651974, -6.0024389243902405
27.135025678725754, 15.501597771731316, -6.01463404634146
25.860595537777435, 20.059762918075457, -6.02682916829268
22.980175015313016, 23.79421562413563, -6.039024290243899
18.93391987264213, 26.20775881063025, -6.051219412195119
14.276547013437474, 26.97327883243347, -6.063414534146339
9.511927795633273, 27.067436549663373, -6.075609656097558
4.751959199586495, 27.04519003872139, -6.087804778048778
9.539036227579345e-13, 27.02294751515478, -6.099999899999997
6.125944196355704e-11, 27.02294751515478, -6.099999899999997
-4.743976305106447, 27.002379032497483, -6.112195021951216
-9.479995860290128, 26.982545271945078, -6.124390143902436
-14.20799844558673, 26.94349449733656, -6.136585265853656
-18.82227668484828, 26.112935299103512, -6.148780387804875
-22.834027922577313, 23.686723301223026, -6.160975509756094
-25.637253846466187, 19.91477849338491, -6.173170631707313
-26.785684351529202, 15.355585305051669, -6.185365753658533
-26.854953118722598, 10.632308733452634, -6.197560875609753
-26.833746439092483, 5.9109293142075545, -6.209755997560973
-26.811897482084717, 1.1975054087308081, -6.221951119512192
-26.791119894536024, -3.507961916790305, -6.234146241463412
-26.770707448219873, -8.205472646850538, -6.246341363414631
-26.739696512896437, -12.895009712432728, -6.25853648536585
-26.189080826453097, -17.52025984630378, -6.270731607317069
-24.162510770692247, -21.687444991287144, -6.282926729268289
-20.759559972592616, -24.85273351722097, -6.295121851219509
-16.37174119134738, -26.38701183685461, -6.307316973170729
-11.690863032832677, -26.645169560183405, -6.319512095121948
-7.008550379022473, -26.623063442155818, -6.331707217073168
-2.334194312793422, -26.600973616473883, -6.343902339024387
2.332205203418578, -26.579602807054222, -6.356097460975606
6.990648123694259, -26.55916990436446, -6.368292582926826
11.641122947293397, -26.535634741958738, -6.380487704878046
16.261370274102298, -26.25519167547796, -6.392682826829265
20.589032971386175, -24.67337778796982, -6.404877948780484
23.9606077149302, -21.52451994716062, -6.417073070731704
25.97473974612612, -17.376024447806945, -6.429268192682923
26.426732578748467, -12.765974718007563, -6.441463314634143
26.40902182438292, -8.122174124616548, -6.453658436585362
26.389685452212397, -3.4863284298919064, -6.4658535585365815
26.36825945862087, 1.1415621623887802, -6.4780486804878015
26.34769103785256, 5.761496148808668, -6.4902438024390205
26.3261213820113, 10.373471048292938, -6.5024389243902405
26.16861876051376, 14.970618505694395, -6.5146340463414605
24.961716005800533, 19.3711134751176, -6.52682916829268
22.21258299127637, 23.005446401770683, -6.5390242902438995
18.28349657693993, 25.329044051455266, -6.551219412195119
13.78554669399679, 26.096234004194653, -6.563414534146338
9.18560208704604, 26.200767769648145, -6.575609656097558
4.588822749732899, 26.178836794336423, -6.587804778048777
9.07718344933528e-13, 26.15692211137034, -6.599999899999997
5.825739890497061e-11, 26.15692211137034, -6.599999899999997
-4.580774703836183, 26.136157325068943, -6.612195021951216
-9.153409726218356, 26.115879811002372, -6.624390143902436
-13.717549390833033, 26.07336660838875, -6.636585265853656
-18.160038567798875, 25.204275053522807, -6.648780387804876
-22.007188316575714, 22.817011642864884, -6.660975509756094
-24.68010728034502, 19.174971193643145, -6.673170631707313
-25.905292461255293, 14.811422005864845, -6.685365753658534
-25.98341990474823, 10.254442202344398, -6.697560875609753
-25.96725681645783, 5.697072514234104, -6.709755997560972
-25.945869942617623, 1.1478389780782763, -6.721951119512192
-25.92481121631483, -3.393254940423966, -6.734146241463411
-25.904239065995228, -7.926209224312133, -6.746341363414631
-25.865146479190805, -12.45030522222482, -6.75853648536585
-25.350866560310557, -16.920220981967937, -6.77073160731707
-23.30340029384753, -20.908891091062966, -6.78292672926829
-19.992914404425356, -23.928805184389894, -6.795121851219509
-15.791462906990802, -25.4734429022267, -6.807316973170728
-11.278969971041956, -25.778191116092792, -6.819512095121949
-6.76127728329017, -25.756382322810076, -6.831707217073168
-2.2517241936024854, -25.73471520717837, -6.843902339024387
2.2496893050358544, -25.713472557962266, -6.856097460975606
6.742963190697813, -25.692749358815036, -6.868292582926825
11.228091795668703, -25.67065421092313, -6.880487704878045
15.679466868388342, -25.317909434882537, -6.892682826829265
19.835094281731145, -23.76086858430726, -6.904877948780484
23.11857256867961, -20.757897109592825, -6.917073070731704
25.0316807346557, -16.742751140325176, -6.929268192682924
25.56285797774794, -12.306751066978592, -6.941463314634143
25.543926527552852, -7.828740562741011, -6.953658436585362
25.523405579967662, -3.3588688414588628, -6.965853558536582
25.50215709006848, 1.1028638929899204, -6.9780486804878015
25.48131289926333, 5.556457007675399, -6.990243802439021
25.46079577172661, 10.001910468326429, -7.0024389243902405
25.225183421525294, 14.43081848827612, -7.01463404634146
23.98887648146028, 18.630796664030175, -7.02682916829268
21.336070090898136, 22.11105507154261, -7.0390242902438995
17.59662908663903, 24.3949731513442, -7.051219412195119
13.283521096647002, 25.19265190268456, -7.063414534146339
8.8522442256794, 25.333787686300337, -7.075609656097558
4.422052318365143, 25.312213361593646, -7.087804778048778
8.606448886894214e-13, 25.29089670758591, -7.099999899999997
5.525180313270539e-11, 25.29089670758591, -7.099999899999997
-4.4140169093105905, 25.2699163525038, -7.112195021951216
-8.820102589544494, 25.24916267746048, -7.124390143902436
-13.213555754800844, 25.15970683226298, -7.136585265853656
-17.48190223497737, 24.26778532116652, -7.148780387804876
-21.15276981704873, 21.930677252613844, -7.160975509756095
-23.76103616771641, 18.445098319915125, -7.173170631707313
-24.95517252264022, 14.252422859695038, -7.185365753658533
-25.121017549497775, 9.870043511218652, -7.197560875609753
-25.100976067256724, 5.477475065582219, -7.209755997560972
-25.079712511594725, 1.0928362648843506, -7.221951119512192
-25.05862649886832, -3.2838713256308045, -7.234146241463412
-25.037707010414447, -7.652647694813081, -7.246341363414631
-24.96205356259304, -12.011732926481354, -7.25853648536585
-24.425282310859195, -16.30800593499058, -7.270731607317069
-22.452694434835344, -20.15176321436698, -7.28292672926829
-19.240815437160396, -23.044551820174696, -7.295121851219509
-15.205789652942968, -24.584051415312942, -7.307316973170728
-10.866491855474662, -24.908444112264974, -7.319512095121948
-6.513953984564106, -24.889713463801172, -7.331707217073168
-2.169335192726747, -24.868483913428392, -7.343902339024387
2.1673523895363047, -24.847333869448377, -7.356097460975606
6.49610875561021, -24.82628202850978, -7.368292582926826
10.816933887960701, -24.805387773946478, -7.380487704878045
15.10323309371551, -24.358960000280746, -7.392682826829265
19.045963454006454, -22.769649114891784, -7.404877948780484
22.17473110191807, -19.889021472679726, -7.417073070731703
24.03436117036984, -16.0619313800521, -7.429268192682924
24.69149667058685, -11.817948226205907, -7.441463314634143
24.677987350814274, -7.502717435922213, -7.453658436585362
24.65721919467353, -3.195408497121006, -7.465853558536582
24.636087442208236, 1.1039697673133828, -7.4780486804878015
24.614976301614703, 5.395416817351496, -7.490243802439021
24.59384344438238, 9.678932649331491, -7.5024389243902405
24.443230242333332, 13.951635075515682, -7.5146340463414605
23.141296744892667, 17.985956836848484, -7.526829168292679
20.591941374897218, 21.373100163270887, -7.5390242902438995
16.952986327890404, 23.56439842586554, -7.551219412195119
12.801231204341374, 24.452363536641812, -7.563414534146338
8.526647722424748, 24.46701005068507, -7.575609656097558
4.259358255682816, 24.44595811985489, -7.587804778048777
8.140155216551648e-13, 24.42487130380149, -7.599999899999997
5.224976007411897e-11, 24.42487130380147, -7.599999899999997
-4.251421333362618, 24.403655118391377, -7.612195021951216
-8.494900034591987, 24.382412845415203, -7.624390143902436
-12.718659748541878, 24.153404403699625, -7.636585265853656
-16.823695659766894, 23.343718433830368, -7.648780387804875
-20.40976474270162, 21.136040397712208, -7.660975509756094
-22.952759985169568, 17.75281300380295, -7.673170631707313
-24.074082690662213, 13.682945614966613, -7.685365753658533
-24.250652199714196, 9.46845144746348, -7.697560875609753
-24.234634779271154, 5.241005285097072, -7.709755997560973
-24.213635610226437, 1.0214952900175727, -7.721951119512192
-24.19245548165857, -3.19007207788981, -7.734146241463412
-24.171110041462427, -7.39369680511021, -7.746341363414631
-24.114854857064223, -11.588903003132664, -7.75853648536585
-23.497666664239507, -15.70854780621966, -7.770731607317069
-21.577897185467915, -19.389073567528825, -7.782926729268289
-18.4969187051703, -22.186625484212904, -7.795121851219509
-14.625855536919605, -23.715844823772287, -7.807316973170728
-10.459393183160158, -24.023071510180177, -7.819512095121948
-6.269906483674284, -24.023243519831894, -7.831707217073168
-2.0879831733840377, -24.002349036192896, -7.843902339024387
2.0859975158273416, -23.981213711764504, -7.856097460975606
6.252035564288798, -23.95981962321966, -7.868292582926826
10.410044444525125, -23.925698704046567, -7.880487704878046
14.520358651828868, -23.47081301298551, -7.892682826829265
18.291148498693232, -21.88301623907532, -7.904877948780484
21.28442943247495, -19.098552424582444, -7.917073070731704
23.146757267753472, -15.453073379691114, -7.929268192682923
23.77193984627428, -11.38287608630512, -7.941463314634143
23.811601591679274, -7.234507320355672, -7.953658436585362
23.79104321424893, -3.0924382133346935, -7.9658535585365815
23.7700024685999, 1.041688507654864, -7.9780486804878015
23.748621199425507, 5.167872591403798, -7.9902438024390205
23.721299859602443, 9.286096557124536, -8.00243892439024
23.50757755169216, 13.37736645046751, -8.01463404634146
22.239596957218904, 17.247557094261253, -8.02682916829268
19.741061001274286, 20.457227404858557, -8.0390242902439
16.283275407110786, 22.6002735489297, -8.051219412195119
12.311058066132489, 23.503886942640847, -8.063414534146338
8.201022675470885, 23.600226060775867, -8.075609656097559
4.09654004404774, 23.579714745025747, -8.087804778048778
7.673861546209082e-13, 23.558845900017047, -8.099999899999997
4.9247717015532544e-11, 23.55884590001705, -8.099999899999997
-4.08857808530692, 23.53746950673174, -8.112195021951216
-8.169151160784537, 23.514770509906494, -8.124390143902435
-12.241068167907144, 23.431744557393642, -8.136585265853656
-16.180760907492484, 22.493227909066878, -8.148780387804875
-19.596180147623308, 20.320729284432698, -8.160975509756094
-22.02034164906751, 17.07104418125011, -8.173170631707315
-23.197333782391947, 13.194108257260915, -8.185365753658532
-23.383611108210438, 9.12983802982667, -8.197560875609753
-23.367248630057663, 5.063053554176362, -8.209755997560972
-23.347580967591885, 1.0042418391095964, -8.221951119512191
-23.3262993062592, -3.0465916935838235, -8.23414624146341
-23.30450924851842, -7.089443883638234, -8.24634136341463
-23.264167274701006, -11.124052570215932, -8.25853648536585
-22.57381158829367, -15.072756991136016, -8.27073160731707
-20.70739865613629, -18.59994480627205, -8.28292672926829
-17.756327110723053, -21.298648607309527, -8.295121851219509
-14.051162254827005, -22.81913271783789, -8.307316973170728
-10.051292194939137, -23.1507267758544, -8.319512095121949
-6.025119704580199, -23.156722889950576, -8.331707217073168
-2.006377927838563, -23.136198558280945, -8.343902339024387
2.004382595916469, -23.115014820313615, -8.356097460975606
6.007161811560356, -23.0932732200547, -8.368292582926825
10.000206742155644, -22.99528634113949, -8.380487704878046
13.957427968129672, -22.65984329745942, -8.392682826829265
17.57340880710059, -21.024599388933936, -8.404877948780484
20.409494002490156, -18.295343603817187, -8.417073070731703
22.1975790636857, -14.805952628095, -8.429268192682922
22.914388406816638, -10.91657187243503, -8.441463314634143
22.93443207430099, -6.9283947191451425, -8.453658436585362
22.92487867776233, -2.947429032178798, -8.465853558536583
22.90393660107631, 1.025586948973384, -8.4780486804878
22.88224499484271, 4.990621609260295, -8.490243802439021
22.858234488765195, 8.947670439646295, -8.50243892439024
22.644730100834497, 12.886054910574128, -8.51463404634146
21.365585642093208, 16.589126481419914, -8.52682916829268
18.968040579540038, 19.689599086797788, -8.5390242902439
15.640910379202413, 21.777306842095633, -8.551219412195119
11.820397527688298, 22.651473488605646, -8.563414534146338
7.87386705120703, 22.733261069639298, -8.575609656097557
3.932942982415812, 22.713418406693187, -8.587804778048778
7.203126983768016e-13, 22.692820496232606, -8.599999899999997
4.624567395694612e-11, 22.692820496232624, -8.599999899999997
-3.9250118957033324, 22.670916634456578, -8.612195021951216
-7.84167984265843, 22.63044457851122, -8.624390143902435
-11.74581079022363, 22.41954986814757, -8.636585265853656
-15.456427061520666, 21.432295398489476, -8.648780387804875
-18.69638976945328, 19.370365551528128, -8.660975509756094
-21.138046216155015, 16.34619002206002, -8.673170631707315
-22.27304936896621, 12.609883322848491, -8.685365753658534
-22.501095232681077, 8.730391655916996, -8.697560875609753
-22.49817230434224, 4.828868046027479, -8.709755997560972
-22.481462025452895, 0.9351866244764717, -8.721951119512191
-22.460074812544782, -2.9506250034414085, -8.734146241463412
-22.437775187093177, -6.828555645399544, -8.74634136341463
-22.384132176237312, -10.697245512790994, -8.75853648536585
-21.69765821924327, -14.47878814403677, -8.77073160731707
-19.867652328836694, -17.85071650821869, -8.78292672926829
-17.03864097311839, -20.454958140400816, -8.795121851219509
-13.476993857770514, -21.910321168470976, -8.80731697317073
-9.644853210708007, -22.293486883616954, -8.819512095121949
-5.7811269377191135, -22.29017636242543, -8.831707217073166
-1.925072153652257, -22.27006241067555, -8.843902339024387
1.9231019220664072, -22.248788425283145, -8.856097460975606
5.763395162352008, -22.226739571443574, -8.868292582926825
9.594449776604765, -22.14156140958564, -8.880487704878046
13.380213933060222, -21.734546539853167, -8.892682826829265
16.83434809997134, -20.147844178212576, -8.904877948780484
19.57258870624872, -17.542769241256238, -8.917073070731703
21.33531919013944, -14.206436947887788, -8.929268192682922
22.0116984741652, -10.474581320178615, -8.941463314634143
22.073827993766034, -6.653323906300084, -8.953658436585362
22.058618437110876, -2.8364826513621577, -8.965853558536582
22.037883903244346, 0.972491144794232, -8.978048680487802
22.015832617065698, 4.77358407666838, -8.990243802439021
21.992266926611002, 8.566795449273275, -9.00243892439024
21.744870054072745, 12.34186548358301, -9.01463404634146
20.4942165615705, 15.885725596804878, -9.02682916829268
18.133628835974317, 18.81179753544137, -9.0390242902439
14.975767145313851, 20.852579747416122, -9.051219412195119
11.337020915980675, 21.825760058628116, -9.063414534146338
7.550552978076677, 21.86654464170736, -9.075609656097559
3.7713362758139777, 21.84722228782123, -9.087804778048778
6.73683331342545e-13, 21.826795092448183, -9.099999899999997
4.32436308983597e-11, 21.826795092448183, -9.099999899999997
-3.763444091460568, 21.804619213624715, -9.112195021951216
-7.518958201235361, 21.77468668263714, -9.124390143902435
-11.260506187274808, 21.673181942441964, -9.136585265853654
-14.855617654536475, 20.6848162990112, -9.148780387804875
-17.94955748423588, 18.61397475080137, -9.160975509756094
-20.20160712048569, 15.652360084213095, -9.173170631707315
-21.39384453043787, 12.132110408978338, -9.185365753658534
-21.65202579126968, 8.398646909578412, -9.197560875609753
-21.635377641443046, 4.658702702084101, -9.209755997560972
-21.61529886780724, 0.926650094312754, -9.221951119512193
-21.59364225287394, -2.7974991433172858, -9.23414624146341
-21.570929487501992, -6.513744726715199, -9.24634136341463
-21.477311596597577, -10.219795360566529, -9.25853648536585
-20.76737466413943, -13.827401217609879, -9.27073160731707
-19.000019296513983, -17.05098412871648, -9.28292672926829
-16.294266528664483, -19.54532116485893, -9.295121851219509
-12.909899687013713, -21.007523857736633, -9.307316973170728
-9.240167856333963, -21.42059289318061, -9.319512095121947
-5.538469764960505, -21.422972099271128, -9.331707217073168
-1.8441807628207374, -21.403589413938192, -9.343902339024387
1.8422050351449004, -21.382671807436378, -9.356097460975606
5.520687344171067, -21.36012780338576, -9.368292582926827
9.191067661078915, -21.3220197623559, -9.380487704878046
12.804028891303236, -20.826573875560374, -9.392682826829265
16.109972324018887, -19.32092963244671, -9.404877948780484
18.779702005599624, -16.84837693838521, -9.417073070731703
20.497426868992754, -13.63950015895772, -9.429268192682924
21.177202059956787, -10.06282117122398, -9.441463314634143
21.21155193722897, -6.401623351923491, -9.453658436585362
21.192117513655518, -2.7466291224560173, -9.465853558536582
21.171584227403812, 0.9004618328550678, -9.478048680487802
21.14908515991048, 4.539649413123914, -9.490243802439021
21.091058864722868, 8.170454517307661, -9.50243892439024
20.836473154840345, 11.772872447771313, -9.51463404634146
19.573200612032586, 15.141521357588275, -9.52682916829268
17.320889421623495, 17.94048751763879, -9.5390242902439
14.309449236863212, 19.896071024181097, -9.551219412195119
10.84118303468583, 20.820153182164898, -9.56341453414634
7.226557769972606, 20.998405485997846, -9.575609656097557
3.6093271769519726, 20.97957468868512, -9.587804778048778
6.270539643082884e-13, 20.960769688663756, -9.599999899999997
4.0241587839773274e-11, 20.960769688663756, -9.599999899999997
-3.6013778811932116, 19.958386720782666, -9.612195021951216
-7.194758290923623, 18.954503821827597, -9.624390143902435
-10.775610962507844, 17.86452370474499, -9.636585265853656
-14.191421905159588, 16.087222646231307, -9.648780387804875
-17.160689578247638, 13.662270021652953, -9.660975509756094
-19.324165727103463, 10.778955053311565, -9.673170631707315
-20.519187265272205, 7.814379356627933, -9.685365753658534
-20.77795420308872, 5.038198126021113, -9.697560875609753
-20.768441951544702, 2.593199622857889, -9.709755997560972
-20.749121292675007, 0.4919022521521068, -9.721951119512191
-20.727175824884487, -1.2656471066985682, -9.734146241463412
-20.703977556670825, -2.679449445564145, -9.74634136341463
-20.594769643181603, -3.7496250319573394, -9.75853648536585
-19.87683840821265, -4.440329443821993, -9.77073160731707
-18.13897668253622, -4.7058940792521495, -9.78292672926829
-15.544697421223953, -4.5066474557761795, -9.795121851219509
-12.343883140489421, -3.874573853798461, -9.807316973170728
-8.832861113741476, -2.940213698312114, -9.819512095121947
-5.294116581502343, -1.9345281437308959, -9.831707217073168
-1.762706580755176, -0.9334148575407593, -9.843902339024385
1.7607072612372456, 0.06702963900796455, -9.856097460975608
5.276124350750825, 1.0672178304364088, -9.868292582926827
8.783413553022372, 2.072414855387713, -9.880487704878046
12.239712759720511, 2.9582893252865166, -9.892682826829265
15.386243698504902, 3.6145627851946003, -9.904877948780484
17.924550567609497, 3.921010131876071, -9.917073070731703
19.587600978992633, 3.8216787553949034, -9.929268192682924
20.266597912267542, 3.289737209874885, -9.941463314634143
20.343712227741186, 2.3894809204483964, -9.953658436585362
20.326159386792764, 1.1392393330848345, -9.965853558536583
20.305054267821188, -0.4547517840103771, -9.978048680487802
20.282617072199482, -2.392490252162019, -9.990243802439021
20.248616896830118, -4.6740901095087715, -10.00243892439024
19.947075737711113, -7.284826004015377, -10.01463404634146
18.70235296085969, -10.08589373534753, -10.026829168292679
16.527752655003006, -12.801791648124677, -10.0390242902439
13.66391576138356, -15.193078569413066, -10.051219412195119
10.352938417342491, -16.980013274500756, -10.063414534146338
6.898896396785127, -18.08761771318947, -10.075609656097559
3.445450863516988, -19.09213163849928, -10.087804778048776
4.440892098500626e-16, -20.094744284879113, -10.099999899999997
0.0, -20.094744284879113, -10.099999899999997
-3.4603765959964186, -19.132224771526378, -10.112195021951216
-6.958601782764588, -18.17079261616016, -10.124390143902435
-10.466576119026692, -17.044588768418297, -10.136585265853656
-13.803434456288151, -15.486586072140598, -10.148780387804875
-16.623411020668364, -13.39670766145455, -10.160975509756094
-18.602185386522436, -11.002778661515487, -10.173170631707313
-19.628334980753216, -8.530675668317905, -10.185365753658534
-19.919574201636774, -6.233933236850579, -10.197560875609753
-19.900961801298013, -4.288260707171353, -10.209755997560972
-19.874946739370692, -2.71617155117006, -10.221951119512191
-19.574500310294596, -1.4737964297197867, -10.234146241463412
-18.83214212908788, -0.4201375502320479, -10.246341363414631
-17.559598545082196, 0.6750345828687392, -10.25853648536585
-15.520042649282644, 1.9181215735477748, -10.27073160731707
-12.613698671554134, 2.9895957687006263, -10.28292672926829
-9.200029178515978, 3.643010830403494, -10.295121851219509
-7.025671938675105, 5.358173771673072, -10.307316973170728
-4.826180371201378, 6.6236747410575125, -10.319512095121949
-2.7699493875409416, 7.849341340122969, -10.331707217073168
-0.881347655118591, 9.263451615740697, -10.343902339024387
0.8393783326240615, 10.881508674542946, -10.356097460975606
2.392228248019337, 12.704207194633648, -10.368292582926825
3.777202496885505, 14.732806322545866, -10.380487704878046
4.977192592579687, 16.751715268430143, -10.392682826829265
5.892178763614881, 18.63282716971538, -10.404877948780484
8.954079405855673, 17.955543924972055, -10.417073070731703
11.967456504156228, 16.973099057272506, -10.429268192682924
14.713061633674542, 15.490091325504386, -10.441463314634142
17.05017923646823, 13.109341403172163, -10.453658436585362
18.678227640093933, 9.907397114561153, -10.465853558536582
19.415034016269008, 6.248063641061805, -10.4780486804878
19.4136142558612, 2.4312025017029693, -10.490243802439021
19.395141064817313, -1.4235618942337007, -10.50243892439024
19.322636380889577, -5.312393555920217, -10.51463404634146
19.087480441765635, -9.207107567694006, -10.52682916829268
18.073875920116308, -12.979094621408931, -10.5390242902439
15.747432435899187, -16.19780735182415, -10.55121941219512
12.360192470461394, -18.38591913167907, -10.563414534146338
8.359041776231129, -19.250188327882242, -10.575609656097557
4.198468488529761, -19.24701121729066, -10.587804778048778
8.881784197001252e-16, -19.22871888109466, -10.599999899999997
3.423394900892163e-11, 19.228718881094895, -10.599999899999997
-4.190536281696204, 19.204725508873917, -10.612195021951216
-8.327304129662181, 19.164701842150848, -10.624390143902435
-12.287902589889324, 18.250800543540755, -10.636585265853656
-15.618144871328283, 16.01910709846537, -10.648780387804877
-17.87734766383211, 12.774178252692286, -10.660975509756096
-18.820556882821105, 8.996491873814966, -10.673170631707313
-19.01421495567701, 5.127820358828256, -10.685365753658532
-19.05440791643435, 1.277104191956195, -10.697560875609753
-19.033142645675838, -2.524564995015553, -10.709755997560972
-18.99249192516459, -6.272477957740494, -10.721951119512191
-18.213110589895777, -9.846998370202128, -10.73414624146341
-16.542558341221085, -12.948265314731037, -10.746341363414631
-14.154793572486133, -15.213185464692046, -10.75853648536585
-11.34519345969536, -16.55796428536815, -10.77073160731707
-8.332583288075725, -17.403329096391992, -10.78292672926829
-5.314620074477008, -17.952607358895627, -10.795121851219509
-4.49171445227772, -15.98346556448757, -10.807316973170728
-3.419388476135275, -13.93770620493199, -10.819512095121949
-2.1661609663296857, -11.90147886493514, -10.831707217073168
-0.7600564794190937, -10.036581056195475, -10.843902339024387
0.7980594837317576, -8.375877690080374, -10.856097460975606
2.5081869488883117, -6.919124320550065, -10.868292582926827
4.370082949900248, -5.64228585410307, -10.880487704878046
6.3459787444871525, -4.271031735065558, -10.892682826829265
8.292271436544507, -2.5534866043493896, -10.904877948780484
11.531852436494741, -2.0032888631166106, -10.917073070731703
14.286439516269352, -1.0794119007091174, -10.929268192682922
16.34639119146649, -0.048080470595412095, -10.941463314634143
17.60295388444599, 0.836004199594262, -10.953658436585362
18.306278897469053, 1.6660222911588696, -10.965853558536582
18.565681234388133, 2.6689069246811368, -10.978048680487802
18.54760004972136, 3.9856398702722684, -10.990243802439021
18.51227866746955, 5.659585811343029, -11.00243892439024
18.17241234706335, 7.662985116370266, -11.01463404634146
17.09679545069219, 9.824718933365595, -11.026829168292679
15.22381243341682, 11.956287916670515, -11.0390242902439
12.62468205836206, 13.89535872923059, -11.05121941219512
9.567932713274947, 15.474041889537355, -11.06341453414634
6.339785320531991, 16.51880475695689, -11.075609656097559
3.1430891830610883, 17.442319963983227, -11.087804778048778
4.867217739956686e-13, 18.36269347731047, -11.099999899999997
3.1231905950335204e-11, 18.36269347731047, -11.099999899999997
-3.112237501658383, 18.338553863263208, -11.112195021951216
-6.216310545524029, 18.295647572010143, -11.124390143902435
-9.293081989679157, 18.044016158034577, -11.136585265853656
-12.211129097312385, 17.055440239727876, -11.148780387804877
-14.723154419622615, 15.276079931753952, -11.160975509756096
-16.620739062733815, 12.84941362580203, -11.173170631707313
-17.821311078768293, 10.011811285280453, -11.185365753658532
-18.16460644112221, 6.945545955959371, -11.197560875609753
-18.168824481702252, 3.8563994533257846, -11.209755997560972
-18.15025711409524, 0.7750041527516884, -11.221951119512191
-18.127976161592102, -2.298401229203773, -11.234146241463412
-18.10116060260993, -5.363812680723726, -11.246341363414631
-17.911270838322608, -8.412729974840481, -11.25853648536585
-17.126750447601623, -11.343379946869469, -11.27073160731707
-15.570862303875858, -13.953762156869093, -11.28292672926829
-13.32630498590309, -16.005725562700626, -11.295121851219509
-10.598547635779159, -17.3513577698152, -11.307316973170728
-7.6094819655191355, -17.906347618149525, -11.319512095121947
-4.560490878888183, -17.955431337063924, -11.331707217073168
-1.5181682134130763, -17.93846713953021, -11.343902339024387
1.5161710693065924, -17.917563549042733, -11.356097460975606
4.54251783566847, -17.892360564717677, -11.368292582926827
7.558178113739, -17.810310475952054, -11.380487704878046
10.49308109062131, -17.190119033898604, -11.392682826829265
13.140430752163539, -15.784895594178234, -11.404877948780484
15.3238558238749, -13.734141188048374, -11.417073070731703
16.84770370185153, -11.153556308109351, -11.429268192682922
17.646034083087777, -8.260998968289123, -11.441463314634143
17.742033497231112, -5.254372254960701, -11.453658436585362
17.726708509714705, -2.2508832324259016, -11.465853558536582
17.70675097855748, 0.7446245109394913, -11.478048680487802
17.682123699847473, 3.7321407792355883, -11.490243802439021
17.64380544597622, 6.711168143928941, -11.50243892439024
17.199668744875737, 9.644238887529484, -11.514634046341461
15.981392887268292, 12.341073902602925, -11.526829168292679
14.08811970919312, 14.608269302809045, -11.539024290243898
11.654475498254289, 16.278371061862934, -11.55121941219512
8.865016382244413, 17.242836506385302, -11.563414534146338
5.920614968935241, 17.50623200460607, -11.575609656097557
2.9564412879927984, 17.514360182948113, -11.587804778048778
4.39648317751562e-13, 17.49666807352605, -11.599999899999997
2.822986289174878e-11, 17.49666807352605, -11.599999899999997
-2.9682041372089762, 17.47226040690562, -11.612195021951216
-5.967323289186591, 17.428237951691102, -11.624390143902435
-8.962310720578339, 17.05296584578523, -11.636585265853656
-11.791194431441008, 15.941836669755904, -11.648780387804877
-14.20328334658287, 14.041549279978282, -11.660975509756094
-15.938519718967472, 11.471401012758003, -11.673170631707313
-16.940141115330974, 8.49083658198286, -11.685365753658534
-17.279102968753126, 5.300698653069371, -11.697560875609753
-17.301230437002033, 2.0392401509768288, -11.709755997560972
-17.236428781828316, -1.2512031675920863, -11.721951119512193
-16.928310572019512, -4.528391631152067, -11.73414624146341
-16.228492593504576, -7.652069456258706, -11.74634136341463
-15.051955210520951, -10.50403462602018, -11.758536485365848
-13.178980805657982, -12.841901067124333, -11.77073160731707
-10.669283343501133, -14.609590059966395, -11.78292672926829
-7.847204874269938, -15.750909233778824, -11.795121851219509
-6.010311110331847, -15.08317190861213, -11.807316973170728
-4.140336511880596, -13.730520608842602, -11.819512095121947
-2.3763525752676564, -11.886404844470324, -11.831707217073168
-0.7561143555239594, -9.838515016299986, -11.843902339024385
0.7201089696511852, -7.61260972698188, -11.856097460975608
2.052307782563774, -5.208795512912447, -11.868292582926827
3.238523371116094, -2.6009941576002946, -11.880487704878046
4.248592409404307, 0.4099504810107044, -11.892682826829265
5.0133613009763565, 3.851081573118197, -11.904877948780484
7.490098011930309, 5.627856385821537, -11.917073070731703
10.095202796946907, 7.15086838976856, -11.929268192682922
12.492412651869898, 8.128153819464332, -11.941463314634142
14.445917418000032, 8.151714588824943, -11.953658436585362
15.950439651348226, 7.341195967499866, -11.965853558536583
16.6908866560076, 5.793657502895028, -11.978048680487802
16.813719864080795, 3.806923566037492, -11.990243802439021
16.795244176888414, 1.4902812110791512, -12.00243892439024
16.697111527680967, -1.1525240053373291, -12.01463404634146
16.3531079253679, -4.13646865922826, -12.02682916829268
15.287651130363187, -7.328168879526698, -12.0390242902439
13.271676540612336, -10.404518611359048, -12.051219412195119
10.45525682736266, -12.982462293210444, -12.063414534146338
7.122786928621257, -14.733069946456487, -12.075609656097559
3.582741234699292, -15.792089246609644, -12.087804778048776
8.881784197001252e-16, -16.630642669741306, -12.099999899999997
2.5227819833162357e-11, 16.630642669741615, -12.099999899999997
-3.5934871200038896, 16.603100178882126, -12.112195021951216
-7.165383811985354, 16.345823631363288, -12.124390143902435
-10.540264961615973, 15.304375512829226, -12.136585265853656
-13.381468441955986, 13.209799315182565, -12.148780387804877
-15.369831875777761, 10.293315221683956, -12.160975509756094
-16.323904554009864, 6.889743445793634, -12.173170631707315
-16.477300381141823, 3.327346391025668, -12.185365753658534
-16.46100747619292, -0.2352517484012498, -12.197560875609753
-16.429478317273166, -3.787687590198966, -12.209755997560974
-16.20280939307618, -7.317757494795343, -12.221951119512191
-15.09640622606732, -10.652969331391038, -12.234146241463412
-12.914791701744438, -13.396514559761716, -12.24634136341463
-9.997465719159123, -15.339667093443659, -12.25853648536585
-6.596557886333747, -16.217377946358443, -12.27073160731707
-3.0642188634675547, -16.28577335203739, -12.28292672926829
5.2757832279604665e-15, -15.832445674325669, -12.295121851219509
4.561535522264305e-14, -12.296584367154997, -12.307316973170728
8.569827800549987e-14, -8.770745943534152, -12.319512095121949
1.2552455157653083e-13, -5.254930403463149, -12.331707217073168
1.650941759357361e-13, -1.7491377469419676, -12.343902339024387
2.0440715108311567e-13, 1.746632026029392, -12.356097460975606
2.434634770186693e-13, 5.232378915450903, -12.368292582926825
2.822631537423972e-13, 8.70810292132259, -12.380487704878046
3.208061812542993e-13, 12.173804043644441, -12.392682826829265
3.5909255955437566e-13, 15.629482282416465, -12.404877948780484
2.993152296268052, 16.035892346788337, -12.417073070731703
6.448138797315558, 15.926757054997765, -12.429268192682922
9.732903830341627, 14.957295981473123, -12.441463314634143
12.529918812040552, 13.017904454082311, -12.453658436585362
14.599111110053578, 10.32001004001281, -12.465853558536583
15.722757535576733, 7.0920825251187996, -12.478048680487802
15.935120256293137, 3.6532348382167794, -12.49024380243902
15.931703307084145, 0.21476163795251127, -12.50243892439024
15.904946191497514, -3.2141610743573965, -12.51463404634146
15.766936127839468, -6.628772122724948, -12.526829168292679
14.761727027418802, -9.875130624250597, -12.5390242902439
12.786304868354128, -12.635896229388527, -12.551219412195119
10.033174254128664, -14.619319704078, -12.563414534146338
6.797737361333621, -15.636857536178589, -12.575609656097557
3.3980393118348315, -15.779327030435, -12.587804778048778
2.220446049250313e-16, -15.76461726595686, -12.599999899999997
2.2224000417736534e-11, 15.764617265957186, -12.599999899999997
-3.388021299990725, 15.73703550316075, -12.612195021951216
-6.757581796383289, 15.553623233247967, -12.624390143902435
-9.943273973830511, 14.492236048939272, -12.636585265853656
-12.634253640888502, 12.484308746167457, -12.648780387804877
-14.550958384911684, 9.726738306577841, -12.660975509756094
-15.516418922160781, 6.509322657084057, -12.673170631707313
-15.608302239553817, 3.1444869446556334, -12.685365753658532
-15.593246738340728, -0.21424279648789626, -12.697560875609753
-15.551808971410964, -3.5623427346587206, -12.709755997560972
-15.264467754831847, -6.890191641392251, -12.721951119512193
-14.058867094503276, -9.964529036789632, -12.734146241463412
-12.010848533873858, -12.521365867461082, -12.74634136341463
-9.289722913782098, -14.346999651763932, -12.758536485365848
-6.1282051325782145, -15.31143179820421, -12.770731607317071
-2.799947713504438, -15.375539683443321, -12.78292672926829
5.4912662145597924e-15, -14.908198744735515, -12.795121851219509
4.058292994396426e-14, -11.577743342371033, -12.80731697317073
7.541998023944589e-14, -8.257300710281896, -12.819512095121949
1.1000241710100459e-13, -4.946870848468114, -12.831707217073168
1.4433024052864047e-13, -1.646453756929675, -12.843902339024387
1.784034505223536e-13, 1.6439505643334236, -12.856097460975606
2.1222204708214377e-13, 4.924342115321165, -12.868292582926827
2.4578603020801096e-13, 8.194720896033552, -12.880487704878046
2.7909539989995554e-13, 11.455086906470608, -12.892682826829265
3.121501561579771e-13, 14.705440146632307, -12.904877948780484
2.72933091993883, 15.141162068880238, -12.917073070731703
5.979542961402345, 15.030679236734098, -12.929268192682922
9.042922206500231, 14.025182691017854, -12.941463314634143
11.660371862714852, 12.196546308761334, -12.953658436585362
13.623013456557125, 9.683475686419978, -12.965853558536582
14.782111072929428, 6.6918957553670735, -12.9780486804878
15.066593748507312, 3.464515666512116, -12.990243802439021
15.064874130117142, 0.23311152746108615, -13.00243892439024
15.036458328837405, -2.9889291894995287, -13.014634046341461
14.862554187798992, -6.19295489611917, -13.02682916829268
13.852297650074636, -9.224890534412856, -13.0390242902439
11.974994588302382, -11.807615095468268, -13.051219412195119
9.401528078281006, -13.694649214602459, -13.06341453414634
6.382350295980313, -14.72275472460634, -13.075609656097559
3.1927666471518714, -14.911439087901591, -13.087804778048778
2.220446049250313e-16, -14.898591862172422, -13.099999899999997
1.922195735915011e-11, 14.898591862172752, -13.099999899999997
-3.182759140440125, 14.869076359977925, -13.112195021951216
-6.341720127757145, 14.632322677103323, -13.124390143902435
-9.308480701850627, 13.557410977997968, -13.136585265853656
-11.814904785424337, 11.643112999833917, -13.148780387804877
-13.626357324124715, 9.062468599747193, -13.160975509756096
-14.590554374787065, 6.061461550807577, -13.173170631707315
-14.740309173834017, 2.907818835126732, -13.185365753658534
-14.727150396147556, -0.24575085515951633, -13.197560875609753
-14.687489550167914, -3.388796491611693, -13.209755997560972
-14.311554166081986, -6.499901469006668, -13.221951119512191
-13.116713420122295, -9.356108118994275, -13.23414624146341
-11.169884568463297, -11.741625727770167, -13.24634136341463
-8.619598731503412, -13.476741532216918, -13.258536485365848
-5.660166093246675, -14.437176523475294, -13.27073160731707
-2.537358651712374, -14.507470445340068, -13.28292672926829
5.536662371508965e-15, -13.984932605820577, -13.295121851219509
3.542389466698053e-14, -10.859667480387182, -13.307316973170728
6.505882824792487e-14, -7.744403683035037, -13.319512095121947
9.444146311434205e-14, -4.639141213764134, -13.331707217073168
1.2357179926623203e-13, -1.5438800725744755, -13.343902339024387
1.5244983670359484e-13, 1.541379740533937, -13.356097460975606
1.8107557542643045e-13, 4.616638225561108, -13.368292582926827
2.0944901543473873e-13, 7.681895382507015, -13.380487704878046
2.3757015672852e-13, 10.737151211371696, -13.392682826829265
2.6543899930777403e-13, 13.782405712155127, -13.404877948780484
2.467195781843783, 14.277140869263702, -13.417073070731703
5.512264029631048, 14.166819422523961, -13.429268192682924
8.377949275180669, 13.165741771123198, -13.441463314634143
10.825504239282242, 11.421974463375467, -13.453658436585362
12.678048813408918, 9.071708398517886, -13.465853558536583
13.805741344301811, 6.29500935385175, -13.478048680487802
14.203882931985348, 3.2931190017188, -13.490243802439021
14.200136335700488, 0.266380023336709, -13.50243892439024
14.169863486660304, -2.750522366167645, -13.51463404634146
13.929753346690225, -5.742278142724343, -13.526829168292679
12.924188038501391, -8.557300377042683, -13.539024290243898
11.153422964686074, -10.96266436170244, -13.551219412195119
8.764673872774484, -12.753885052151329, -13.563414534146338
5.96529351647611, -13.790198307189012, -13.575609656097557
2.9877210323088383, -14.04252638620186, -13.587804778048778
2.220446049250313e-16, -14.032566458387974, -13.599999899999997
1.6219914300563687e-11, 14.03256645838833, -13.599999899999997
-2.977497950160246, 13.998845656025416, -13.612195021951216
-5.923376539053345, 13.695396930363591, -13.624390143902435
-8.669155678590164, 12.611568712804065, -13.636585265853656
-10.991124376753712, 10.79432505686419, -13.648780387804877
-12.692088540993657, 8.388386222927423, -13.660975509756094
-13.653499893822758, 5.605129384463142, -13.673170631707313
-13.864763201257263, 2.6635871292673405, -13.685365753658534
-13.852637608641675, -0.283949110318633, -13.697560875609753
-13.807891565412632, -3.2207481615881637, -13.709755997560972
-13.33772508589978, -6.1046640946597375, -13.721951119512191
-12.184093316781729, -8.755659221734922, -13.734146241463412
-10.337403073299736, -10.975335021448196, -13.74634136341463
-7.945734755061892, -12.608371409802986, -13.75853648536585
-5.1875733720597115, -13.54777455087085, -13.770731607317071
-2.2753152473567333, -13.649540945826073, -13.78292672926829
5.3524761485550495e-15, -13.046444796224222, -13.795121851219509
2.998803683581498e-14, -10.128961287792553, -13.807316973170728
5.436279539809919e-14, -7.221919810055869, -13.819512095121947
7.847675183540771e-14, -4.325320363014168, -13.831707217073168
1.0232990614774047e-13, -1.4391629466674554, -13.843902339024385
1.2592225833509753e-13, 1.436552438984271, -13.856097460975608
1.4925380839747888e-13, 4.301825793941019, -13.868292582926827
1.7232455633488443e-13, 7.156657118202769, -13.880487704878046
1.951345021473143e-13, 10.00104641176953, -13.892682826829265
2.176836458347685e-13, 12.834993674641325, -13.904877948780484
2.2047657252286132, 13.419630578049558, -13.917073070731705
5.033976967886936, 13.243304270990835, -13.929268192682922
7.688675149671493, 12.276251523250494, -13.941463314634143
9.99030675063223, 10.662247076476211, -13.953658436585362
11.769562065743582, 8.494155818765352, -13.965853558536583
12.860703765152333, 5.9098311655684235, -13.9780486804878
13.279520246524672, 3.1314779489830697, -13.990243802439021
13.293718147034818, 0.3182233390392278, -14.00243892439024
13.25839350188111, -2.485561970091407, -14.01463404634146
12.979075899852107, -5.261427127536043, -14.02682916829268
11.955240942178602, -7.8462866900284, -14.0390242902439
10.313642847167651, -10.085974429966742, -14.051219412195119
8.098583575671004, -11.754737346090891, -14.063414534146338
5.524339068291629, -12.783695828708469, -14.075609656097559
2.7738358551611437, -13.121847152860685, -14.087804778048776
1.1102230246251565e-16, -13.119162947650382, -14.099999899999997
