1.0083311963171582e-10, 38.6621152132138, -0.09999989999999633
-6.909948358516702, 38.59055343253118, -0.12439014390243536
-13.793217630457407, 38.520452674522375, -0.14878038780487438
-20.649445202102385, 38.44460545255993, -0.1731706317073134
-27.442023462332575, 37.83688847423784, -0.19756087560975244
-33.364214665641605, 34.59050687296253, -0.22195111951219143
-37.15030474315147, 28.98065994473921, -0.24634136341463048
-38.14720014325244, 22.228541132087308, -0.2707316073170695
-38.08692054785009, 15.36674990195844, -0.2951218512195085
-38.01128332357989, 8.530454432790174, -0.31951209512194756
-37.93722420442652, 1.7208369330044586, -0.34390233902438655
-37.865197926715794, -5.06210208164454, -0.3682925829268256
-37.79537416290456, -11.81836170777077, -0.3926828268292646
-37.724378655980665, -18.54794194403983, -0.41707307073170363
-37.36318395524893, -25.216113118203968, -0.4414633146341427
-34.905115364631996, -31.360298733616972, -0.46585355853658167
-29.867729128941647, -35.647887314474175, -0.4902438024390207
-23.4352673208733, -37.28566818035392, -0.5146340463414597
-16.70774479491871, -37.34308860564973, -0.5390242902438988
-10.004759403004284, -37.28718054969139, -0.5634145341463378
-3.328250230689007, -37.212298392832686, -0.5878047780487768
3.3215802260875047, -37.14032414880795, -0.6121950219512158
9.944731515574368, -37.070949188791836, -0.6365852658536548
16.54120383804581, -37.00230645998225, -0.6609755097560939
23.099543624312908, -36.68750802352665, -0.6853657536585329
29.31925574408766, -34.99114391641564, -0.7097559975609719
34.063889606745576, -30.62020155920255, -0.734146241463411
36.283550539408346, -24.55604297782464, -0.7585364853658499
36.64270114578178, -17.980380147221023, -0.7829267292682891
36.56312597948056, -11.404205396224114, -0.8073169731707279
36.48754973621661, -4.854705887786395, -0.8317072170731671
36.41460102634217, 1.6681153456457278, -0.856097460975606
36.34371342846997, 8.164257947270801, -0.8804877048780451
36.27668408896267, 14.633719482822016, -0.9048779487804841
36.15932636598031, 21.07602963240937, -0.9292681926829232
35.07963741666974, 27.364386061198218, -0.9536584365853621
31.338101151994742, 32.52016803717917, -0.9780486804878012
25.65963768173545, 35.42625748273024, -1.00243892439024
19.24909062104413, 35.913352516773, -1.0268291682926793
12.806103524574857, 35.83997931682781, -1.0512194121951182
6.389713100531579, 35.762868395660036, -1.0756096560975572
1.4219736499399005e-12, 35.68838736684513, -1.0999998999999963
9.129763611781527e-11, 35.68838736684513, -1.0999998999999963
-6.368503221848636, 35.650475271735154, -1.1243901439024353
-12.721267838839266, 35.61246459207696, -1.1487803878048741
-19.05371492596435, 35.47108540641615, -1.1731706317073134
-25.3445329137488, 34.84882607227513, -1.1975608756097524
-30.850069742044795, 31.907030971816425, -1.2219511195121915
-34.435877353552854, 26.743287358466404, -1.2463413634146303
-35.309654985325864, 20.476863224841658, -1.2707316073170696
-35.35853229977291, 14.145568355022949, -1.2951218512195086
-35.31026669528855, 7.82375866500531, -1.3195120951219477
-35.264956151826055, 1.5176851454696396, -1.3439023390243865
-35.22413811945621, -4.772650327728461, -1.3682925829268255
-35.18574102675535, -11.04724563717968, -1.3926828268292644
-35.149652994596885, -17.306100851346827, -1.4170730707317034
-34.90429379979274, -23.540002253719905, -1.4414633146341425
-32.50459123416405, -29.247146062346395, -1.4658535585365815
-27.83179395634246, -33.29492908750913, -1.4902438024390205
-21.84513225246225, -34.89101956977444, -1.5146340463414596
-15.586811858052712, -34.935328133978345, -1.5390242902438986
-9.34028452341068, -34.887081923529514, -1.5634145341463377
-3.109493701265248, -34.84180052203709, -1.5878047780487767
3.1055586056253723, -34.800394700899034, -1.6121950219512158
9.304871866162731, -34.76158324426909, -1.6365852658536548
15.488445843037105, -34.72006854714925, -1.6609755097560939
21.648893430529608, -34.51033397077631, -1.685365753658533
27.463674715823508, -32.78210121795981, -1.709755997560972
31.981567629778006, -28.725118735321075, -1.7341462414634108
34.15503846317408, -23.06023871333074, -1.75853648536585
34.514637789262785, -16.898327301962038, -1.782926729268289
34.46430942181281, -10.729971380078956, -1.807316973170728
34.418760838282516, -4.577349720027518, -1.831707217073167
34.37590262040945, 1.5595336941676006, -1.8560974609756062
34.335035432455804, 7.680678703075159, -1.880487704878045
34.2987022916745, 13.786082216144607, -1.904877948780484
34.181954240589576, 19.874005743805125, -1.929268192682923
33.11309459046714, 25.80500604847107, -1.9536584365853622
29.577982448480704, 30.663333925310223, -1.9780486804878012
24.285920742444326, 33.53695846040715, -2.00243892439024
18.232015787019613, 34.08798729052545, -2.026829168292679
12.138938995192284, 34.042096720402114, -2.051219412195118
6.061600857393097, 33.99544968320049, -2.075609656097557
1.3287149158713873e-12, 33.951150745430304, -2.0999998999999963
8.527933914592722e-11, 33.95115074543031, -2.0999998999999963
-6.045737287410582, 33.91165774704825, -2.1243901439024353
-12.07548662750263, 33.871908234470496, -2.148780387804874
-18.089245835589608, 33.824648888434815, -2.1731706317073134
-24.01141814118372, 33.107287616519145, -2.1975608756097524
-29.216510342928856, 30.283381971803188, -2.2219511195121915
-32.542665637924856, 25.35114583199108, -2.2463413634146305
-33.61194439687688, 19.485819521284014, -2.270731607317069
-33.62115934429858, 13.473897287128548, -2.2951218512195086
-33.57387542399567, 7.475238314737785, -2.3195120951219477
-33.52899100282434, 1.4925652546143358, -2.3439023390243867
-33.4881285673755, -4.4741204903823775, -2.3682925829268253
-33.44927280902233, -10.424817154180005, -2.3926828268292644
-33.412854779988834, -16.35952448798587, -2.4170730707317034
-33.08910254304675, -22.269281799600186, -2.4414633146341425
-30.777552794373545, -27.655504777523625, -2.4658535585365815
-26.357585017653413, -31.49529552684593, -2.4902438024390205
-20.70811726614587, -33.12405199627479, -2.5146340463414596
-14.774600428870007, -33.198899618634066, -2.5390242902438986
-8.852769903153549, -33.152486724191256, -2.5634145341463377
-2.9469264076972337, -33.107464052979, -2.5878047780487767
2.942929511407983, -33.06503728442635, -2.612195021951216
8.816797433633536, -33.025335867656636, -2.636585265853655
14.674675925119825, -32.98504561218806, -2.660975509756094
20.514420763498592, -32.86266175074537, -2.685365753658533
26.01772637900156, -31.111780063341318, -2.709755997560972
30.310951668527217, -27.2472519022891, -2.734146241463411
32.51100325212926, -21.895342595023937, -2.75853648536585
32.77970781768302, -16.051344082721826, -2.782926729268289
32.73020998915304, -10.208568824667115, -2.807316973170728
32.68515820241948, -4.38177727915002, -2.8317072170731667
32.64246112498308, 1.4290267250541608, -2.856097460975606
32.60149501074267, 7.223843106424123, -2.880487704878045
32.56431030440157, 13.00266946015621, -2.9048779487804843
32.38131888597387, 18.75989193602105, -2.929268192682923
31.247842969653547, 24.322526324965185, -2.953658436585362
27.902857377078863, 28.898597945925736, -2.978048680487801
22.940515569405044, 31.671504449793808, -3.00243892439024
17.24798819489058, 32.25675436354069, -3.026829168292679
11.483935996243368, 32.30952908197264, -3.051219412195118
5.7339740952382945, 32.26428310693973, -3.075609656097557
1.234568003383174e-12, 32.219099937861415, -3.0999998999999963
7.927525302875438e-11, 32.219099937861415, -3.0999998999999963
-5.717951149286387, 32.17823478107372, -3.1243901439024353
-11.419842169690764, 32.13944521998139, -3.1487803878048743
-17.105671040123624, 32.10379228843745, -3.1731706317073134
-22.699807895026556, 31.38432629347502, -3.1975608756097524
-27.57039645870226, 28.601194250456754, -3.2219511195121915
-30.82130613013051, 24.011551085816055, -3.2463413634146305
-31.912023509758306, 18.465790703165602, -3.2707316073170696
-31.887772807393674, 12.779999087321594, -3.295121851219509
-31.841423974610677, 7.10915892232128, -3.3195120951219472
-31.79702100728784, 1.4543765945740552, -3.3439023390243863
-31.75567990494057, -4.184346962957322, -3.3682925829268253
-31.71631884547461, -9.807010407699435, -3.3926828268292644
-31.655754498909914, -15.412746368983813, -3.4170730707317034
-31.215198597455995, -20.987437181426326, -3.4414633146341425
-29.046088890210065, -26.068459480604666, -3.4658535585365815
-24.853332751726146, -29.67433238564884, -3.490243802439021
-19.546227671403884, -31.204281241664283, -3.51463404634146
-13.953617798070255, -31.46631650178568, -3.539024290243899
-8.360126258856086, -31.42102707559255, -3.563414534146338
-2.7826939463109293, -31.37572783487898, -3.5878047780487767
2.7786795038558014, -31.332521729588755, -3.612195021951216
8.32399374223378, -31.292376212053718, -3.636585265853655
13.85324748658202, -31.254308837597506, -3.660975509756094
19.35839540583863, -31.068841370681696, -3.6853657536585334
24.54688579235936, -29.39746568226544, -3.709755997560972
28.5824424715194, -25.720551615936323, -3.734146241463411
30.74331929806173, -20.69397066097233, -3.75853648536585
31.041814691901532, -15.188020320271765, -3.782926729268289
30.99768335774918, -9.673758920158019, -3.807316973170728
30.9526610616778, -4.175554176836042, -3.831707217073167
30.9102527878653, 1.3065920032466192, -3.8560974609756067
30.869332032558415, 6.772678717302971, -3.8804877048780453
30.830537988217532, 12.22270540448498, -3.9048779487804843
30.532458454633865, 17.64675829751324, -3.9292681926829234
29.43956190202781, 22.860737148488052, -3.9536584365853624
26.30303571339741, 27.181620426911604, -3.9780486804878015
21.64294858743505, 29.81308276919523, -4.0024389243902405
16.26241475172764, 30.61549742351302, -4.02682916829268
10.825650478376264, 30.57784880938868, -4.051219412195119
5.404795625854199, 30.532453877100835, -4.075609656097558
1.1404210908949608e-12, 30.487049130292522, -4.099999899999997
7.326761419790273e-11, 30.487049130292522, -4.099999899999997
-5.388880187755287, 30.44593999893104, -4.124390143902436
-10.761986537877748, 30.406494234567624, -4.148780387804875
-16.11931917663524, 30.367867906702287, -4.173170631707314
-21.382247509282042, 29.630227344680684, -4.197560875609753
-25.953532526899906, 26.94700441147012, -4.221951119512192
-29.033960242114176, 22.625378585204643, -4.246341363414631
-30.183197069258306, 17.426030128720065, -4.27073160731707
-30.153951965693487, 12.065925959035837, -4.295121851219509
-30.108762235072913, 6.7215315401083275, -4.319512095121948
-30.065314509530786, 1.3929098443577461, -4.343902339024387
-30.023014164241197, -3.919938961629799, -4.368292582926825
-29.983503731889222, -9.21701378885436, -4.392682826829264
-29.893808758570707, -14.496402115242901, -4.417073070731703
-29.45460129741541, -19.746939578097404, -4.441463314634143
-27.267700001507535, -24.464583318817294, -4.465853558536582
-23.354030875927883, -27.880261860670572, -4.490243802439021
-18.393739976609492, -29.39362539110666, -4.5146340463414605
-13.137018364329563, -29.733223311972104, -4.5390242902438995
-7.8703811297138735, -29.688299326129602, -4.563414534146338
-2.6195170802984853, -29.643434209162976, -4.587804778048778
2.6155740698078596, -29.600341871729977, -4.612195021951216
7.834892075444769, -29.559712659409158, -4.636585265853656
13.038435935277437, -29.52081273224328, -4.660975509756094
18.21575657368028, -29.307162770557756, -4.685365753658533
23.070376748220063, -27.635322590040154, -4.709755997560972
26.856473975142116, -24.158198795573867, -4.734146241463412
28.946205612890893, -19.452386573695406, -4.75853648536585
29.30252988322768, -14.281696571682893, -4.78292672926829
29.264920315978493, -9.091136194404392, -4.807316973170728
29.220389615182498, -3.916303581615062, -4.831707217073167
29.178092070935016, 1.2427564070669181, -4.856097460975606
29.1368802113847, 6.38604290361566, -4.880487704878045
29.09729463056376, 11.513555775190396, -4.904877948780485
28.851781618488527, 16.6177305971615, -4.929268192682923
27.670328780603377, 21.50220148027401, -4.953658436585362
24.67773955422453, 25.547543980957588, -4.9780486804878015
20.32177325698717, 28.10315126589686, -5.0024389243902405
15.28699503184176, 28.782074525982583, -5.02682916829268
10.178377802226189, 28.843521744702624, -5.051219412195119
5.081302308513451, 28.79923059927521, -5.075609656097558
1.0480505352461478e-12, 28.754998322723647, -5.099999899999997
6.726352808072988e-11, 28.754998322723647, -5.099999899999997
-5.065477937387556, 28.713604952956093, -5.124390143902436
-10.11507933809981, 28.67340776193188, -5.148780387804875
-15.148798029975614, 28.634512176306227, -5.173170631707314
-20.073632413473028, 27.81765857414595, -5.197560875609753
-24.336363264372334, 25.247209690215872, -5.221951119512192
-27.25529667374699, 21.20487227285096, -5.246341363414631
-28.40931235273208, 16.341104657356105, -5.270731607317069
-28.420755756239544, 11.306365050700649, -5.295121851219509
-28.376182848359537, 6.286204066351271, -5.319512095121948
-28.33307370388658, 1.281918857251958, -5.343902339024387
-28.290900583369915, -3.706490340164196, -5.368292582926826
-28.250467992588266, -8.679022963081806, -5.392682826829265
-28.202442516333107, -13.635574547645701, -5.417073070731703
-27.72746382302411, -18.54581732277326, -5.4414633146341425
-25.60707537304983, -22.967096519532724, -5.465853558536582
-21.93070930055872, -26.215932787873093, -5.490243802439021
-17.27396551507919, -27.746646124021524, -5.5146340463414605
-12.326325761641854, -27.998558356820674, -5.5390242902438995
-7.383888339392139, -27.95469345942139, -5.563414534146339
-2.457327073950097, -27.910869525017706, -5.587804778048778
2.4533581343525848, -27.868203007248965, -5.612195021951216
7.348167169402963, -27.827048974648953, -5.636585265853656
12.227094103873302, -27.78529734672957, -5.660975509756094
17.074834257136537, -27.529088173967896, -5.685365753658534
21.597905027599644, -25.872182381924368, -5.709755997560972
25.157165696210377, -22.609494459613785, -5.734146241463411
27.179577262023273, -18.211111301391316, -5.75853648536585
27.573694246630225, -13.368154549386695, -5.782926729268289
27.531713584087782, -8.502807162725414, -5.807316973170729
27.488255819677583, -3.6533146273425, -5.831707217073168
27.445727642293406, 1.180301888067827, -5.856097460975606
27.40426419137853, 5.998042186703427, -5.880487704878046
27.356803413377147, 10.799896427394337, -5.904877948780484
27.269308715430377, 15.584679738934733, -5.929268192682923
25.970312010182727, 20.14883421890733, -5.953658436585362
23.074376831900903, 23.889355199709943, -5.9780486804878015
18.99499935309273, 26.28705028042186, -6.0024389243902405
14.311622356678873, 27.03093316251613, -6.0268291682926804
9.527661316326204, 27.109755642551924, -6.051219412195119
4.7558925797597285, 27.066331097355533, -6.075609656097558
9.539036227579345e-13, 27.02294751515478, -6.099999899999997
6.125944196355704e-11, 27.02294751515478, -6.099999899999997
-4.739906500406347, 26.981251217548067, -6.124390143902436
-9.463716644320261, 26.94026647415225, -6.148780387804875
-14.17107686426745, 26.87731756736329, -6.173170631707315
-18.755936021471218, 26.021553661821002, -6.197560875609753
-22.727812720262637, 23.577085117778758, -6.221951119512191
-25.49939683470766, 19.80710525394683, -6.24634136341463
-26.621156786882413, 15.261274688139267, -6.270731607317069
-26.687164557989867, 10.559054562811447, -6.295121851219509
-26.64359131486332, 5.865145674880133, -6.319512095121948
-26.600634120987767, 1.1873327477475568, -6.343902339024387
-26.558728269599065, -3.474383993676174, -6.368292582926826
-26.51709640849892, -8.12000453635942, -6.392682826829265
-26.445347002696167, -12.748793372309994, -6.417073070731704
-25.869968911509407, -17.302142192696856, -6.4414633146341425
-23.85363749566652, -21.403717571239476, -6.4658535585365815
-20.46068258459396, -24.48760781011186, -6.490243802439021
-16.12795966189691, -26.004729765957656, -6.5146340463414605
-11.507721863993694, -26.264478649982383, -6.5390242902438995
-6.892560978373119, -26.22134770464148, -6.563414534146339
-2.2934962783977872, -26.17837472929724, -6.587804778048778
2.289472254184571, -26.135971739322194, -6.612195021951216
6.856344580939148, -26.09425228493697, -6.636585265853656
11.407116389668186, -26.051658959943857, -6.660975509756094
15.918419036057948, -25.69607582147546, -6.685365753658533
20.113570935571925, -24.091636873732135, -6.709755997560972
23.4536165439224, -21.060924315285206, -6.734146241463412
25.34582517446036, -16.957442168742066, -6.758536485365851
25.84155934610813, -12.452609352360623, -6.78292672926829
25.798562631353107, -7.915638374079656, -6.807316973170728
25.75581840997914, -3.3947633750731327, -6.831707217073167
25.71342256346072, 1.1100154371563276, -6.856097460975606
25.67150507043265, 5.598698050541827, -6.880487704878045
25.628244106183963, 10.071282068010083, -6.904877948780484
25.39661880169763, 14.520776639206934, -6.929268192682923
24.11940673976905, 18.73011735948576, -6.953658436585362
21.428669970208333, 22.20565276446867, -6.978048680487802
17.65955189140029, 24.479247589138062, -7.0024389243902405
13.319418667302116, 25.256373236832495, -7.02682916829268
8.868157400841698, 25.37606541263964, -7.051219412195119
4.426030612155718, 25.33334407859048, -7.075609656097558
8.606448886894214e-13, 25.29089670758591, -7.099999899999997
5.525180313270539e-11, 25.29089670758591, -7.099999899999997
-4.410045594226088, 25.24879010193583, -7.124390143902436
-8.80421732718999, 25.20688408875846, -7.148780387804875
-13.178716535500584, 25.108707470025937, -7.173170631707315
-17.42018372816605, 24.18740711814131, -7.197560875609753
-21.055381851303103, 21.8340045777688, -7.221951119512192
-23.623040380942058, 18.346523703003836, -7.24634136341463
-24.80744352043163, 14.173123648388628, -7.270731607317069
-24.95303468640446, 9.807630551040715, -7.295121851219509
-24.910807724447118, 5.4430005757200774, -7.319512095121948
-24.8684827462557, 1.0942444288696975, -7.343902339024387
-24.82624469086587, -3.2386378801958013, -7.368292582926826
-24.784070256301234, -7.555646328322986, -7.392682826829265
-24.694475008807284, -11.855214867004843, -7.417073070731703
-24.095821053518417, -16.07798412396452, -7.441463314634143
-22.1244614125673, -19.848985282903104, -7.465853558536582
-18.942392218478208, -22.676851182427292, -7.4902438024390205
-14.966812376670632, -24.209537743579084, -7.51463404634146
-10.687431027385584, -24.512854745020853, -7.5390242902438995
-6.400771494624998, -24.48816641764016, -7.563414534146339
-2.129622041382375, -24.445976621518124, -7.587804778048778
2.1256535811702175, -24.403721244832575, -7.612195021951217
6.365055347206201, -24.361365250191298, -7.636585265853656
10.58849671129364, -24.30644001129706, -7.660975509756095
14.756453221745009, -23.869540248247333, -7.685365753658534
18.60144297856752, -22.27911562102947, -7.709755997560972
21.660206294250465, -19.445523550653657, -7.734146241463412
23.494795044507335, -15.6935503929785, -7.75853648536585
24.050359794603892, -11.542270840446605, -7.78292672926829
24.065395539014272, -7.3340494131685485, -7.807316973170728
24.023424986512083, -3.1400632599996054, -7.831707217073167
23.981238578194763, 1.0380490762672276, -7.856097460975606
23.938791000950694, 5.20028756098746, -7.880487704878045
23.890456212922853, 9.346634710913847, -7.904877948780484
23.635844730468715, 13.456954167404447, -7.929268192682923
22.36014276220018, 17.33926362776771, -7.953658436585362
19.82929043287418, 20.544293024115007, -7.978048680487802
16.345566140000606, 22.680133531379493, -8.00243892439024
12.346228353862815, 23.557096171742383, -8.02682916829268
8.21688510052614, 23.642507353445136, -8.051219412195119
4.100505650528812, 23.600842693121876, -8.075609656097559
7.673861546209082e-13, 23.558845900017047, -8.099999899999997
4.9247717015532544e-11, 23.55884590001705, -8.099999899999997
-4.084637682727309, 23.516340192090812, -8.124390143902435
-8.1534118716039, 23.473036766988404, -8.148780387804875
-12.205544959421887, 23.378010246880056, -8.173170631707315
-16.122783781015663, 22.42197275620694, -8.197560875609753
-19.5056067097639, 20.229094103173434, -8.221951119512193
-21.881463210123208, 16.968899661497964, -8.246341363414631
-23.046345565194702, 13.113422156802512, -8.27073160731707
-23.219306330311927, 9.065176478141124, -8.295121851219509
-23.17810845170579, 5.025759661908114, -8.319512095121947
-23.13631337271196, 1.0022047781903816, -8.343902339024387
-23.093859198326488, -3.005488027651927, -8.368292582926825
-23.050751338032764, -6.9973186138306405, -8.392682826829265
-22.975071192877415, -10.972366216649611, -8.417073070731703
-22.25398455651929, -14.849415837218505, -8.441463314634142
-20.390358566108404, -18.308860220310084, -8.465853558536582
-17.467243028206404, -20.944715375436843, -8.490243802439021
-13.812024819572992, -22.429832117614687, -8.514634046341461
-9.87396009670918, -22.76226449083526, -8.5390242902439
-5.912818207887534, -22.75515379441563, -8.56341453414634
-1.9669739121178358, -22.713706123152022, -8.587804778048778
1.963008368815005, -22.67137002293179, -8.612195021951216
5.877128526415316, -22.62835411596832, -8.636585265853656
9.775279953430545, -22.56411650059721, -8.660975509756094
13.6049645163064, -22.063423858597936, -8.685365753658534
17.111625915850844, -20.49630844321706, -8.709755997560972
19.90610458785946, -17.85854499220681, -8.73414624146341
21.682417133169025, -14.44293759348025, -8.75853648536585
22.271643106718084, -10.631654350351306, -8.78292672926829
22.331903821528748, -6.751111052488831, -8.807316973170728
22.291001990280925, -2.88221182479522, -8.831707217073166
22.249117547917564, 0.9708256027407912, -8.856097460975606
22.206013610782556, 4.808000886328381, -8.880487704878046
22.16015717003398, 8.629309156303144, -8.904877948780484
21.88829202917894, 12.422049551054617, -8.929268192682924
20.621090710794558, 15.97959455449449, -8.953658436585362
18.226281152611346, 18.902424787580294, -8.978048680487802
15.038112872942925, 20.931214396283664, -9.00243892439024
11.372921383936584, 21.887475936381524, -9.026829168292679
7.566515560722953, 21.908836067427078, -9.051219412195119
3.7753269194765546, 21.868351499137834, -9.075609656097559
6.73683331342545e-13, 21.826795092448183, -9.099999899999997
4.32436308983597e-11, 21.826795092448183, -9.099999899999997
-3.759445962178907, 21.78349163838732, -9.124390143902435
-7.502965662343688, 21.732403453963467, -9.148780387804875
-11.224246212335872, 21.608629656296664, -9.173170631707313
-14.791457235015557, 20.597888150104875, -9.197560875609753
-17.847556661699816, 18.508916844481014, -9.221951119512191
-20.07159887228976, 15.551534318700636, -9.246341363414631
-21.24195434753816, 12.042197708403242, -9.270731607317071
-21.484619674725685, 8.328150430056295, -9.295121851219509
-21.445207843256803, 4.615365270552795, -9.319512095121949
-21.40388887371939, 0.9184787282444323, -9.343902339024387
-21.361395266462544, -2.7625082822878193, -9.368292582926825
-21.3167314280658, -6.427594641197906, -9.392682826829265
-21.19006979627022, -10.071967176210892, -9.417073070731703
-20.462270509059714, -13.61294729488081, -9.441463314634142
-18.68896493143954, -16.764437956618455, -9.465853558536582
-16.006170894280796, -19.196034859073954, -9.490243802439021
-12.66854170490788, -20.615035262236322, -9.51463404634146
-9.060617875329244, -21.04581898428051, -9.5390242902439
-5.424522388702554, -21.02080244766121, -9.56341453414634
-1.8041992272936795, -20.980842977825088, -9.587804778048778
1.800224677683468, -20.939045273791592, -9.612195021951216
5.388748901871837, -20.895070740843575, -9.636585265853656
8.961096519629397, -20.825065061236657, -9.660975509756096
12.470047291429374, -20.315256724728506, -9.685365753658534
15.65419778322866, -18.77979710480674, -9.709755997560972
18.216828378793814, -16.34882348459266, -9.734146241463412
19.920441252320003, -13.244025411304882, -9.75853648536585
20.55150347148585, -9.75807637410158, -9.78292672926829
20.597605871135023, -6.204006512822421, -9.807316973170728
20.558341784724163, -2.662143251580634, -9.831707217073168
20.51654196126835, 0.8638222096266339, -9.856097460975606
20.472340615579288, 4.373886834562517, -9.880487704878046
20.426055551220447, 7.86805060869163, -9.904877948780484
20.031932178215328, 11.321961916150993, -9.929268192682924
18.77654996962356, 14.529540412897948, -9.953658436585362
16.59031262895513, 17.19124509206988, -9.978048680487802
13.699155171847485, 19.0630280545307, -10.00243892439024
10.377323739265718, 19.973410087243067, -10.02682916829268
6.914701792837546, 20.172324070723256, -10.051219412195119
3.449401034831406, 20.133491777192297, -10.075609656097557
5.808686864838819e-13, 20.09474428487933, -10.099999899999997
3.723599206750805e-11, 20.09474428487933, -10.099999899999997
-3.4335205417795667, 20.05110951268361, -10.124390143902435
-6.851166210609023, 20.00437078418496, -10.148780387804875
-10.244973128876106, 19.82322664938338, -10.173170631707315
-13.471866659504943, 18.797689865777425, -10.197560875609753
-16.234757048262843, 16.851937581483615, -10.221951119512191
-18.309457132657975, 14.181178041196514, -10.24634136341463
-19.48744647295006, 11.00382769274366, -10.27073160731707
-19.74667333620577, 7.622704386464769, -10.295121851219509
-19.711968058252786, 4.234350262954751, -10.319512095121949
-19.671151599029223, 0.8618460886414963, -10.343902339024387
-19.628772819001544, -2.4947936814204867, -10.368292582926827
-19.58193813401986, -5.835566625320794, -10.392682826829265
-19.40110718968195, -9.151989047266092, -10.417073070731703
-18.647034769149528, -12.358668952679619, -10.441463314634142
-16.97693999520797, -15.203887772369448, -10.465853558536583
-14.521149392726223, -17.412842225471618, -10.490243802439021
-11.518339288918963, -18.794053710406992, -10.51463404634146
-8.245813888860491, -19.290725158157436, -10.539024290243901
-4.936109464073373, -19.286664549708725, -10.56341453414634
-1.6414037287103076, -19.248032864695723, -10.587804778048778
1.6374382028933416, -19.20649582731169, -10.612195021951216
4.9004159654014385, -19.161544269568935, -10.636585265853654
8.147093675188252, -19.077456023264574, -10.660975509756094
11.322496367714116, -18.522029572243635, -10.685365753658534
14.180290110795712, -17.031110723119856, -10.709755997560972
16.52036097597714, -14.81908587266894, -10.734146241463412
18.091704892795647, -12.003888284344, -10.75853648536585
18.7988994019765, -8.859876421091535, -10.78292672926829
18.860734831883587, -5.632570773170976, -10.807316973170728
18.825240131788593, -2.4147610347727095, -10.831707217073168
18.78466033069236, 0.7872014590166028, -10.856097460975606
18.738362697675207, 3.9732967328500224, -10.880487704878046
18.680098075171045, 7.143020432240569, -10.904877948780484
18.255409415533478, 10.263959265173135, -10.929268192682922
16.998581938374503, 13.136904571015307, -10.953658436585362
14.990673199400458, 15.540933308416234, -10.978048680487802
12.389435781976402, 17.28822425331455, -11.00243892439024
9.405703745675348, 18.26138681035156, -11.02682916829268
6.264085865458655, 18.435621218407952, -11.051219412195119
3.1241637509103226, 18.40127187370126, -11.075609656097559
4.867217739956686e-13, 18.36269347731047, -11.099999899999997
3.1231905950335204e-11, 18.36269347731047, -11.099999899999997
-3.1082082883866846, 18.317388218617356, -11.124390143902435
-6.200006859431043, 18.249897659329314, -11.148780387804875
-9.2572315612227, 17.976924491616415, -11.173170631707315
-12.142124878151279, 16.95633561287906, -11.197560875609755
-14.613409365047307, 15.159989255209158, -11.221951119512193
-16.483777697017413, 12.740575547932625, -11.24634136341463
-17.671476375352718, 9.917106062431401, -11.27073160731707
-17.98761167919088, 6.8671396226614, -11.295121851219509
-17.97857685161268, 3.805489854575023, -11.319512095121947
-17.938974871725982, 0.7587297738734803, -11.343902339024387
-17.89552996340771, -2.271982000165316, -11.368292582926827
-17.846363932110833, -5.286636353612758, -11.392682826829265
-17.626323744254815, -8.275285466465121, -11.417073070731703
-16.81364733780071, -11.136540372710495, -11.441463314634142
-15.257947538335042, -13.677347902953288, -11.465853558536583
-13.040162195833894, -15.67091761866946, -11.490243802439021
-10.349807596337474, -16.95368638801354, -11.51463404634146
-7.426727956446198, -17.502190298987205, -11.5390242902439
-4.445663851591142, -17.553858936669194, -11.56341453414634
-1.47787700626341, -17.516309021196953, -11.587804778048778
1.473864329956474, -17.473537286609208, -11.612195021951216
4.4095570177638885, -17.42720398914056, -11.636585265853656
7.323049270923967, -17.242027456396993, -11.660975509756096
10.138492252123513, -16.610657753596612, -11.685365753658534
12.706802762096546, -15.264125091547193, -11.709755997560972
14.769755823331508, -13.217714048626679, -11.73414624146341
16.181069050516033, -10.699406218006462, -11.75853648536585
16.948978193098025, -7.924086891706926, -11.78292672926829
17.127244444886035, -5.031902840479827, -11.807316973170728
17.092972472397545, -2.1416234202095814, -11.831707217073168
17.052356701890886, 0.7326227464576711, -11.856097460975606
17.00525803754736, 3.590816074490392, -11.880487704878046
16.943502840860752, 6.432593759329045, -11.904877948780484
16.423404179583798, 9.209275783523422, -11.929268192682924
15.202018718811344, 11.7477241120982, -11.953658436585364
13.369524409576865, 13.880304285993773, -11.978048680487802
11.049156277377309, 15.465331311631891, -12.00243892439024
8.403127655388598, 16.412247145280542, -12.026829168292679
5.606569235698311, 16.70210997732055, -12.051219412195119
2.795274883137227, 16.669541105728758, -12.075609656097557
4.072298054325074e-13, 16.63064266974162, -12.099999899999997
2.5227819833162357e-11, 16.630642669741615, -12.099999899999997
-2.7792918665631796, 16.583413497556194, -12.124390143902435
-5.538984635620303, 16.4617599452297, -12.148780387804875
-8.270692717678838, 16.135409315100283, -12.173170631707315
-10.777748531464287, 15.047127939887606, -12.197560875609753
-12.937596097447784, 13.409202124693042, -12.221951119512191
-14.659719615539025, 11.307705695432546, -12.246341363414631
-15.804640365259775, 8.816492762903163, -12.27073160731707
-16.191507208472288, 6.111691727021427, -12.295121851219509
-16.243832811001056, 3.3847589623459995, -12.319512095121949
-16.207319917159424, 0.6686217778428573, -12.343902339024387
-16.16251626084705, -2.031607974426974, -12.368292582926827
-16.082366949745825, -4.714425471304884, -12.392682826829265
-15.806051656927007, -7.3674202659170245, -12.417073070731703
-14.926547232746906, -9.862528117006182, -12.441463314634142
-13.508749762141413, -12.097277736012815, -12.465853558536582
-11.529117616904703, -13.8727324056734, -12.490243802439021
-9.166436071095958, -15.05761354308869, -12.514634046341461
-6.606773838035872, -15.726371089377624, -12.539024290243901
-3.9533673119569324, -15.774223164832982, -12.56341453414634
-1.3137988853006504, -15.767616670448728, -12.587804778048778
1.3100755313225343, -15.741346975283474, -12.612195021951216
3.9182621021457402, -15.690459698857424, -12.636585265853654
6.499736581816897, -15.455297548497747, -12.660975509756094
8.972215882121308, -14.768786289896049, -12.685365753658534
11.2174400971268, -13.506739819123608, -12.709755997560972
13.038754608835488, -11.682916621813717, -12.734146241463412
14.367024920591469, -9.48806922434002, -12.758536485365852
15.143257492021295, -7.048284140173344, -12.78292672926829
15.389967958887603, -4.493684498206692, -12.807316973170728
15.358699184545461, -1.932745642213148, -12.831707217073166
15.318243637850216, 0.6123131458355751, -12.856097460975606
15.27127940537707, 3.1414631849412227, -12.880487704878044
15.044270885029542, 5.645438056688956, -12.904877948780484
14.517552732876883, 8.068904689223757, -12.929268192682924
13.36491927944905, 10.290246284016272, -12.953658436585364
11.697435651592796, 12.11241703089205, -12.978048680487802
9.736575941442418, 13.628861266647238, -13.00243892439024
7.3833552242316305, 14.467434322866666, -13.02682916829268
4.951850066452044, 14.845521615939528, -13.051219412195119
2.467942919982592, 14.870539072477, -13.075609656097559
2.993161274389422e-13, 14.898591862172752, -13.099999899999997
