-0.0, -0.16614297813328366, 0.9861016736711298
-0.017598718758669276, -0.16608116890816016, 0.985955034690808
-0.03578953149134282, -0.16482477911025292, 0.9856733239907056
-0.05403383750757805, -0.16111109848368224, 0.9854560154312245
-0.07155583290973115, -0.1543048890739896, 0.985428720904997
-0.08752840242949914, -0.1446331153811258, 0.9856064329656588
-0.1017131183208485, -0.13295899022095195, 0.9858886085561969
-0.1144126468620735, -0.12056257447565112, 0.9860904684022748
-0.12677819773778748, -0.1081903842853134, 0.9860132500765669
-0.138966563494583, -0.09484650945702429, 0.9857446088487244
-0.14978524931131568, -0.07976533612718593, 0.985495748464327
-0.15810314403038792, -0.062936504640207, 0.9854148325610792
-0.16333098387136102, -0.04495645276066045, 0.9855465017252062
-0.16569551934120752, -0.02662837281343477, 0.9858173890896611
-0.16616309834499596, -0.008727944728888437, 0.9860596572871242
-0.16616309834499765, 0.008727944728888553, 0.9860596572871239
-0.1656955184274752, 0.026628372669534696, 0.9858173892471276
-0.16333098449969158, 0.04495645292419637, 0.9855465016136153
-0.15810314203824724, 0.06293650383850195, 0.985414832931908
-0.14978524453243913, 0.07976533356624389, 0.9854957493979479
-0.13896656490796128, 0.09484651042805511, 0.9857446085560408
-0.12677819773779195, 0.1081903842853175, 0.9860132500765659
-0.11441264686208016, 0.12056257447565685, 0.9860904684022732
-0.10171311832085542, 0.13295899022095867, 0.9858886085561952
-0.0875283995189893, 0.14463311059005737, 0.9856064339271982
-0.07155583045666412, 0.154304883785031, 0.9854287219113035
-0.05403383751836887, 0.1611110985118983, 0.9854560154260199
-0.0357895320844934, 0.1648247818775211, 0.9856733235064244
-0.017598718758670952, 0.1660811689081642, 0.9859550346908074
0.0, 0.16614297813328377, 0.9861016736711298
1.394188270328516e-17, 0.16614297813328435, 0.9861016736711297
0.017598718758669328, 0.16608116890816432, 0.9859550346908073
0.03578953149134303, 0.16482477911025453, 0.9856733239907054
0.05403383750757848, 0.16111109848368405, 0.9854560154312243
0.07155583290973379, 0.15430488907399503, 0.9854287209049959
0.08752840242949961, 0.14463311538112553, 0.9856064329656588
0.10171311832085173, 0.1329589902209558, 0.985888608556196
0.11441264686207486, 0.12056257447565114, 0.9860904684022745
0.12677819773778748, 0.10819038428531196, 0.9860132500765671
0.13896656349458283, 0.0948465094570235, 0.9857446088487245
0.14978524931131207, 0.07976533612718292, 0.9854957484643277
0.15810314403039114, 0.06293650464020636, 0.9854148325610786
0.16333098387136002, 0.044956452760658405, 0.9855465017252064
0.1656955193412076, 0.02662837281343393, 0.9858173890896611
0.16616309834499976, 0.00872794472888775, 0.9860596572871235
0.16616309834499882, -0.008727944728888559, 0.9860596572871236
0.16569551842747915, -0.026628372669533246, 0.9858173892471269
0.1633309844996862, -0.04495645292419128, 0.9855465016136165
0.1581031420382392, -0.06293650383849445, 0.9854148329319097
0.14978524453242903, -0.07976533356623425, 0.9854957493979504
0.1389665649079501, -0.09484651042804389, 0.9857446085560435
0.12677819773777824, -0.10819038428530427, 0.9860132500765693
0.1144126468620682, -0.1205625744756461, 0.9860904684022759
0.1017131183208432, -0.13295899022094843, 0.9858886085561978
0.08752839951897722, -0.14463311059004844, 0.9856064339272005
0.07155583045665387, -0.1543048837850222, 0.9854287219113057
0.05403383751836307, -0.16111109851189168, 0.9854560154260213
0.03578953208448925, -0.16482478187751737, 0.9856733235064252
0.017598718758667562, -0.16608116890816596, 0.9859550346908071
-2.2560709267376763e-16, -0.16614297813328366, 0.9861016736711298
-0.0, -0.5311681118253918, 0.8472664498136628
-0.05327093903331815, -0.5297131546505953, 0.8465023218188021
-0.11042811437931972, -0.5232267818721296, 0.8450085007184027
-0.16920400534726712, -0.5092119559517628, 0.843844291614408
-0.22667053362120992, -0.48661533040117644, 0.8436978069228518
-0.27958983362019835, -0.4565023635857262, 0.8446508846718123
-0.32629533928343396, -0.42137615227656167, 0.846152167080194
-0.3664080884291708, -0.3846844732442794, 0.8472089286465602
-0.40304125639769345, -0.347094489133134, 0.8468076294264107
-0.43934374150207606, -0.30380157474135266, 0.8453884787407687
-0.47236857579098585, -0.25384006102961165, 0.8440575525529518
-0.4989775316788376, -0.19829556839180332, 0.8436233107470811
-0.5172631688077332, -0.13980699101328312, 0.8443298049096658
-0.5272889267251171, -0.08142964373784645, 0.8457751479405159
-0.530872304165319, -0.026109798552259575, 0.8470495115928971
-0.5308723041651819, 0.02610979855780987, 0.8470495115928118
-0.5272889272621669, 0.08142964383239738, 0.8457751475965951
-0.5172631702667826, 0.1398069913974835, 0.8443298039521888
-0.4989775326846288, 0.19829556879305008, 0.8436233100578724
-0.4723685762587192, 0.25384006128390274, 0.8440575522147143
-0.43934374081879823, 0.30380157427217186, 0.8453884792644708
-0.40304125639387367, 0.3470944891373164, 0.8468076294265144
-0.36640808842529704, 0.384684473248096, 0.8472089286465025
-0.32629533932595933, 0.4213761523403327, 0.846152167032038
-0.27958983497445433, 0.4565023657427446, 0.8446508830577488
-0.2266705341792667, 0.48661533157990305, 0.8436978060930743
-0.1692040054590734, 0.5092119562988285, 0.8438442913825548
-0.11042811462650015, 0.5232267830740658, 0.8450084999418651
-0.053270939033320454, 0.5297131546505954, 0.8465023218188018
7.901903487764039e-18, 0.5311681118253926, 0.8472664498136624
0.0, 0.5311681118253933, 0.847266449813662
0.053270939033315784, 0.5297131546505952, 0.8465023218188024
0.1104281143793181, 0.5232267818721301, 0.8450085007184027
0.16920400534726474, 0.5092119559517628, 0.8438442916144084
0.2266705336212106, 0.48661533040118193, 0.8436978069228485
0.279589833620197, 0.4565023635857249, 0.8446508846718134
0.326295339283433, 0.42137615227656194, 0.8461521670801944
0.36640808842917244, 0.38468447324427835, 0.8472089286465599
0.40304125639769695, 0.34709448913313434, 0.8468076294264089
0.43934374150208116, 0.3038015747413563, 0.8453884787407647
0.47236857579099095, 0.25384006102961293, 0.8440575525529483
0.4989775316788446, 0.19829556839180257, 0.8436233107470772
0.5172631688077391, 0.13980699101328142, 0.8443298049096624
0.5272889267251248, 0.08142964373784684, 0.845775147940511
0.5308723041653249, 0.026109798552258725, 0.8470495115928933
0.5308723041651863, -0.02610979855780975, 0.8470495115928092
0.5272889272621664, -0.08142964383239353, 0.8457751475965958
0.5172631702667784, -0.13980699139747602, 0.8443298039521925
0.498977532684616, -0.19829556879303728, 0.8436233100578829
0.47236857625869955, -0.25384006128388453, 0.8440575522147308
0.4393437408187743, -0.3038015742721492, 0.8453884792644916
0.4030412563938457, -0.3470944891372904, 0.8468076294265384
0.3664080884252681, -0.3846844732480694, 0.8472089286465272
0.32629533932593185, -0.4213761523403075, 0.8461521670320611
0.27958983497442874, -0.45650236574272574, 0.8446508830577675
0.2266705341792469, -0.4866153315798876, 0.8436978060930886
0.16920400545906314, -0.509211956298813, 0.8438442913825661
0.11042811462649349, -0.5232267830740612, 0.8450084999418689
0.053270939033312495, -0.5297131546505975, 0.8465023218188011
-6.788778110607683e-16, -0.5311681118253915, 0.8472664498136632
-8.862673362585447e-16, -0.7058058638178193, 0.7084053095512356
0.06958657677910711, -0.7026447058922294, 0.7081300202743759
0.1447485082746524, -0.6916213695666321, 0.7076070593988159
0.22239308278500453, -0.6711193651966396, 0.7072058500800467
0.29887650505537977, -0.6407829271812795, 0.7071563299291554
0.3700500833991142, -0.6021052182951766, 0.7074830329258972
0.4333139359345446, -0.5576435903733281, 0.7080061151151572
0.48706714088177466, -0.5108398787153983, 0.7083842308996515
0.5343593363115408, -0.46136486213253886, 0.7082390582890167
0.5803711411824637, -0.4028334248611815, 0.7077390552295214
0.6223470859406659, -0.3353224119373694, 0.7072785764277515
0.657140355351854, -0.2610205804850641, 0.7071313950966108
0.6826055045080247, -0.18350595005286868, 0.7073721025814768
0.6982524827853552, -0.10657447365704165, 0.7078738248083564
0.7050650297812424, -0.03401799514902474, 0.7083262523622971
0.7050650297789585, 0.03401799520096222, 0.7083262523620764
0.6982524821235582, 0.10657447360043885, 0.7078738254696803
0.6826055035120502, 0.18350594986108051, 0.7073721035923334
0.6571403546912798, 0.26102058029595604, 0.7071313957802899
0.6223470855653439, 0.33532241181277267, 0.7072785768170756
0.5803711413186203, 0.40283342502340413, 0.7077390550255337
0.5343593362765602, 0.46136486217262296, 0.7082390582892973
0.4870671408451219, 0.5108398787505334, 0.7083842308995159
0.4333139358750152, 0.5576435903873911, 0.708006115140514
0.3700500822377166, 0.6021052165823947, 0.7074830349910356
0.2988765046257172, 0.6407829264456434, 0.7071563307773402
0.22239308275417405, 0.6711193651325534, 0.707205850150558
0.14474850759865565, 0.6916213663359447, 0.7076070626948002
0.06958657677911159, 0.7026447058922308, 0.7081300202743739
0.0, 0.7058058638178198, 0.708405309551235
0.0, 0.7058058638178188, 0.708405309551236
-0.06958657677911637, 0.7026447058922312, 0.7081300202743731
-0.1447485082746578, 0.6916213695666377, 0.7076070593988091
-0.22239308278501058, 0.67111936519665, 0.707205850080035
-0.2988765050553973, 0.6407829271812923, 0.7071563299291365
-0.37005008339913714, 0.6021052182951917, 0.7074830329258724
-0.43331393593456824, 0.5576435903733493, 0.7080061151151261
-0.48706714088180025, 0.5108398787154217, 0.7083842308996168
-0.5343593363115661, 0.46136486213256095, 0.7082390582889831
-0.5803711411824862, 0.4028334248612007, 0.7077390552294921
-0.6223470859406832, 0.3353224119373844, 0.7072785764277291
-0.6571403553518679, 0.2610205804850752, 0.707131395096594
-0.6826055045080351, 0.1835059500528761, 0.7073721025814647
-0.6982524827853629, 0.10657447365704548, 0.7078738248083484
-0.7050650297812465, 0.03401799514902454, 0.7083262523622931
-0.7050650297789623, -0.03401799520096359, 0.7083262523620724
-0.6982524821235606, -0.10657447360044103, 0.7078738254696777
-0.6826055035120487, -0.1835059498610853, 0.7073721035923337
-0.6571403546912777, -0.261020580295961, 0.7071313957802903
-0.6223470855653435, -0.33532241181277506, 0.7072785768170747
-0.5803711413186186, -0.4028334250234031, 0.7077390550255358
-0.5343593362765584, -0.46136486217262296, 0.7082390582892986
-0.487067140845122, -0.510839878750535, 0.7083842308995146
-0.4333139358750191, -0.5576435903873944, 0.708006115140509
-0.37005008223771674, -0.6021052165823955, 0.7074830349910348
-0.29887650462571674, -0.6407829264456404, 0.7071563307773429
-0.22239308275417616, -0.671119365132556, 0.707205850150555
-0.14474850759865646, -0.6916213663359447, 0.7076070626948
-0.06958657677911315, -0.7026447058922262, 0.7081300202743782
-0.0, -0.7058058638178182, 0.7084053095512368
-0.0, -0.822108467039011, 0.5693308953699662
-0.0809965593938508, -0.8174080842544639, 0.5703363754503177
-0.16803050923600565, -0.8026241393851363, 0.5723287856137921
-0.25762483870136554, -0.7773627743996152, 0.573878523262396
-0.3460986334893835, -0.7420606583484916, 0.5740746599774149
-0.42915915510163416, -0.6983674845538345, 0.5728047451884466
-0.5037641563073074, -0.6483876752430195, 0.5708021526001277
-0.5672626381041144, -0.594971010823099, 0.5694054756421828
-0.6219726230993534, -0.5369612812681189, 0.5699321350246972
-0.6739729696340944, -0.46773950931372826, 0.5718218145799904
-0.7211413720748401, -0.3885163860272619, 0.5735940544237997
-0.7609030400814007, -0.3022411619990007, 0.574174924207228
-0.7912880646549718, -0.21276415009019606, 0.573231729033718
-0.8113338324001776, -0.12388603682520982, 0.5713052268994072
-0.8209561954121313, -0.039636654440800854, 0.5696137821710242
-0.8209561954156249, 0.0396366543799895, 0.5696137821702206
-0.8113338328128329, 0.1238860368414979, 0.5713052263098466
-0.7912880652897978, 0.21276415017910497, 0.5732317281244051
-0.7609030405102646, 0.3022411620847345, 0.5741749235937632
-0.7211413723268875, 0.3885163860704295, 0.5735940540776784
-0.6739729695567209, 0.4677395091830579, 0.5718218147780718
-0.6219726231394971, 0.5369612812204739, 0.5699321350257769
-0.5672626381474032, 0.5949710107822603, 0.5694054756417289
-0.5037641563694463, 0.6483876752172786, 0.5708021525745264
-0.42915915585701836, 0.6983674856058182, 0.5728047433399089
-0.3460986337955906, 0.7420606587940838, 0.5740746592168271
-0.25762483872599334, 0.7773627744393867, 0.5738785231974664
-0.1680305096864002, 0.8026241414108111, 0.5723287826407885
-0.0809965593938539, 0.817408084254463, 0.5703363754503185
0.0, 0.8221084670390116, 0.5693308953699653
0.0, 0.8221084670390122, 0.5693308953699644
0.08099655939385066, 0.8174080842544637, 0.570336375450318
0.1680305092360075, 0.802624139385136, 0.5723287856137921
0.25762483870136627, 0.7773627743996123, 0.5738785232623995
0.34609863348938213, 0.7420606583484867, 0.5740746599774221
0.4291591551016314, 0.6983674845538277, 0.5728047451884571
0.5037641563073034, 0.6483876752430147, 0.5708021526001367
0.5672626381041102, 0.5949710108230934, 0.5694054756421929
0.62197262309935, 0.536961281268114, 0.5699321350247057
0.6739729696340896, 0.4677395093137243, 0.5718218145799991
0.7211413720748349, 0.38851638602725536, 0.5735940544238106
0.760903040081394, 0.3022411619989904, 0.5741749242072424
0.791288064654963, 0.21276415009018734, 0.5732317290337331
0.811333832400166, 0.1238860368252055, 0.5713052268994248
0.8209561954121185, 0.039636654440798294, 0.5696137821710429
0.8209561954156102, -0.03963665437998944, 0.569613782170242
0.8113338328128179, -0.12388603684149342, 0.571305226309869
0.7912880652897829, -0.21276415017909653, 0.5732317281244289
0.7609030405102489, -0.30224116208472296, 0.5741749235937903
0.7211413723268706, -0.38851638607041633, 0.5735940540777084
0.6739729695567029, -0.4677395091830433, 0.5718218147781049
0.6219726231394783, -0.5369612812204587, 0.5699321350258116
0.5672626381473854, -0.5949710107822445, 0.5694054756417634
0.5037641563694302, -0.6483876752172643, 0.5708021525745568
0.4291591558570006, -0.698367485605809, 0.5728047433399334
0.34609863379557737, -0.7420606587940773, 0.5740746592168431
0.2576248387259904, -0.7773627744393787, 0.5738785231974786
0.16803050968639635, -0.8026241414108078, 0.5723287826407939
0.08099655939384416, -0.8174080842544615, 0.5703363754503219
-1.0329584622566404e-15, -0.8221084670390115, 0.5693308953699654
-1.102212902209806e-15, -0.8660254037844348, 0.5000000000000068
0.08623529038320346, -0.8606307923611658, 0.5018745998078766
0.17783301798668472, -0.8442817875078981, 0.50553306617492
0.2713904792016344, -0.8172693438998383, 0.5083483326619997
0.3636247376121612, -0.7803838995066006, 0.5087022897406291
0.4506389472698713, -0.735175541926709, 0.5064004954147183
0.5295305702840577, -0.6832677927060655, 0.5027350182603373
0.5973154991262158, -0.6269559818287499, 0.5001403716485481
0.6555581496556341, -0.5649051840819798, 0.5011243811843382
0.7099047568726925, -0.4913319720791439, 0.5046069058012809
0.7587223661656691, -0.4079770165412381, 0.5078337573006335
0.7999929896887709, -0.3178827978042993, 0.508882838489306
0.8320605595341349, -0.22460408097419562, 0.5071767266717583
0.8538361064538745, -0.13149209140010573, 0.5036603351614201
0.8646830846560128, -0.04233405300556173, 0.5005307094134034
0.8646830846516026, 0.042334053076274754, 0.5005307094150415
0.853836106435981, 0.13149209150130206, 0.5036603351653349
0.832060559510094, 0.22460408105728466, 0.5071767266744028
0.7999929896562623, 0.31788279788559626, 0.5088828384896278
0.7587223661234663, 0.4079770166224308, 0.5078337572984584
0.709904756845903, 0.49133197212037644, 0.5046069057988215
0.6555581496094421, 0.564905184137555, 0.5011243811821166
0.597315499075592, 0.6269559818762592, 0.5001403716494521
0.5295305702236109, 0.6832677927507306, 0.5027350182633016
0.45063894718521647, 0.735175541976146, 0.5064004954182801
0.3636247375228715, 0.7803838995475, 0.5087022897417116
0.2713904791899897, 0.8172693439038352, 0.5083483326617907
0.177833017951795, 0.8442817875157871, 0.5055330661740178
0.0862352903832089, 0.8606307923611649, 0.5018745998078773
0.0, 0.8660254037844353, 0.5000000000000058
0.0, 0.8660254037844353, 0.5000000000000058
-0.08623529038321309, 0.8606307923611652, 0.5018745998078761
-0.17783301798668769, 0.8442817875078968, 0.5055330661749207
-0.2713904792016341, 0.8172693438998366, 0.5083483326620026
-0.36362473761216807, 0.7803838995065959, 0.5087022897406311
-0.45063894726987824, 0.7351755419267036, 0.5064004954147197
-0.5295305702840599, 0.683267792706064, 0.502735018260337
-0.5973154991262177, 0.62695598182875, 0.5001403716485455
-0.6555581496556362, 0.5649051840819812, 0.5011243811843338
-0.7099047568726946, 0.4913319720791485, 0.5046069058012732
-0.7587223661656735, 0.40797701654124646, 0.5078337573006202
-0.799992989688779, 0.31788279780430917, 0.5088828384892871
-0.8320605595341474, 0.22460408097420473, 0.5071767266717339
-0.8538361064538894, 0.13149209140011142, 0.5036603351613934
-0.8646830846560298, 0.0423340530055627, 0.5005307094133741
-0.8646830846516194, -0.04233405307627683, 0.5005307094150122
-0.8538361064359967, -0.13149209150130647, 0.5036603351653072
-0.8320605595101069, -0.22460408105729504, 0.5071767266743771
-0.7999929896562716, -0.317882797885608, 0.5088828384896059
-0.758722366123474, -0.40797701662243874, 0.5078337572984406
-0.7099047568459103, -0.49133197212038066, 0.5046069057988073
-0.6555581496094468, -0.5649051841375595, 0.5011243811821054
-0.5973154990755957, -0.6269559818762632, 0.5001403716494427
-0.5295305702236136, -0.683267792750734, 0.5027350182632938
-0.4506389471852174, -0.7351755419761494, 0.5064004954182746
-0.36362473752287156, -0.7803838995475018, 0.508702289741709
-0.2713904791899892, -0.8172693439038364, 0.5083483326617889
-0.17783301795179446, -0.8442817875157884, 0.5055330661740158
-0.08623529038320987, -0.8606307923611649, 0.5018745998078773
-0.0, -0.8660254037844348, 0.5000000000000068
-1.1186783034197617e-15, -0.866025403784435, 0.5000000000000062
0.0873373082252107, -0.8605080056744175, 0.501894577338918
0.17902765520349137, -0.8440151651811392, 0.5055566235513033
0.27194957164085304, -0.8170801131755057, 0.50835373426135
0.36329540731833404, -0.7805359391775467, 0.5087043293246392
0.4496769560191257, -0.7357508252945326, 0.5064201401048221
0.5285532612234881, -0.6840063113636584, 0.5027592028642509
0.5970421246944672, -0.6272144407328708, 0.5001427263056701
0.6561584834129353, -0.5641951862801263, 0.5011385401498973
0.7106195620701682, -0.49027087793855495, 0.5046328410325281
0.7590944946827579, -0.4072718966395986, 0.5078436278520313
0.7999476358304641, -0.31799654051854365, 0.5088830711936579
0.8317971195168912, -0.2255443611329409, 0.5071915743824383
0.8536251410318861, -0.13275532135832, 0.5036865525794207
0.8646447844386724, -0.04301894596922465, 0.5005384770731405
0.8646447844340381, 0.043018946042595665, 0.5005384770748399
0.8536251410137986, 0.13275532145968955, 0.5036865525833571
0.831797119492375, 0.22554436121731503, 0.5071915743851242
0.799947635797596, 0.31799654060070853, 0.5088830711939815
0.7590944946401385, 0.40727189672178027, 0.5078436278498297
0.7106195620419784, 0.4902708779820478, 0.5046328410299699
0.6561584833652194, 0.564195186337663, 0.5011385401475972
0.5970421246417417, 0.6272144407823123, 0.5001427263066077
0.5285532611611904, 0.6840063114095587, 0.5027592028672974
0.44967695593314655, 0.7357508253446173, 0.5064201401084021
0.363295407228197, 0.7805359392187892, 0.5087043293257302
0.2719495716288658, 0.8170801131796293, 0.508353734261135
0.1790276551697874, 0.8440151651888022, 0.5055566235504454
0.08733730822521667, 0.8605080056744167, 0.5018945773389185
0.0, 0.8660254037844354, 0.5000000000000057
0.0, 0.8660254037844354, 0.5000000000000057
-0.08733730822522077, 0.8605080056744162, 0.5018945773389185
-0.1790276552034951, 0.8440151651811383, 0.5055566235513036
-0.27194957164085276, 0.8170801131755049, 0.5083537342613517
-0.36329540731834103, 0.7805359391775428, 0.5087043293246403
-0.44967695601913305, 0.7357508252945283, 0.5064201401048218
-0.5285532612234907, 0.6840063113636584, 0.5027592028642482
-0.5970421246944694, 0.6272144407328721, 0.5001427263056656
-0.6561584834129379, 0.5641951862801298, 0.5011385401498901
-0.7106195620701706, 0.4902708779385613, 0.5046328410325185
-0.7590944946827614, 0.4072718966396079, 0.5078436278520188
-0.7999476358304698, 0.31799654051855364, 0.5088830711936428
-0.8317971195168987, 0.2255443611329494, 0.507191574382422
-0.8536251410318957, 0.1327553213583253, 0.5036865525794032
-0.8646447844386832, 0.04301894596922568, 0.5005384770731217
-0.8646447844340487, -0.04301894604259754, 0.5005384770748214
-0.8536251410138086, -0.132755321459694, 0.5036865525833389
-0.8317971194923827, -0.22554436121732424, 0.5071915743851075
-0.7999476357976014, -0.3179965406007197, 0.5088830711939656
-0.7590944946401439, -0.4072718967217879, 0.5078436278498155
-0.710619562041984, -0.49027087798205216, 0.5046328410299576
-0.6561584833652236, -0.5641951863376674, 0.5011385401475867
-0.5970421246417458, -0.627214440782316, 0.5001427263065981
-0.5285532611611936, -0.6840063114095619, 0.5027592028672898
-0.4496769559331479, -0.7357508253446201, 0.5064201401083969
-0.36329540722819825, -0.7805359392187908, 0.5087043293257268
-0.2719495716288667, -0.8170801131796305, 0.5083537342611325
-0.17902765516978772, -0.844015165188803, 0.5055566235504438
-0.08733730822521917, -0.8605080056744164, 0.5018945773389185
-0.0, -0.866025403784435, 0.5000000000000062
-1.1359203334588065e-15, -0.8660254037844354, 0.5000000000000058
0.0884864867238303, -0.8603786372016208, 0.5019150748028549
0.18026228042380416, -0.84373802540417, 0.5055805126223538
0.2725245134755329, -0.8168851437081911, 0.5083591757249709
0.36295681523612866, -0.7806921075247831, 0.5087063824271906
0.4486834648794277, -0.7363434364655269, 0.5064400180849946
0.527535575988132, -0.6847733421463116, 0.5027839356549095
0.5967545109055267, -0.6274861464878757, 0.5001451686057776
0.6567855369757567, -0.5634521369854054, 0.5011531180647754
0.7113584899956592, -0.4891709132724607, 0.5046592080991711
0.7594770045954601, -0.4065457149071725, 0.5078535824244261
0.7999010138409539, -0.3181134225187209, 0.5088833053555991
0.8315246736650502, -0.22651315995663676, 0.5072065707901376
0.8534044703342739, -0.1340661754227835, 0.5037132821566102
0.8646041073530882, -0.043737115275759124, 0.5005465036293075
0.8646041073485599, 0.04373711534652843, 0.5005465036309459
0.8534044703169794, 0.13406617551885144, 0.5037132821603421
0.8315246736416776, 0.2265131600367152, 0.5072065707926927
0.7999010138098002, 0.31811342259656905, 0.5088833053559044
0.7594770045549377, 0.40654571498549197, 0.5078535824223299
0.7113584899692003, 0.4891709133134435, 0.5046592080967421
0.6567855369299457, 0.5634521370407736, 0.5011531180625621
0.5967545108544693, 0.6274861465357122, 0.5001451686066815
0.5275355759284347, 0.6847733421901642, 0.5027839356578202
0.44868346479696297, 0.7363434365134313, 0.506440018088404
0.36295681515038547, 0.7806921075639712, 0.5087063824282271
0.2725245134638892, 0.8168851437122057, 0.5083591757247621
0.18026228039275788, 0.8437380254112685, 0.5055805126215768
0.08848648672383673, 0.8603786372016198, 0.5019150748028555
0.0, 0.8660254037844356, 0.5000000000000052
0.0, 0.8660254037844356, 0.5000000000000052
-0.08848648672384095, 0.8603786372016196, 0.501915074802855
-0.18026228042380843, 0.8437380254041694, 0.5055805126223533
-0.27252451347553386, 0.8168851437081909, 0.5083591757249708
-0.36295681523613615, 0.7806921075247798, 0.5087063824271906
-0.448683464879435, 0.7363434364655238, 0.506440018084993
-0.5275355759881349, 0.6847733421463124, 0.5027839356549056
-0.596754510905529, 0.6274861464878789, 0.500145168605771
-0.65678553697576, 0.5634521369854097, 0.5011531180647666
-0.7113584899956618, 0.48917091327246803, 0.5046592080991602
-0.7594770045954625, 0.4065457149071822, 0.5078535824244148
-0.7999010138409577, 0.3181134225187302, 0.5088833053555872
-0.8315246736650547, 0.22651315995664398, 0.5072065707901269
-0.8534044703342787, 0.1340661754227883, 0.5037132821566008
-0.8646041073530939, 0.04373711527575979, 0.5005465036292979
-0.8646041073485654, -0.04373711534653105, 0.5005465036309361
-0.8534044703169839, -0.1340661755188558, 0.5037132821603333
-0.8315246736416808, -0.226513160036724, 0.5072065707926837
-0.7999010138098025, -0.3181134225965794, 0.5088833053558941
-0.7594770045549407, -0.40654571498549913, 0.5078535824223196
-0.7113584899692043, -0.4891709133134481, 0.5046592080967321
-0.656785536929949, -0.5634521370407777, 0.5011531180625532
-0.5967545108544724, -0.627486146535716, 0.5001451686066729
-0.5275355759284365, -0.6847733421901679, 0.5027839356578131
-0.44868346479696264, -0.7363434365134349, 0.5064400180883987
-0.3629568151503853, -0.7806921075639732, 0.5087063824282242
-0.2725245134638889, -0.8168851437122072, 0.5083591757247597
-0.1802622803927573, -0.8437380254112695, 0.5055805126215753
-0.08848648672383799, -0.8603786372016198, 0.501915074802855
-0.0, -0.8660254037844353, 0.5000000000000058
-1.1539952667327924e-15, -0.8660254037844357, 0.500000000000005
0.08968581605699437, -0.8602421781604072, 0.5019361008256222
0.18153885869182332, -0.8434497640721691, 0.5056047253254984
0.2731159703413103, -0.8166841772660872, 0.5083646539126603
0.3626085741198177, -0.7808525706452497, 0.5087084478279265
0.44765695444094944, -0.7369541350751962, 0.5064601207757854
0.5264750482513637, -0.6855705004373104, 0.5028092207774832
0.5964515423135276, -0.6277721192285457, 0.5001477021751821
0.6574410758116068, -0.5626737437013328, 0.5011681254676956
0.7121227258755963, -0.4880299818737718, 0.504686001473982
0.75987032053871, -0.4057975405773128, 0.5078636155758772
0.7998530709196969, -0.31823357272333214, 0.5088835408343191
0.8312427693362052, -0.22751175123643, 0.5072217084033459
0.853173448586045, -0.13542729531532136, 0.5037405228005506
0.8645608406817323, -0.044490979215802265, 0.5005547977275968
0.8645608406817323, 0.044490979215800655, 0.5005547977275967
0.8531734485901863, 0.1354272952920373, 0.5037405227997962
0.831242769320641, 0.2275117512894914, 0.5072217084050529
0.7998530708935317, 0.3182335727886921, 0.5088835408345718
0.7598703205330049, 0.40579754058865386, 0.5078636155753513
0.7121227258580417, 0.48802998190007935, 0.5046860014733128
0.6574410758116067, 0.5626737437013349, 0.5011681254676932
0.5964515423135246, 0.6277721192285487, 0.5001477021751819
0.526475048251365, 0.6855705004373083, 0.5028092207774848
0.44765695438059977, 0.7369541351104999, 0.5064601207777575
0.36260857407835223, 0.7808525706642127, 0.5087084478283752
0.2731159703308911, 0.8166841772696873, 0.5083646539124743
0.18153885866531472, 0.8434497640782649, 0.5056047253248472
0.08968581605700064, 0.8602421781604067, 0.501936100825622
0.0, 0.8660254037844358, 0.5000000000000047
0.0, 0.8660254037844358, 0.5000000000000047
-0.08968581605700487, 0.8602421781604062, 0.5019361008256221
-0.18153885869182743, 0.8434497640721684, 0.5056047253254978
-0.27311597034131097, 0.8166841772660872, 0.50836465391266
-0.36260857411982467, 0.780852570645247, 0.5087084478279253
-0.4476569544409565, 0.7369541350751944, 0.5064601207757818
-0.5264750482513663, 0.6855705004373127, 0.5028092207774776
-0.5964515423135298, 0.6277721192285504, 0.5001477021751737
-0.6574410758116104, 0.5626737437013383, 0.5011681254676846
-0.7121227258755986, 0.4880299818737797, 0.5046860014739712
-0.7598703205387115, 0.40579754057732276, 0.5078636155758667
-0.799853070919699, 0.31823357272334035, 0.5088835408343106
-0.8312427693362068, 0.22751175123643647, 0.5072217084033407
-0.8531734485860462, 0.1354272953153258, 0.5037405228005474
-0.8645608406817336, 0.04449097921580297, 0.5005547977275944
-0.8645608406817334, -0.04449097921580231, 0.5005547977275948
-0.853173448590187, -0.1354272952920404, 0.5037405227997942
-0.8312427693206413, -0.22751175128949852, 0.5072217084050489
-0.7998530708935317, -0.31823357278870096, 0.508883540834566
-0.7598703205330067, -0.4057975405886592, 0.5078636155753441
-0.7121227258580443, -0.488029981900083, 0.5046860014733053
-0.6574410758116095, -0.5626737437013385, 0.5011681254676857
-0.5964515423135276, -0.6277721192285517, 0.5001477021751745
-0.5264750482513664, -0.6855705004373118, 0.5028092207774786
-0.4476569543805996, -0.736954135110503, 0.5064601207777528
-0.36260857407835223, -0.7808525706642151, 0.5087084478283717
-0.27311597033089063, -0.8166841772696892, 0.5083646539124714
-0.18153885866531413, -0.843449764078266, 0.5056047253248457
-0.08968581605700177, -0.8602421781604065, 0.5019361008256221
-0.0, -0.8660254037844357, 0.500000000000005
-1.1729649490619408e-15, -0.8660254037844362, 0.5000000000000042
0.09093853586125589, -0.8600980687460228, 0.501957662392729
0.18285948010844108, -0.8431497320927094, 0.5056292513358608
0.27372464440206595, -0.8164769403609251, 0.5083701652396851
0.3622502755982376, -0.7810175032970517, 0.5087105241418155
0.4465958100763147, -0.7375837230987097, 0.5064804377684555
0.5253690141009788, -0.6863995201839062, 0.5028350601478273
0.5961319863689325, -0.6280734842381647, 0.5001503306254658
0.6581270193636453, -0.56185750290229, 0.5011835719733116
0.7129135294191954, -0.4868458401768664, 0.5047132130958601
0.7602748895556101, -0.4050263890222732, 0.5078737210240192
0.7998037513918034, -0.3183571269611061, 0.5088837774705227
0.8309509242566835, -0.2285414824841659, 0.5072369784044762
0.8529313744299383, -0.13684151332986155, 0.5037682708772455
0.8645147469016585, -0.04528319015483355, 0.5005633676958017
0.8645147469016584, 0.045283190154832245, 0.5005633676958019
0.8529313744273217, 0.1368415133455052, 0.503768270877426
0.8309509242455471, 0.22854148252200648, 0.5072369784056706
0.7998037513740719, 0.3183571270053827, 0.5088837774706918
0.7602748895512462, 0.40502638903096205, 0.5078737210236224
0.7129135294110454, 0.48684584018891436, 0.5047132130957507
0.6581270193636458, 0.5618575029022929, 0.5011835719733074
0.59613198636893, 0.6280734842381692, 0.5001503306254632
0.5253690141009807, 0.6863995201839055, 0.5028350601478262
0.4465958100355514, 0.7375837231225114, 0.5064804377697367
0.3622502755704676, 0.7810175033097384, 0.5087105241421129
0.2737246443953332, 0.8164769403632601, 0.5083701652395601
0.18285948009496192, 0.8431497320958209, 0.5056292513355467
0.0909385358612627, 0.8600980687460221, 0.5019576623927288
0.0, 0.8660254037844363, 0.5000000000000041
0.0, 0.8660254037844363, 0.5000000000000041
-0.0909385358612664, 0.8600980687460221, 0.5019576623927282
-0.182859480108445, 0.843149732092709, 0.5056292513358599
-0.2737246444020666, 0.8164769403609257, 0.508370165239684
-0.3622502755982446, 0.7810175032970499, 0.5087105241418137
-0.4465958100763216, 0.7375837230987085, 0.5064804377684512
-0.5253690141009814, 0.6863995201839092, 0.5028350601478204
-0.5961319863689343, 0.6280734842381702, 0.5001503306254567
-0.6581270193636489, 0.5618575029022954, 0.5011835719733007
-0.7129135294191982, 0.48684584017687343, 0.5047132130958494
-0.7602748895556111, 0.40502638902228166, 0.5078737210240108
-0.7998037513918044, 0.31835712696111246, 0.508883777470517
-0.8309509242566827, 0.2285414824841702, 0.5072369784044756
-0.8529313744299362, 0.1368415133298645, 0.5037682708772484
-0.8645147469016559, 0.04528319015483365, 0.5005633676958064
-0.8645147469016559, -0.04528319015483388, 0.5005633676958062
-0.8529313744273196, -0.13684151334550756, 0.5037682708774291
-0.8309509242455447, -0.2285414825220119, 0.5072369784056716
-0.7998037513740699, -0.31835712700539015, 0.5088837774706901
-0.7602748895512461, -0.4050263890309668, 0.5078737210236188
-0.7129135294110471, -0.4868458401889171, 0.5047132130957455
-0.6581270193636475, -0.5618575029022963, 0.5011835719733013
-0.5961319863689316, -0.6280734842381721, 0.5001503306254573
-0.5253690141009804, -0.6863995201839092, 0.5028350601478213
-0.4465958100355504, -0.7375837231225147, 0.506480437769733
-0.3622502755704663, -0.7810175033097407, 0.5087105241421102
-0.2737246443953321, -0.816476940363262, 0.5083701652395576
-0.18285948009496064, -0.8431497320958222, 0.5056292513355453
-0.0909385358612626, -0.8600980687460228, 0.501957662392728
-0.0, -0.8660254037844362, 0.5000000000000042
-1.1928975046729142e-15, -0.8660254037844368, 0.5000000000000033
0.09224816076050793, -0.8599456918774651, 0.5019797643906488
0.18422636928127267, -0.8428372313417043, 0.5056540777307058
0.2743512766111635, -0.8162631432031981, 0.5083757056251411
0.3618814886117771, -0.781187089516283, 0.5087126098036133
0.44549831454401756, -0.73823304769749, 0.5065009565891411
0.524214592401233, -0.6872622645225779, 0.5028614529638428
0.5957944776726922, -0.6283914858208863, 0.5001530574959456
0.6588454573668847, -0.5610006761828938, 0.5011994659108849
0.7137322401968654, -0.4856160848608387, 0.5047408319405066
0.7606911822583421, -0.40423121842495263, 0.5078838915392808
0.7997529964969212, -0.31848422847210206, 0.5088840150847003
0.8306486241347253, -0.22960378014181607, 0.5072523704899529
0.8526774850436661, -0.13831186932145118, 0.503796519742261
0.8644655601022152, -0.046116663076454296, 0.5005722213465867
0.8644655601035918, 0.046116663055653546, 0.5005722213461258
0.8526774850466688, 0.13831186930586134, 0.5037965197414589
0.8306486241316017, 0.2296037801522304, 0.507252370490354
0.7997529964899714, 0.31848422848945257, 0.5088840150847636
0.7606911822582828, 0.40423121842515664, 0.5078838915392072
0.7137322401729284, 0.4856160848970352, 0.5047408319395298
0.6588454573686081, 0.5610006761806637, 0.5011994659111157
0.5957944776811979, 0.628391485812922, 0.5001530574958197
0.5242145924253248, 0.6872622645048242, 0.5028614529629921
0.4454983145237341, 0.7382330477092774, 0.5065009565898012
0.3618814886001839, 0.7811870895215731, 0.5087126098037367
0.2743512766084172, 0.8162631432041461, 0.5083757056251013
0.1842263692926358, 0.842837231339246, 0.5056540777306635
0.09224816076271303, 0.8599456918771793, 0.501979764390733
0.0, 0.8660254037844368, 0.5000000000000033
0.0, 0.8660254037844368, 0.5000000000000033
-0.09224816076051831, 0.8599456918774643, 0.5019797643906483
-0.18422636928127664, 0.8428372313417045, 0.5056540777307038
-0.27435127661116454, 0.816263143203199, 0.5083757056251392
-0.361881488611784, 0.7811870895162815, 0.5087126098036103
-0.4454983145440244, 0.7382330476974894, 0.506500956589136
-0.5242145924012347, 0.6872622645225819, 0.5028614529638358
-0.5957944776726928, 0.6283914858208933, 0.5001530574959362
-0.6588454573668883, 0.5610006761829, 0.5011994659108735
-0.7137322401968681, 0.4856160848608452, 0.5047408319404965
-0.760691182258343, 0.40423121842496024, 0.5078838915392735
-0.7997529964969212, 0.3184842284721064, 0.5088840150846975
-0.8306486241347232, 0.22960378014181795, 0.5072523704899555
-0.8526774850436617, 0.13831186932145265, 0.5037965197422681
-0.8644655601022101, 0.04611666307645403, 0.5005722213465956
-0.8644655601035863, -0.04611666305565514, 0.500572221346135
-0.8526774850466639, -0.13831186930586298, 0.503796519741467
-0.8306486241315971, -0.2296037801522345, 0.5072523704903596
-0.799752996489968, -0.31848422848945823, 0.5088840150847656
-0.7606911822582824, -0.40423121842515947, 0.5078838915392058
-0.7137322401729296, -0.48561608489703684, 0.5047408319395265
-0.6588454573686097, -0.5610006761806657, 0.5011994659111115
-0.5957944776811993, -0.6283914858129239, 0.5001530574958156
-0.5242145924253242, -0.6872622645048273, 0.5028614529629886
-0.44549831452373256, -0.7382330477092802, 0.5065009565897983
-0.36188148860018277, -0.7811870895215751, 0.5087126098037341
-0.2743512766084162, -0.816263143204148, 0.5083757056250987
-0.18422636929263453, -0.8428372313392472, 0.5056540777306618
-0.09224816076271294, -0.8599456918771798, 0.5019797643907322
-0.0, -0.8660254037844368, 0.5000000000000033
-1.2138681536519632e-15, -0.8660254037844374, 0.5000000000000022
0.09361850910217699, -0.8597843660224079, 0.5020024090549083
0.1856418956755571, -0.8425115101735379, 0.5056791886118016
0.2749966493958476, -0.8160424784820789, 0.5083812704396997
0.3615017580128546, -0.7813615231485936, 0.5087147030473222
0.44436264032424927, -0.7389030040439235, 0.5065216624182302
0.5230086633014273, -0.6881607371688244, 0.5028883951046341
0.5954375000952504, -0.6287275029858017, 0.5001558861690595
0.6595986686467223, -0.5601002626487293, 0.5012158138968641
0.7145802834929107, -0.4843381391499637, 0.5047688435392401
0.7611196944396319, -0.4034109254602848, 0.5078941188430891
0.7997007442004558, -0.3186150283501862, 0.5088842534748419
0.8303353201189981, -0.23070015497402116, 0.5072678726844856
0.8524109496551165, -0.1398416287489625, 0.5038252591691882
0.8644129818108586, -0.046994607934521926, 0.5005813657158453
0.8644129818108588, 0.046994607934520705, 0.5005813657158453
0.8524109496551169, 0.13984162874895933, 0.5038252591691886
0.8303353201190011, 0.23070015497401414, 0.5072678726844838
0.79970074420046, 0.31861502835018324, 0.5088842534748372
0.7611196944396341, 0.403410925460289, 0.5078941188430824
0.7145802834929137, 0.4843381391499662, 0.5047688435392335
0.6595986686467252, 0.5601002626487335, 0.5012158138968557
0.5954375000952491, 0.6287275029858093, 0.5001558861690517
0.5230086633014308, 0.6881607371688262, 0.502888395104628
0.44436264032425205, 0.7389030040439246, 0.5065216624182259
0.3615017580128565, 0.7813615231485943, 0.5087147030473199
0.2749966493958521, 0.8160424784820781, 0.5083812704396984
0.18564189567556527, 0.8425115101735364, 0.5056791886118012
0.09361850910218485, 0.8597843660224069, 0.5020024090549086
0.0, 0.8660254037844373, 0.5000000000000023
0.0, 0.8660254037844373, 0.5000000000000023
-0.0936185091021871, 0.859784366022407, 0.5020024090549081
-0.18564189567556114, 0.8425115101735381, 0.5056791886117998
-0.2749966493958486, 0.8160424784820801, 0.5083812704396972
-0.36150175801286094, 0.7813615231485931, 0.5087147030473186
-0.44436264032425515, 0.7389030040439234, 0.5065216624182249
-0.5230086633014284, 0.6881607371688292, 0.5028883951046265
-0.5954375000952505, 0.6287275029858096, 0.5001558861690496
-0.6595986686467255, 0.5601002626487351, 0.5012158138968535
-0.7145802834929128, 0.4843381391499693, 0.5047688435392316
-0.7611196944396329, 0.40341092546029056, 0.507894118843083
-0.7997007442004552, 0.3186150283501877, 0.5088842534748419
-0.8303353201189951, 0.23070015497402035, 0.5072678726844911
-0.8524109496551108, 0.13984162874896228, 0.5038252591691981
-0.8644129818108517, 0.046994607934521274, 0.5005813657158572
-0.8644129818108516, -0.046994607934522176, 0.5005813657158577
-0.8524109496551101, -0.13984162874895986, 0.5038252591691997
-0.8303353201189952, -0.23070015497401708, 0.5072678726844922
-0.7997007442004557, -0.31861502835018674, 0.5088842534748419
-0.7611196944396325, -0.4034109254602905, 0.5078941188430837
-0.7145802834929137, -0.4843381391499669, 0.5047688435392326
-0.6595986686467249, -0.5601002626487351, 0.5012158138968538
-0.595437500095249, -0.6287275029858113, 0.5001558861690494
-0.5230086633014286, -0.6881607371688291, 0.502888395104626
-0.44436264032424866, -0.7389030040439277, 0.5065216624182243
-0.3615017580128541, -0.7813615231485965, 0.508714703047318
-0.27499664939584956, -0.8160424784820802, 0.5083812704396965
-0.18564189567556244, -0.8425115101735379, 0.5056791886117996
-0.09361850910218356, -0.8597843660224077, 0.5020024090549077
-0.0, -0.8660254037844374, 0.5000000000000022
-1.2359601605324271e-15, -0.866025403784438, 0.5000000000000011
0.09505373504705757, -0.8596133369850192, 0.5020255952947854
0.18710858480642206, -0.8421717584678463, 0.5057045646728072
0.2756615893896784, -0.8158146200964744, 0.5083868544445275
0.36111060292064934, -0.7815410084813647, 0.5087168018851125
0.4431868410613384, -0.7395945384654625, 0.5065425377815089
0.5217478439821103, -0.6890970951368679, 0.5029158784269494
0.595059365793961, -0.6290830678025969, 0.5001588197612455
0.6603891421027185, -0.5591529677571112, 0.5012326202884747
0.7154591768288054, -0.483009237439981, 0.5047972294289029
0.7615609485662691, -0.402564341065709, 0.5079043934848132
0.7996469289694847, -0.31874968607057996, 0.5088844924141219
0.8300104259706703, -0.23183220805124288, 0.5072834711382498
0.8521308621815044, -0.14143430293887455, 0.5038544746948275
0.8643566760806893, -0.04792056690071581, 0.5005908067300641
0.8643566760770497, 0.04792056695364197, 0.5005908067312819
0.8521308621750442, 0.14143430297345616, 0.5038544746960459
0.8300104259451135, 0.23183220813651056, 0.5072834711410977
0.799646928958051, 0.31874968609909277, 0.508884492414229
0.761560948551675, 0.402564341094765, 0.5079043934836661
0.7154591768046521, 0.483009237477366, 0.5047972294273642
0.6603891420969428, 0.5591529677645087, 0.5012326202878322
0.5950593657678478, 0.6290830678270108, 0.5001588197616067
0.521747843966403, 0.6890970951483597, 0.5029158784274987
0.4431868409488024, 0.7395945385304428, 0.506542537785093
0.3611106028927139, 0.7815410084940576, 0.5087168018854421
0.2756615893614633, 0.8158146201063458, 0.5083868544439861
0.18710858476447947, 0.8421717584780292, 0.5057045646713678
0.0950537350493785, 0.8596133369848253, 0.502025595294678
0.0, 0.866025403784438, 0.5000000000000012
0.0, 0.866025403784438, 0.5000000000000012
-0.09505373504467399, 0.8596133369853342, 0.5020255952946975
-0.187108584801795, 0.8421717584689837, 0.505704564672625
-0.2756615893830075, 0.8158146200988085, 0.5083868544443995
-0.36111060291207475, 0.7815410084852625, 0.5087168018852106
-0.4431868410162623, 0.7395945384916198, 0.5065425377827555
-0.521747843973511, 0.6890970951432277, 0.5029158784271559
-0.5950593657726376, 0.629083067822546, 0.5001588197615237
-0.6603891421083288, 0.5591529677505085, 0.5012326202884487
-0.7154591768129045, 0.4830092374643005, 0.5047972294281695
-0.7615609485659903, 0.40256434106638195, 0.5079043934846978
-0.7996469289683127, 0.31874968607349935, 0.508884492414135
-0.8300104259611703, 0.23183220808307706, 0.5072834711392455
-0.8521308621810716, 0.14143430294059842, 0.5038544746950755
-0.8643566760779343, 0.04792056694066471, 0.500590806730997
-0.8643566760786211, -0.04792056693115742, 0.500590806730721
-0.8521308621748243, -0.14143430297496432, 0.5038544746959948
-0.8300104259475846, -0.23183220812843505, 0.5072834711407449
-0.7996469289568753, -0.31874968610201326, 0.5088844924142473
-0.761560948552, -0.40256434109392136, 0.5079043934838474
-0.7154591767996471, -0.48300923748482294, 0.5047972294273226
-0.6603891420904487, -0.5591529677721443, 0.5012326202878702
-0.5950593657763277, -0.6290830678190539, 0.5001588197615255
-0.5217478439670535, -0.6890970951477905, 0.5029158784276037
-0.4431868409633641, -0.739594538522022, 0.5065425377846479
-0.36111060288413316, -0.781541008497956, 0.5087168018855439
-0.2756615893547916, -0.815814620108679, 0.5083868544438593
-0.18710858475984793, -0.8421717584791667, 0.5057045646711872
-0.09505373504698546, -0.859613336985141, 0.5020255952945903
-0.0, -0.8660254037844379, 0.5000000000000011
-1.2592659392331872e-15, -0.8660254037844388, 0.49999999999999983
0.09655836474621807, -0.8594317684473619, 0.5020493178772144
0.18862913037085224, -0.8418171021529438, 0.5057301827045286
0.27634697034195543, -0.8155792217885868, 0.5083924517236125
0.36070751490498315, -0.7817257609404799, 0.5087189040846614
0.4419688422866215, -0.7403086517772811, 0.5065635622027387
0.5204284617151481, -0.6900736626090745, 0.5029438899222277
0.594658190547528, -0.6294598869151499, 0.5001618609805297
0.6612196004634681, -0.5581551677046521, 0.5012498865112324
0.716370536537861, -0.4816264090890628, 0.5048259664958133
0.7620154954413142, -0.40169022573495566, 0.5079147047057494
0.7995914815021337, -0.3188883701299328, 0.5088847316486299
0.8296733149803106, -0.23300163716528025, 0.5072991498986387
0.851836232959533, -0.14309367131858824, 0.5038841468491345
0.8642962636740125, -0.048898457561983556, 0.5006005487883537
0.8642962636698893, 0.04889845762179469, 0.5006005487896299
0.8518362329564108, 0.14309367133611015, 0.5038841468494369
0.8296733149601385, 0.23300163723295386, 0.5072991499005473
0.7995914815038686, 0.318888370125618, 0.5088847316486077
0.7620154954353527, 0.40169022574696384, 0.5079147047051968
0.7163705365377223, 0.48162640908934407, 0.5048259664957416
0.6612196004634728, 0.5581551677046555, 0.5012498865112222
0.594658190539994, 0.6294598869221951, 0.5001618609806203
0.5204284617136804, 0.6900736626101234, 0.5029438899223073
0.4419688422829901, 0.7403086517794369, 0.5065635622027566
0.36070751489763053, 0.7817257609438191, 0.5087189040847437
0.27634697033435246, 0.8155792217912551, 0.5083924517234646
0.18862913036531295, 0.8418171021541989, 0.5057301827045058
0.09655836474556179, 0.8594317684476153, 0.5020493178769069
0.0, 0.8660254037844387, 0.5
0.0, 0.8660254037844387, 0.5
-0.09655836474577298, 0.859431768447422, 0.5020493178771972
-0.18862913036998763, 0.8418171021531595, 0.5057301827044924
-0.27634697034071326, 0.815579221789024, 0.5083924517235863
-0.3607075149033913, 0.7817257609412048, 0.5087189040846761
-0.44196884228469846, 0.7403086517783811, 0.5065635622028088
-0.5204284617129316, 0.690073662610673, 0.5029438899223281
-0.5946581905451065, 0.6294598869174097, 0.5001618609805645
-0.6612196004611351, 0.5581551677075238, 0.501249886511112
-0.7163705365356803, 0.4816264090924797, 0.5048259664956478
-0.7620154954393189, 0.4016902257388762, 0.5079147047056424
-0.7995914815003345, 0.3188883701344103, 0.5088847316486509
-0.8296733149720201, 0.23300163719319267, 0.5072991498993772
-0.851836232955314, 0.14309367134176565, 0.503884146849685
-0.8642962636694255, 0.04889845762831526, 0.500600548789794
-0.8642962636724288, -0.04889845758530563, 0.5006005487888097
-0.8518362329565323, -0.1430936713350066, 0.5038841468495446
-0.8296733149800447, -0.23300163716615463, 0.507299149898672
-0.7995914815020653, -0.3188883701300984, 0.5088847316486333
-0.7620154954333548, -0.4016902257508816, 0.5079147047050959
-0.7163705365355388, -0.48162640909275717, 0.504825966495584
-0.6612196004611359, -0.558155167707523, 0.5012498865111118
-0.5946581905375727, -0.6294598869244467, 0.5001618609806656
-0.5204284617114598, -0.6900736626117181, 0.502943889922417
-0.4419688422810579, -0.740308651780537, 0.5065635622028344
-0.3607075148960308, -0.7817257609445444, 0.5087189040847635
-0.2763469703331075, -0.8155792217916921, 0.5083924517234403
-0.18862913036444207, -0.841817102154415, 0.505730182704471
-0.09655836474510524, -0.8594317684476765, 0.50204931787689
-0.0, -0.8660254037844387, 0.49999999999999983
-1.283888345262979e-15, -0.8660254037844395, 0.49999999999999856
0.09813733701390356, -0.8592387310702514, 0.5020735664348438
0.1902064075816072, -0.8414465970974723, 0.5057560150388563
0.27705371644258053, -0.8153359155925738, 0.5083980556121096
0.3602919562666009, -0.7819160077289219, 0.5087210071412916
0.4407064316103694, -0.7410464026685201, 0.5065847117998138
0.5190465236128545, -0.6910929462709925, 0.5029724107144343
0.5942318651405132, -0.6298598663904817, 0.5001650119332531
0.662093027326188, -0.5571028685140684, 0.5012676102237609
0.7173160853573124, -0.48018645978710733, 0.5048550262449465
0.7624839159168348, -0.4007872645366216, 0.5079250402897866
0.7995343285315801, -0.31903125849645647, 0.5088849708939364
0.8293233166551314, -0.23421024353760814, 0.5073148906489806
0.8515259794492933, -0.1448238057672492, 0.5039142502509845
0.864231315207567, -0.049932622328224104, 0.5006105942167286
0.8642313152169084, 0.04993262219586797, 0.5006105942138035
0.8515259794681548, 0.1448238056689902, 0.5039142502473513
0.8293233166796051, 0.23421024345661218, 0.5073148906463657
0.7995343285668041, 0.319031258408743, 0.5088849708935836
0.7624839159550126, 0.40078726446142066, 0.5079250402918138
0.7173160853977064, 0.48018645972325097, 0.5048550262482894
0.6620930273394916, 0.5571028684967617, 0.5012676102254233
0.5942318651966466, 0.6298598663381537, 0.5001650119324595
0.5190465236790058, 0.6910929462229503, 0.50297241071218
0.4407064316947358, 0.7410464026205782, 0.5065847117965493
0.3602919563526868, 0.7819160076899302, 0.508721007140254
0.27705371652870886, 0.8153359155623342, 0.5083980556136696
0.19020640765879404, 0.8414465970781572, 0.5057560150419628
0.0981373370099814, 0.8592387310705312, 0.5020735664351317
0.0, 0.8660254037844394, 0.49999999999999867
0.0, 0.8660254037844394, 0.49999999999999867
-0.09813733700851075, 0.8592387310709825, 0.5020735664346466
-0.19020640757142662, 0.8414465971000132, 0.5057560150384575
-0.27705371642809956, 0.8153359155976668, 0.5083980556118329
-0.3602919562479893, 0.7819160077373559, 0.50872100714151
-0.4407064315877658, 0.7410464026813567, 0.5065847118007002
-0.5190465235865548, 0.6910929462898258, 0.5029724107156972
-0.5942318651113262, 0.6298598664176206, 0.5001650119337535
-0.6620930272983554, 0.5571028685483661, 0.5012676102224051
-0.717316085331707, 0.48018645982735747, 0.5048550262430441
-0.7624839158935963, 0.40078726458240116, 0.5079250402885483
-0.7995343285106246, 0.3190312585486366, 0.5088849708941479
-0.8293233166366067, 0.23421024359911333, 0.5073148906508683
-0.851525979435081, 0.14482380584113133, 0.5039142502537671
-0.8642313152034675, 0.049932622385413614, 0.5006105942181013
-0.8642313152135149, -0.04993262224441309, 0.5006105942148198
-0.8515259794655934, -0.1448238056833898, 0.5039142502475411
-0.8293233166801879, -0.23421024345479974, 0.5073148906462495
-0.7995343285734667, -0.3190312583921367, 0.5088849708935267
-0.7624839159622184, -0.4007872644471487, 0.5079250402922578
-0.7173160854285576, -0.48018645967573464, 0.5048550262496493
-0.6620930273595056, -0.5571028684722602, 0.501267610226219
-0.5942318651717776, -0.6298598663614224, 0.5001650119327035
-0.519046523650048, -0.6910929462443699, 0.502972410712632
-0.4407064316692873, -0.7410464026350343, 0.5065847117975418
-0.36029195633409805, -0.7819160076983495, 0.5087210071404789
-0.2770537165142276, -0.8153359155674255, 0.5083980556133966
-0.19020640764860938, -0.8414465970806979, 0.5057560150415659
-0.09813733700457927, -0.8592387310712634, 0.5020735664349348
-0.0, -0.8660254037844395, 0.49999999999999856
-1.309942193294489e-15, -0.8660254037844404, 0.49999999999999717
0.09979604911602899, -0.8590331899045583, 0.5020983242585361
0.19184348735854792, -0.8410592224084162, 0.5057820289016414
0.27778280569720715, -0.8150843102204655, 0.5084036586133264
0.3598633579859638, -0.7821119886000506, 0.508723108249606
0.4393972477253725, -0.741808911485008, 0.5066059588405915
0.5175976828138165, -0.6921576521194799, 0.5030014148670129
0.5937780214163415, -0.630285141100553, 0.5001682738746537
0.663012697513969, -0.5559916594880695, 0.5012857842737541
0.7182976601786046, -0.4786859516793365, 0.5048843739380234
0.7629668228897727, -0.3998540613887547, 0.5079353864030385
0.7994753925542417, -0.3191785392450372, 0.5088852098318889
0.8289597130440471, -0.2354599392068605, 0.5073306724204961
0.8511989157496799, -0.14662909741495875, 0.5039447525452012
0.8641613430084081, -0.05102788559974032, 0.5006209425714473
0.8641613430074926, 0.0510278856125133, 0.5006209425717256
0.8511989157496539, 0.14662909741384442, 0.503944752545569
0.8289597130460027, 0.23545993920060268, 0.5073306724202049
0.7994753925604207, 0.3191785392296655, 0.5088852098318226
0.7629668228805155, 0.39985406140682445, 0.507935386402719
0.7182976601788575, 0.4786859516794837, 0.5048843739375237
0.6630126975071392, 0.5559916594965462, 0.5012857842733855
0.5937780214083568, 0.630285141107977, 0.5001682738747779
0.5175976828079106, 0.692157652123664, 0.5030014148673327
0.43939724774202854, 0.7418089114753118, 0.5066059588403433
0.3598633580020691, 0.7821119885927617, 0.5087231082494194
0.277782805701437, 0.8150843102190294, 0.5084036586133176
0.191843487334822, 0.841059222414096, 0.5057820289011958
0.09979604909886565, 0.8590331899067407, 0.5020983242582138
0.0, 0.8660254037844404, 0.49999999999999717
0.0, 0.8660254037844404, 0.49999999999999717
-0.09979604911605887, 0.859033189904555, 0.502098324258536
-0.19184348735859047, 0.8410592224084075, 0.50578202890164
-0.2777828056972639, 0.8150843102204478, 0.5084036586133237
-0.3598633579860419, 0.7821119886000186, 0.5087231082495999
-0.43939724772546673, 0.7418089114849588, 0.5066059588405819
-0.5175976828139217, 0.6921576521194088, 0.5030014148670026
-0.5937780214164577, 0.6302851411004479, 0.5001682738746485
-0.6630126975140821, 0.5559916594879304, 0.501285784273759
-0.7182976601787063, 0.4786859516791735, 0.5048843739380333
-0.7629668228898631, 0.39985406138857116, 0.5079353864030474
-0.7994753925543234, 0.3191785392448238, 0.5088852098318941
-0.8289597130571354, 0.2354599391627185, 0.5073306724195971
-0.8511989157495021, 0.14662909741463462, 0.5039447525455955
-0.8641613430074623, 0.051027885612854096, 0.5006209425717433
-0.8641613430094196, -0.05102788558570246, 0.5006209425711319
-0.8511989157509551, -0.14662909740721913, 0.5039447525452992
-0.8289597130478544, -0.23545993919431302, 0.5073306724200984
-0.7994753925604988, -0.31917853922945694, 0.5088852098318305
-0.7629668228806041, -0.399854061406639, 0.5079353864027318
-0.7182976601789562, -0.47868595167931893, 0.5048843739375397
-0.6630126975072478, -0.555991659496404, 0.5012857842733999
-0.5937780214084725, -0.6302851411078627, 0.5001682738747844
-0.5175976828080115, -0.6921576521235862, 0.5030014148673358
-0.439397247742115, -0.7418089114752588, 0.5066059588403456
-0.35986335800214153, -0.7821119885927271, 0.5087231082494212
-0.27778280570149266, -0.8150843102190093, 0.5084036586133194
-0.19184348733485995, -0.8410592224140865, 0.5057820289011973
-0.09979604909888501, -0.8590331899067383, 0.5020983242582141
-0.0, -0.8660254037844403, 0.49999999999999706
-1.3375560473382738e-15, -0.8660254037844414, 0.49999999999999556
0.10154040850203548, -0.8588139897998192, 0.5021235668292775
0.1935436515353031, -0.8406538730407197, 0.5058081856712271
0.2785352733236848, -0.8148239893912104, 0.5084092523028005
0.359421117366204, -0.782313956751085, 0.5087252042740666
0.43803876847619194, -0.7425973642183398, 0.506627271243698
0.516077200402108, -0.6932707040569963, 0.5030308679608431
0.5932939920378109, -0.6307381094158583, 0.5001716468796954
0.6639822118911687, -0.5548166593093103, 0.5013043953976145
0.7193172203077872, -0.47712118157301503, 0.504913967585616
0.7634648629630703, -0.3988891337775079, 0.5079457273912339
0.7994145914344367, -0.3193304114948592, 0.5088854481081537
0.8285817346634385, -0.23675275513995805, 0.5073464712755636
0.8508537406620295, -0.14851428661012062, 0.5039756131740095
0.8640857913220172, -0.052189621182589116, 0.5006315897705831
0.8640857913174712, 0.052189621244220934, 0.5006315897720044
0.8508537406507645, 0.14851428666546673, 0.5039756131767182
0.828581734656162, 0.23675275516404365, 0.5073464712762079
0.7994145914304429, 0.31933041150480296, 0.5088854481081881
0.7634648629723646, 0.3988891337594363, 0.5079457273914558
0.7193172203270394, 0.47712118154294747, 0.5049139675866011
0.6639822119065903, 0.5548166592906094, 0.5013043953978854
0.5932939920246697, 0.6307381094281396, 0.5001716468797962
0.5160772004110709, 0.6932707040506781, 0.5030308679603551
0.4380387684968781, 0.742597364206513, 0.5066272712431477
0.3594211173559315, 0.7823139567557537, 0.5087252042741447
0.2785352733146199, 0.8148239893944128, 0.5084092523026345
0.19354365153372058, 0.8406538730411119, 0.5058081856711808
0.10154040848245521, 0.8588139898023763, 0.5021235668288634
0.0, 0.8660254037844412, 0.49999999999999556
0.0, 0.8660254037844412, 0.49999999999999556
-0.1015404085036902, 0.8588139897995887, 0.5021235668293369
-0.19354365153832406, 0.840653873039955, 0.5058081856713424
-0.27853527332791983, 0.8148239893897149, 0.5084092523028771
-0.359421117371203, 0.7823139567488534, 0.5087252042739667
-0.43803876849651335, 0.7425973642069882, 0.5066272712427666
-0.5160772004226098, 0.6932707040424844, 0.5030308679598096
-0.5932939920603076, 0.6307381093950198, 0.5001716468792884
-0.6639822119151156, 0.554816659280019, 0.5013043953983146
-0.7193172203327549, 0.477121181533636, 0.5049139675872577
-0.7634648629825547, 0.3988891337394254, 0.5079457273918541
-0.7994145914244116, 0.31933041151978686, 0.5088854481082601
-0.8285817346570626, 0.23675275516051394, 0.5073464712763841
-0.8508537406546104, 0.14851428664625008, 0.503975613175888
-0.8640857913192578, 0.05218962121990546, 0.5006315897714556
-0.8640857913171675, -0.05218962124772131, 0.5006315897721637
-0.8508537406574279, -0.14851428663207736, 0.5039756131753079
-0.8285817346525951, -0.23675275517551442, 0.5073464712766804
-0.7994145914204145, -0.31933041152973646, 0.5088854481082957
-0.7634648629470769, -0.3988891338092437, 0.5079457273903506
-0.7193172203020822, -0.47712118158282796, 0.5049139675844705
-0.663982211869973, -0.5548166593359187, 0.5013043953962397
-0.5932939920089498, -0.6307381094426154, 0.500171646880188
-0.5160772003696502, -0.693270704080048, 0.5030308679623731
-0.4380387684872939, -0.742597364211618, 0.5066272712439515
-0.359421117362359, -0.7823139567528079, 0.5087252042741338
-0.27853527331885386, -0.8148239893929142, 0.5084092523027168
-0.19354365153673672, -0.8406538730403466, 0.5058081856712987
-0.10154040848409823, -0.8588139898021474, 0.5021235668289225
-0.0, -0.8660254037844414, 0.49999999999999545
-1.3668743424074387e-15, -0.8660254037844421, 0.4999999999999938
0.10337689120280555, -0.8585798384624866, 0.5021492600322873
0.19531041027113816, -0.8402293513600702, 0.5058344400619195
0.2793122160305957, -0.8145545097930705, 0.5084148272344625
0.3589645959191399, -0.7825221795864411, 0.5087272917112805
0.4366282982682736, -0.7434130165072601, 0.5066486119974355
0.514479902889792, -0.6944352641478294, 0.503060725390528
0.5927767629075569, -0.631221474032144, 0.5001751294072161
0.6650055368386396, -0.5535724540761752, 0.5013234226146168
0.7203768567754978, -0.4754881561779982, 0.5049437568251552
0.7639787188072741, -0.3978909058525219, 0.5079560455880565
0.7993518381711459, -0.31948708593799335, 0.5088856853275198
0.8281885561422224, -0.23809084959803847, 0.5073622599413017
0.8504890242675098, -0.15048449548877854, 0.5040067819166592
0.8640040246463547, -0.05342382982886767, 0.5006425269604227
0.8640040246466885, 0.05342382982452554, 0.50064252696031
0.8504890242700769, 0.15048449547501616, 0.5040067819164367
0.8281885561417405, 0.23809084959962556, 0.5073622599413439
0.7993518381735014, 0.31948708593214514, 0.5088856853274915
0.7639787188053726, 0.3978909058563564, 0.5079560455879124
0.7203768567859405, 0.47548815616222456, 0.5049437568251105
0.665005536833478, 0.5535724540824479, 0.501323422614537
0.5927767629093235, 0.6312214740305216, 0.5001751294071698
0.514479902897697, 0.6944352641422039, 0.5030607253902096
0.43662829826072186, 0.7434130165116538, 0.5066486119974962
0.3589645959150991, 0.7825221795882783, 0.5087272917113057
0.2793122160313201, 0.8145545097928348, 0.5084148272344422
0.19531041025097873, 0.8402293513650351, 0.505834440061456
0.10337689118619979, 0.8585798384646891, 0.50214926003194
0.0, 0.8660254037844423, 0.4999999999999938
0.0, 0.8660254037844423, 0.4999999999999938
-0.10337689120281242, 0.8585798384624865, 0.5021492600322862
-0.19531041027113819, 0.8402293513600714, 0.5058344400619174
-0.2793122160305935, 0.814554509793074, 0.5084148272344583
-0.35896459591914304, 0.7825221795864427, 0.5087272917112758
-0.4366282982682772, 0.7434130165072614, 0.5066486119974302
-0.5144799028897917, 0.6944352641478317, 0.5030607253905254
-0.5927767629075527, 0.6312214740321456, 0.5001751294072194
-0.6650055368386375, 0.5535724540761706, 0.5013234226146247
-0.7203768567754933, 0.4754881561779942, 0.5049437568251653
-0.7639787188072686, 0.3978909058525197, 0.5079560455880663
-0.7993518381711437, 0.31948708593798697, 0.508885685327527
-0.8281885561422214, 0.23809084959803065, 0.5073622599413071
-0.8504890242675088, 0.15048449548877746, 0.5040067819166613
-0.8640040246463542, 0.05342382982886884, 0.5006425269604232
-0.8640040246466885, -0.05342382982452623, 0.5006425269603099
-0.8504890242700762, -0.15048449547501586, 0.5040067819164379
-0.8281885561417377, -0.2380908495996257, 0.5073622599413481
-0.7993518381734973, -0.3194870859321443, 0.5088856853274983
-0.7639787188053674, -0.3978909058563534, 0.5079560455879228
-0.720376856785934, -0.4754881561622212, 0.5049437568251233
-0.6650055368334699, -0.5535724540824443, 0.5013234226145521
-0.5927767629093165, -0.6312214740305159, 0.5001751294071857
-0.5144799028976902, -0.6944352641421985, 0.5030607253902238
-0.43662829826071947, -0.7434130165116476, 0.5066486119975077
-0.35896459591509955, -0.7825221795882739, 0.5087272917113124
-0.27931221603132017, -0.8145545097928333, 0.5084148272344446
-0.19531041025097656, -0.8402293513650355, 0.5058344400614563
-0.10337689118619664, -0.8585798384646898, 0.5021492600319395
-0.0, -0.8660254037844424, 0.49999999999999384
-0.0, -0.8021466764146751, 0.5971270463786503
-0.09735552453897478, -0.7956067819593033, 0.5979395875354822
-0.18270579720106256, -0.7793614575059337, 0.599344900890423
-0.26004885461671673, -0.7562899012084209, 0.6003333894951128
-0.333043478621833, -0.7270057440091936, 0.6004537363736756
-0.40412100205464174, -0.6907233664342343, 0.599656107081476
-0.4756692378911321, -0.6448194395407987, 0.5982864418607194
-0.5486458982364342, -0.5851055667682725, 0.5971927277563878
-0.6170785052798743, -0.5119150560087149, 0.5976262157512423
-0.6691810600593829, -0.439761202326236, 0.5990048361961561
-0.7098591884096211, -0.3686616726029824, 0.6001570659285829
-0.7424522610250711, -0.2968948055081855, 0.6005148745543415
-0.7685910073232293, -0.2221546194712589, 0.5999293195947699
-0.7884689132974626, -0.14120308171372814, 0.5986471936608944
-0.8003728892207453, -0.05053526774756712, 0.5973687512032398
-0.8003728890683869, 0.050535267755818986, 0.597368751406676
-0.7884689128092872, 0.1412030816299929, 0.5986471943236135
-0.7685910060908162, 0.2221546191144047, 0.5999293213058025
-0.7424522616056511, 0.29689480573556554, 0.600514873724119
-0.7098591898475125, 0.36866167336995975, 0.6001570637567255
-0.6691810616492841, 0.43976120339094865, 0.5990048336383286
-0.6170785045456648, 0.5119150553964504, 0.5976262170338036
-0.5486458980182465, 0.5851055665470188, 0.5971927281736138
-0.4756692376880923, 0.6448194392717033, 0.5982864423121715
-0.4041210023676665, 0.6907233669471053, 0.5996561062797634
-0.3330434796252253, 0.7270057461942284, 0.6004537331715869
-0.26004885490226004, 0.7562899020556572, 0.6003333883040888
-0.18270579696721642, 0.7793614564207997, 0.5993449023727693
-0.09735552449384192, 0.7956067815073294, 0.5979395881442182
0.0, 0.8021466764146755, 0.5971270463786494
0.0, 0.8021466764146747, 0.5971270463786507
0.09735552453849664, 0.7956067819593861, 0.5979395875354501
0.18270579720019828, 0.779361457506144, 0.5993449008904127
0.26004885461551813, 0.7562899012088412, 0.6003333894951025
0.3330434786202988, 0.7270057440098938, 0.6004537363736788
0.4041210020527455, 0.690723366435322, 0.5996561070815013
0.47566923788882537, 0.6448194395424657, 0.5982864418607566
0.5486458982336716, 0.5851055667708532, 0.5971927277563973
0.6170785052773423, 0.5119150560118337, 0.5976262157511852
0.6691810600571844, 0.4397612023296806, 0.5990048361960836
0.7098591884076917, 0.3686616726067743, 0.6001570659285358
0.742452261023351, 0.29689480551247055, 0.6005148745543494
0.7685910066912794, 0.22215461929264907, 0.5999293204705234
0.7884689137747809, 0.1412030817927556, 0.5986471930135859
0.8003728890684054, 0.050535267755561185, 0.5973687514066733
0.800372889068827, -0.05053526774954238, 0.5973687514066176
0.7884689129302123, -0.14120308164009504, 0.5986471941619622
0.768591006739668, -0.2221546192946134, 0.5999293204078034
0.7424522620878334, -0.2968948059304271, 0.6005148730316288
0.7098591881493742, -0.36866167246731124, 0.6001570663197394
0.6691810610825565, -0.43976120301801885, 0.5990048345452386
0.6170785052773412, -0.5119150560118405, 0.5976262157511806
0.5486458980200754, -0.585105566545341, 0.5971927281735777
0.4756692379948083, -0.6448194396867641, 0.5982864416209732
0.4041210017337463, -0.6907233658660679, 0.5996561079521858
0.3330434790828911, -0.7270057450125476, 0.6004537349031268
0.2600488549010679, -0.7562899020560773, 0.600333388304076
0.1827057969663535, -0.7793614564210134, 0.5993449023727542
0.09735552449335237, -0.7956067815073936, 0.5979395881442127
-1.2907796403717762e-15, -0.8021466764146755, 0.5971270463786496
-1.095171999454596e-15, -0.6767540871017963, 0.7362091452780347
0.08265144582240015, -0.6722707900478663, 0.7356770509890087
0.1551723085498962, -0.6602831153184889, 0.7348113787119841
0.2209143812928923, -0.641962837974151, 0.7342210503643657
0.28269269305073597, -0.6173387958620394, 0.7341509738598252
0.34233492439579477, -0.5857774321069694, 0.7346234406640523
0.40189892452889725, -0.5455054637168573, 0.7354597497603605
0.4628332030228477, -0.49381001339246877, 0.7361637704023076
0.5213504430834757, -0.43206303565963367, 0.7358771967612842
0.5668619972386125, -0.3720424866368692, 0.7350182747549251
0.6025080252806093, -0.3126520637760929, 0.7343247009933758
0.6304708106053077, -0.2521520915242514, 0.7341157127555791
0.6518852588298428, -0.18871762590172017, 0.7344598470946978
0.6671226039425447, -0.11989136051268012, 0.7352370318362216
0.675570250862223, -0.04291640016053341, 0.7360455276320984
0.6755702510815008, 0.04291640015167064, 0.7360455274313538
0.6671226046574709, 0.11989136063895622, 0.7352370311669371
0.6518852607008178, 0.18871762645235748, 0.7344598452925899
0.6304708113219825, 0.25215209180839315, 0.7341157120424905
0.6025080247001087, 0.3126520634846031, 0.7343247015937793
0.5668619954449435, 0.3720424854793823, 0.7350182767241237
0.5213504442981969, 0.43206303665213114, 0.7358771953179497
0.46283320302771336, 0.49381001338785874, 0.7361637704023407
0.40189892464766797, 0.5455054638580293, 0.7354597495907469
0.3423349238055418, 0.5857774310924689, 0.7346234417480576
0.28269269245300777, 0.6173387945634375, 0.7341509751819656
0.22091438081854625, 0.6419628365981953, 0.7342210517101491
0.1551723089506881, 0.6602831170373646, 0.7348113770828089
0.08265144588625688, 0.6722707905930925, 0.7356770504836001
0.0, 0.6767540871017966, 0.7362091452780343
0.0, 0.676754087101796, 0.7362091452780347
-0.08265144582219988, 0.6722707900478883, 0.7356770509890114
-0.1551723085495252, 0.660283115318564, 0.7348113787119949
-0.22091438129237828, 0.6419628379743191, 0.7342210503643735
-0.2826926930500849, 0.6173387958623308, 0.734150973859831
-0.3423349243949952, 0.5857774321074348, 0.7346234406640539
-0.4018989245279224, 0.5455054637175744, 0.7354597497603615
-0.4628332030216589, 0.4938100133935644, 0.7361637704023198
-0.5213504430823518, 0.4320630356609278, 0.7358771967613205
-0.5668619972376128, 0.37204248663830214, 0.7350182747549706
-0.6025080252797443, 0.31265206377769816, 0.7343247009934019
-0.6304708113164705, 0.2521520918145144, 0.7341157120451218
-0.6518852598512399, 0.18871762620142082, 0.7344598461111281
-0.6671226042496476, 0.11989136056300527, 0.7352370315493635
-0.6755702508623811, 0.042916400157702095, 0.7360455276321183
-0.6755702508627678, -0.04291640015077109, 0.7360455276321676
-0.6671226054797296, -0.11989136078655863, 0.7352370303967859
-0.6518852597757548, -0.18871762617875373, 0.734459846183951
-0.6304708113212544, -0.2521520918102262, 0.7341157120424862
-0.602508024699262, -0.3126520634862073, 0.7343247015937908
-0.5668619954439659, -0.3720424854808287, 0.7350182767241454
-0.5213504442970835, -0.43206303665344503, 0.735877195317967
-0.46283320302653613, -0.49381001338896874, 0.7361637704023363
-0.4018989246466969, -0.5455054638587604, 0.7354597495907353
-0.3423349238047429, -0.5857774310929436, 0.7346234417480515
-0.28269269245235995, -0.6173387945637343, 0.7341509751819654
-0.22091438081804055, -0.6419628365983674, 0.7342210517101506
-0.15517230895031986, -0.660283117037451, 0.7348113770828091
-0.08265144588604849, -0.6722707905931413, 0.7356770504835789
-0.0, -0.6767540871017959, 0.736209145278035
