-2.2560709267376876e-16, -0.16614297813328452, 0.9861016736711297
0.11748082648456605, -0.11748082648456627, 0.9861016736711313
0.1661429781332853, -0.0, 0.9861016736711294
0.11748082648457504, 0.11748082648457452, 0.9861016736711292
1.510554375252097e-17, 0.1661429781332844, 0.9861016736711297
0.0, 0.16614297813328374, 0.9861016736711297
-0.11748082648456888, 0.11748082648458891, 0.9861016736711283
-0.16614297813328488, 2.797527949155258e-14, 0.9861016736711294
-0.11748082648460297, -0.11748082648454394, 0.9861016736711297
-0.0, -0.1661429781332845, 0.9861016736711296
-6.788778110607687e-16, -0.5311681118253918, 0.8472664498136628
0.3755925738217729, -0.3755925738217736, 0.8472664498136768
0.5311681118253904, 8.485972638259895e-17, 0.8472664498136638
0.37559257382178945, 0.3755925738217884, 0.847266449813663
0.0, 0.5311681118253933, 0.847266449813662
0.0, 0.5311681118253928, 0.8472664498136623
-0.37559257382177114, 0.3755925738218315, 0.8472664498136518
-0.5311681118253868, 8.418084857155017e-14, 0.8472664498136661
-0.3755925738218757, -0.37559257382169925, 0.8472664498136642
-0.0, -0.5311681118253925, 0.8472664498136624
-8.862673362585434e-16, -0.7058058638178181, 0.7084053095512369
0.49908011253346163, -0.4990801124801342, 0.708405309551251
0.7058058638178176, 2.4781470989687404e-11, 0.7084053095512373
0.49908011250680706, 0.4990801125068088, 0.7084053095512372
0.0, 0.70580586381782, 0.708405309551235
0.0, 0.705805863817819, 0.7084053095512359
-0.49908011253348716, 0.49908011248015705, 0.7084053095512168
-0.7058058638178227, -2.4783131647197784e-11, 0.7084053095512322
-0.4990801125069252, -0.49908011250669454, 0.7084053095512343
-0.0, -0.7058058638178183, 0.7084053095512367
-1.0329584622566392e-15, -0.8221084670390109, 0.5693308953699664
0.5813184719454111, -0.581318471882909, 0.5693308953699701
0.822108467039015, 2.9052087841631715e-11, 0.5693308953699605
0.5813184719141611, 0.5813184719141665, 0.5693308953699624
0.0, 0.8221084670390122, 0.5693308953699644
0.0, 0.8221084670390116, 0.5693308953699653
-0.5813184719454294, 0.581318471882925, 0.569330895369935
-0.8221084670390287, -2.9053497103807117e-11, 0.5693308953699406
-0.5813184719143021, -0.5813184719140347, 0.5693308953699528
-0.0, -0.822108467039011, 0.5693308953699664
-1.102212902209806e-15, -0.8660254037844348, 0.5000000000000068
0.6123724357320585, -0.6123724356595381, 0.4999999999999906
0.8660254037844385, 3.399362768114293e-11, 0.5000000000000001
0.6123724356957905, 0.6123724356957991, 0.49999999999999944
0.0, 0.8660254037844353, 0.5000000000000058
0.0, 0.8660254037844353, 0.5000000000000058
-0.6123724357320602, 0.6123724356595384, 0.4999999999999885
-0.8660254037844558, -3.3994990492476623e-11, 0.4999999999999704
-0.6123724356959409, -0.6123724356956571, 0.499999999999989
-0.0, -0.8660254037844348, 0.5000000000000068
-1.1186783034197617e-15, -0.866025403784435, 0.5000000000000062
0.6123724357336102, -0.6123724356579825, 0.4999999999999955
0.8660254037844387, 3.55144026160718e-11, 0.49999999999999994
0.6123724356957884, 0.6123724356957998, 0.5000000000000011
0.0, 0.8660254037844354, 0.5000000000000057
0.0, 0.8660254037844354, 0.5000000000000057
-0.6123724357336124, 0.6123724356579846, 0.4999999999999904
-0.8660254037844494, -3.551635759260435e-11, 0.4999999999999816
-0.6123724356959411, -0.6123724356956551, 0.49999999999999134
-0.0, -0.866025403784435, 0.5000000000000062
-1.1359203334588063e-15, -0.8660254037844353, 0.5000000000000057
0.6123724357324811, -0.612372435659108, 0.4999999999999998
0.8660254037844384, 3.450244202863832e-11, 0.5000000000000006
0.612372435695787, 0.6123724356958002, 0.5000000000000021
0.0, 0.8660254037844356, 0.5000000000000052
0.0, 0.8660254037844356, 0.5000000000000052
-0.6123724357324837, 0.6123724356591115, 0.49999999999999273
-0.8660254037844439, -3.450415195332445e-11, 0.499999999999991
-0.6123724356959422, -0.6123724356956523, 0.49999999999999345
-0.0, -0.8660254037844353, 0.5000000000000058
-1.1539952667327924e-15, -0.8660254037844357, 0.500000000000005
0.6123724356957917, -0.6123724356957946, 0.5000000000000033
0.8660254037844385, 1.442494083416069e-16, 0.5000000000000003
0.612372435695786, 0.6123724356958009, 0.5000000000000028
0.0, 0.8660254037844358, 0.5000000000000047
0.0, 0.8660254037844358, 0.5000000000000047
-0.6123724356957434, 0.6123724356958503, 0.49999999999999434
-0.8660254037844395, 1.4309541307488613e-13, 0.4999999999999986
-0.612372435695943, -0.61237243569565, 0.49999999999999506
-0.0, -0.8660254037844357, 0.500000000000005
-1.1729649490619408e-15, -0.8660254037844362, 0.5000000000000042
0.6123724356957916, -0.6123724356957925, 0.500000000000006
0.8660254037844386, -0.0, 0.49999999999999994
0.6123724356957857, 0.6123724356958015, 0.5000000000000024
0.0, 0.8660254037844363, 0.5000000000000041
0.0, 0.8660254037844363, 0.5000000000000041
-0.612372435695742, 0.6123724356958503, 0.499999999999996
-0.866025403784436, 1.454476536836986e-13, 0.5000000000000044
-0.6123724356959446, -0.612372435695647, 0.4999999999999967
-0.0, -0.8660254037844362, 0.5000000000000042
-1.1928975046729142e-15, -0.8660254037844368, 0.5000000000000033
0.6123724356957914, -0.612372435695791, 0.5000000000000079
0.8660254037844392, -2.982243761682461e-16, 0.4999999999999992
0.6123724356957855, 0.6123724356958018, 0.5000000000000021
0.0, 0.8660254037844368, 0.5000000000000033
0.0, 0.8660254037844368, 0.5000000000000033
-0.6123724356957413, 0.6123724356958498, 0.4999999999999976
-0.8660254037844338, 1.4791929057945737e-13, 0.5000000000000084
-0.6123724356959462, -0.6123724356956445, 0.4999999999999978
-0.0, -0.8660254037844368, 0.5000000000000033
-1.2138681536519632e-15, -0.8660254037844374, 0.5000000000000022
0.6123724356957921, -0.6123724356957897, 0.500000000000009
0.8660254037844397, -0.0, 0.49999999999999817
0.6123724356957859, 0.6123724356958024, 0.5000000000000008
0.0, 0.8660254037844373, 0.5000000000000023
0.0, 0.8660254037844373, 0.5000000000000023
-0.6123724356957397, 0.6123724356958502, 0.49999999999999883
-0.8660254037844326, 1.5051965105285756e-13, 0.5000000000000105
-0.6123724356959488, -0.612372435695641, 0.49999999999999895
-0.0, -0.8660254037844374, 0.5000000000000022
-1.2359601605324271e-15, -0.866025403784438, 0.5000000000000011
0.6123724356957928, -0.6123724356957888, 0.5000000000000093
0.8660254037844404, -0.0, 0.49999999999999706
0.6123724356957866, 0.6123724356958027, 0.49999999999999967
0.0, 0.8660254037844379, 0.5000000000000012
0.0, 0.8660254037844379, 0.5000000000000012
-0.6123724356957383, 0.6123724356958506, 0.5
-0.8660254037844323, 1.5387703998629942e-13, 0.5000000000000111
-0.6123724356959522, -0.612372435695637, 0.49999999999999983
-0.0, -0.8660254037844379, 0.5000000000000011
-1.2592659392331872e-15, -0.8660254037844388, 0.49999999999999983
0.6123724356719656, -0.6123724357196163, 0.5000000000000087
0.8660254037844412, 1.5740824240415922e-16, 0.49999999999999567
0.6123724356528082, 0.6123724357387829, 0.49999999999999756
0.0, 0.8660254037844387, 0.5
0.0, 0.8660254037844387, 0.5
-0.612372435669513, 0.6123724357220752, 0.5000000000000012
-0.866025403784433, 1.5614897646492567e-13, 0.5000000000000098
-0.6123724356959553, -0.6123724356956337, 0.5000000000000002
-0.0, -0.8660254037844387, 0.49999999999999983
-1.2838883452629788e-15, -0.8660254037844395, 0.49999999999999856
0.6123724356957957, -0.6123724356957873, 0.5000000000000074
0.8660254037844423, -0.0, 0.49999999999999384
0.6123724356957894, 0.6123724356958039, 0.499999999999995
0.0, 0.8660254037844394, 0.49999999999999867
0.0, 0.8660254037844394, 0.49999999999999867
-0.6123724356653983, 0.6123724357261894, 0.5000000000000018
-0.8660254037844347, 8.204881053465128e-11, 0.5000000000000068
-0.6123724357247988, -0.6123724356667896, 0.5000000000000007
-0.0, -0.8660254037844395, 0.49999999999999856
-1.309942193294489e-15, -0.8660254037844404, 0.49999999999999717
0.6123724356957968, -0.6123724356957881, 0.5000000000000051
0.8660254037844433, -0.0, 0.49999999999999195
0.6123724356957915, 0.6123724356958045, 0.49999999999999184
0.0, 0.8660254037844404, 0.49999999999999717
0.0, 0.8660254037844404, 0.49999999999999717
-0.6123724356957353, 0.6123724356958518, 0.5000000000000024
-0.8660254037844375, 1.6243283196852457e-13, 0.5000000000000019
-0.6123724356959636, -0.6123724356956249, 0.5000000000000008
-0.0, -0.8660254037844404, 0.49999999999999706
-1.3375560473382738e-15, -0.8660254037844414, 0.49999999999999556
0.6123724356957979, -0.612372435695789, 0.5000000000000026
0.8660254037844446, 1.6719450591729613e-16, 0.4999999999999898
0.6123724356957944, 0.6123724356958047, 0.4999999999999879
0.0, 0.8660254037844412, 0.49999999999999556
0.0, 0.8660254037844412, 0.49999999999999556
-0.6123724356957341, 0.6123724356958525, 0.5000000000000029
-0.8660254037844414, 7.240190884016476e-11, 0.49999999999999517
-0.612372435742112, -0.6123724356494767, 0.5000000000000003
-0.0, -0.8660254037844414, 0.49999999999999545
-1.3668743424074387e-15, -0.8660254037844421, 0.4999999999999938
0.6123724356957988, -0.6123724356957915, 0.4999999999999987
0.866025403784446, -0.0, 0.4999999999999871
0.6123724356957972, 0.612372435695805, 0.49999999999998374
0.0, 0.8660254037844423, 0.4999999999999938
0.0, 0.8660254037844423, 0.4999999999999938
-0.6123724356957317, 0.6123724356958545, 0.5000000000000031
-0.8660254037844463, 1.7017585562973386e-13, 0.49999999999998684
-0.6123724356959726, -0.6123724356956165, 0.5
-0.0, -0.8660254037844424, 0.49999999999999384
-1.2907796403717762e-15, -0.8021466764146755, 0.5971270463786496
0.5672033543990738, -0.5672033543990698, 0.5971270463786429
0.8021466764146769, -3.226949100929611e-16, 0.5971270463786477
0.5672033543990688, 0.5672033543990742, 0.5971270463786436
0.0, 0.802146676414675, 0.5971270463786503
0.0, 0.802146676414675, 0.5971270463786503
-0.5672033543990016, 0.5672033543991163, 0.5971270463786674
-0.8021466764146773, 1.6005667540611122e-13, 0.5971270463786472
-0.5672033543992354, -0.5672033543988978, 0.5971270463786527
-0.0, -0.8021466764146755, 0.5971270463786494
-1.095171999454596e-15, -0.6767540871017963, 0.7362091452780347
0.478537404185399, -0.47853740418539603, 0.736209145278027
0.6767540871017931, 2.693909432574083e-16, 0.7362091452780375
0.4785374041853912, 0.4785374041853949, 0.7362091452780328
0.0, 0.6767540871017967, 0.7362091452780343
1.246352455958891e-17, 0.6767540871017957, 0.7362091452780352
-0.478537404185335, 0.47853740418543134, 0.7362091452780456
-0.6767540871017957, 1.3525374193266081e-13, 0.7362091452780353
-0.47853740418553536, -0.47853740418524765, 0.7362091452780346
-0.0, -0.6767540871017963, 0.7362091452780346
