5.684341886080802e-14, 37.960409094372984, -0.09999989999985255
-5.942016950832966, 37.50486396885324, -0.09999989999985255
-11.740006219611796, 36.12863788020888, -0.09999989999985255
-17.245360171734852, 33.8482462315023, -0.09999989999985255
-22.318297613570678, 30.721588182490496, -0.09999989999985255
-26.842058436524763, 26.842066937968262, -0.09999989999985255
-30.721581044195645, 22.318307365205463, -0.09999989999985255
-33.84824084163508, 17.24537075573034, -0.09999989999985255
-36.12863445388287, 11.740016752146644, -0.09999989999985255
-37.504862489633446, 5.94202651764229, -0.09999989999985255
-37.96040909437215, 8.015145263939871e-06, -0.09999989999985255
-37.50486495199353, -5.942010614602753, -0.09999989999985255
-36.128639359024326, -11.740001643628707, -0.09999989999985255
-33.84824769150885, -17.245357317497074, -0.09999989999985255
-30.721589128757298, -22.31829631972288, -0.09999989999985255
-26.842066937923764, -26.842058436568838, -0.09999989999985255
-22.318306071259205, -30.72158199053501, -0.09999989999985255
-17.245367901392463, -33.84824230169379, -0.09999989999985255
-11.740012176063352, -36.128635932731974, -0.09999989999985255
-5.942020181342335, -37.50486347278614, -0.09999989999985255
-7.105427357601002e-15, -37.96040909437297, -0.09999989999985255
4.440892098500626e-16, 37.960409094372984, -0.09999989999985255
5.942020181366621, 37.50486347278243, -0.09999989999985255
11.740012176126893, 36.12863593271144, -0.09999989999985255
17.245367901487413, 33.84824230164523, -0.09999989999985255
22.31830607137468, 30.721581990450524, -0.09999989999985255
26.842066938046507, 26.842058436446067, -0.09999989999985255
30.721589128874925, 22.318296319562034, -0.09999989999985255
33.84824769160005, 17.245357317318735, -0.09999989999985255
36.12863935908329, 11.740001643446195, -0.09999989999985255
37.5048649520235, 5.942010614409908, -0.09999989999985255
37.96040909437216, -8.015320096532719e-06, -0.09999989999985255
37.504862489611554, -5.942026517782867, -0.09999989999985255
36.12863445384806, -11.740016752253712, -0.09999989999985255
33.84824084159323, -17.245370755811326, -0.09999989999985255
30.721581044154274, -22.31830736526106, -0.09999989999985255
26.8420584364882, -26.84206693800394, -0.09999989999985255
22.318297613544726, -30.721588182508803, -0.09999989999985255
17.24536017172643, -33.84824623150618, -0.09999989999985255
11.740006219623837, -36.12863788020476, -0.09999989999985255
5.942016950854632, -37.504863968849726, -0.09999989999985255
-4.440892098500626e-15, -37.96040909437297, -0.09999989999985255
0.0, -36.279618601153, -0.5999998999998526
-5.68363450499829, -35.85913726779585, -0.5999998999998526
-11.23251987638611, -34.56251670881453, -0.5999998999998526
-16.496847138597133, -32.38195612484902, -0.5999998999998526
-21.337357109310894, -29.375135442158626, -0.5999998999998526
-25.65360704492499, -25.65352161848395, -0.5999998999998526
-29.375207201385223, -21.337259878706526, -0.5999998999998526
-32.38200162998602, -16.496758679278464, -0.5999998999998526
-34.562544619564, -11.232432824558217, -0.5999998999998526
-35.859151729348014, -5.6835387130847055, -0.5999998999998526
-36.27961860106945, 8.152349497869693e-05, -0.5999998999998526
-35.8591274140148, 5.683699969546348, -0.5999998999998526
-34.56250134438659, 11.232567768814391, -0.5999998999998526
-32.381940496369964, 16.496877530928288, -0.5999998999998526
-29.375124724864314, 21.33737163756548, -0.5999998999998526
-25.653520252301583, 25.65360841110339, -0.5999998999998526
-21.33727129739132, 29.375198778037426, -0.5999998999998526
-16.496785635105077, 32.381987768740466, -0.5999998999998526
-11.232477850256476, 34.56253019010443, -0.5999998999998526
-5.683603088578398, 35.8591420352657, -0.5999998999998526
4.973799150320701e-14, 36.27961860115301, -0.5999998999998526
-4.440892098500626e-16, 36.27961860115301, -0.5999998999998526
5.683634505004562, 35.859137267794814, -0.5999998999998526
11.232519876404107, 34.56251670880872, -0.5999998999998526
16.49684713862558, 32.38195612483423, -0.5999998999998526
21.33735710934371, 29.37513544213438, -0.5999998999998526
25.653607044954526, 25.653521618454356, -0.5999998999998526
29.375207201410827, 21.337259878671794, -0.5999998999998526
32.38200163000504, 16.496758679241463, -0.5999998999998526
34.56254461957616, 11.23243282452039, -0.5999998999998526
35.859151729353634, 5.683538713047532, -0.5999998999998526
36.27961860106942, -8.152353291368541e-05, -0.5999998999998526
35.85912741400899, -5.683699969584511, -0.5999998999998526
34.56250134437455, -11.232567768851368, -0.5999998999998526
32.381940496351525, -16.496877530963452, -0.5999998999998526
29.375124724840802, -21.33737163759669, -0.5999998999998526
25.653520252277076, -25.653608411127276, -0.5999998999998526
21.337271297371302, -29.375198778051704, -0.5999998999998526
16.496785635092497, -32.38198776874663, -0.5999998999998526
11.232477850250785, -34.56253019010615, -0.5999998999998526
5.683603088575522, -35.85914203526603, -0.5999998999998526
-1.7763568394002505e-15, -36.279618601153, -0.5999998999998526
0.0, -35.33225555189508, -1.0999998999998526
-5.537435215612519, -34.92970470493884, -1.0999998999998526
-10.94503034318583, -33.675845003222115, -1.0999998999998526
-16.07319044037842, -31.551683695087245, -1.0999998999998526
-20.78355809871132, -28.614526077146742, -1.0999998999998526
-24.98374419156665, -24.983610798997343, -1.0999998999998526
-28.614638341974096, -20.783406502781926, -1.0999998999998526
-31.551755828825247, -16.073050558466047, -1.0999998999998526
-33.67588907130006, -10.944892428759221, -1.0999998999998526
-34.929726964872536, -5.537285795364505, -1.0999998999998526
-35.33225555169242, 0.00012698007567557568, -1.0999998999998526
-34.92968953286518, 5.537536975238111, -1.0999998999998526
-33.675821279702056, 10.945104560430458, -1.0999998999998526
-31.551659539657667, 16.073237293229496, -1.0999998999998526
-28.614509702597086, 20.783580203664084, -1.0999998999998526
-24.98360916869828, 24.983745821858058, -1.0999998999998526
-20.783424902508546, 28.614624712272274, -1.0999998999998526
-16.073093312618536, 31.55173378677546, -1.0999998999998526
-10.944963330809092, 33.67586642266724, -1.0999998999998526
-5.537386515671427, 34.92971198940047, -1.0999998999998526
4.973799150320701e-14, 35.332255551895095, -1.0999998999998526
-8.881784197001252e-16, -35.33225555189509, -1.0999998999998526
5.5373865156710185, -34.929711989400445, -1.0999998999998526
10.944963330802077, -33.67586642266937, -1.0999998999998526
16.07309331260176, -31.551733786783867, -1.0999998999998526
20.78342490248213, -28.61462471229143, -1.0999998999998526
24.983609168665282, -24.98374582189056, -1.0999998999998526
28.614509702558095, -20.783580203716195, -1.0999998999998526
31.55165953962669, -16.073237293289047, -1.0999998999998526
33.675821279682594, -10.945104560490876, -1.0999998999998526
34.929689532856905, -5.537536975293257, -1.0999998999998526
35.332255551692384, -0.00012698012555745208, -1.0999998999998526
34.929726964878924, 5.537285795321679, -1.0999998999998526
33.67588907131203, 10.944892428721928, -1.0999998999998526
31.55175582884174, 16.073050558433973, -1.0999998999998526
28.614638341993356, 20.78340650275588, -1.0999998999998526
24.983744191587164, 24.983610798976766, -1.0999998999998526
20.78355809873016, 28.614526077132712, -1.0999998999998526
16.073190440398353, 31.551683695076953, -1.0999998999998526
10.945030343207216, 33.67584500321524, -1.0999998999998526
5.537435215620076, 34.92970470493779, -1.0999998999998526
-8.881784197001252e-16, 35.33225555189509, -1.0999998999998526
0.0, -34.63148514854618, -1.5999998999998526
-5.428865959714786, -34.240849297396146, -1.5999998999998526
-10.731263694318185, -33.01694943734286, -1.5999998999998526
-15.758454585551403, -30.934609063705377, -1.5999998999998526
-20.373252010586228, -28.050648040380008, -1.5999998999998526
-24.488238896672772, -24.488077085289923, -1.5999998999998526
-28.05078443631553, -20.373068275090866, -1.5999998999998526
-30.934697275390846, -15.758283776200066, -1.5999998999998526
-33.01700319942628, -10.731095094628676, -1.5999998999998526
-34.24087608899599, -5.428684703456762, -1.5999998999998526
-34.63148514824745, 0.00015381742571296542, -1.5999998999998526
-34.24083109787139, 5.428989023400974, -1.5999998999998526
-33.01692084839054, 10.731353323339196, -1.5999998999998526
-30.934579920816034, 15.758511026597843, -1.5999998999998526
-28.050628388933582, 20.373278475284298, -1.5999998999998526
-24.48807538423019, 24.488240597722697, -1.5999998999998526
-20.3730908770841, 28.050767653361508, -1.5999998999998526
-15.758335941963207, 30.934670340403226, -1.5999998999998526
-10.731181347616626, 33.01697570245928, -1.5999998999998526
-5.428806900732306, 34.240858059181896, -1.5999998999998526
4.973799150320701e-14, 34.63148514854618, -1.5999998999998526
-8.881784197001252e-16, 34.6314851485462, -1.5999998999998526
5.428865959747677, 34.24084929739137, -1.5999998999998526
10.73126369436945, 33.016949437326524, -1.5999998999998526
15.758454585615187, 30.934609063672383, -1.5999998999998526
20.37325201065675, 28.0506480403276, -1.5999998999998526
24.488238896744456, 24.48807708521818, -1.5999998999998526
28.050784436385324, 20.373068274996776, -1.5999998999998526
30.93469727545124, 15.758283776082969, -1.5999998999998526
33.0170031994698, 10.731095094492028, -1.5999998999998526
34.240876089017924, 5.428684703308254, -1.5999998999998526
34.63148514824742, -0.00015381758303512072, -1.5999998999998526
34.24083109784798, -5.428989023559146, -1.5999998999998526
33.01692084834106, -10.731353323493865, -1.5999998999998526
30.934579920742866, -15.758511026739043, -1.5999998999998526
28.050628388846814, -20.373278475400728, -1.5999998999998526
24.488075384142263, -24.488240597810233, -1.5999998999998526
20.37309087700364, -28.050767653420948, -1.5999998999998526
15.75833594189695, -30.934670340437254, -1.5999998999998526
10.731181347569372, -33.016975702474255, -1.5999998999998526
5.428806900706849, -34.24085805918559, -1.5999998999998526
-8.881784197001252e-16, -34.6314851485462, -1.5999998999998526
4.973799150320701e-14, 34.07447953015792, -2.099999899999853
-5.342124044564466, 33.692126967384134, -2.099999899999853
-10.560258448611478, 32.49052598087185, -2.099999899999853
-15.506930894204693, 30.44155840921227, -2.099999899999853
-20.046364109972465, 27.601469171439213, -2.099999899999853
-24.094205550519916, 24.094385531542308, -2.099999899999853
-27.601317336591677, 20.04656838598708, -2.099999899999853
-30.441459487356582, 15.507122295220379, -2.099999899999853
-32.490466038306344, 10.560446485113292, -2.099999899999853
-33.69209773458314, 5.342322345801726, -2.099999899999853
-34.07447952980048, 0.00016756064834488882, -2.099999899999853
-33.69214654754004, -5.341990806130452, -2.099999899999853
-32.490555896421995, -10.560164409313359, -2.099999899999853
-30.441587768650272, -15.506874077576516, -2.099999899999853
-27.601487477575752, -20.046339487311432, -2.099999899999853
-24.094383700370496, -24.0942073817034, -2.099999899999853
-20.046539606999968, -27.60133873314215, -2.099999899999853
-15.507060877024006, -30.44149122512615, -2.099999899999853
-10.560348912622953, -32.49049712656278, -2.099999899999853
-5.342188344306546, -33.69211746838336, -2.099999899999853
0.0, -34.07447953015791, -2.099999899999853
-1.3322676295501878e-15, 34.07447953015792, -2.099999899999853
5.34218834427817, 33.692117468387536, -2.099999899999853
10.560348912588836, 32.49049712657362, -2.099999899999853
15.507060876994743, 30.44149122514127, -2.099999899999853
20.046539606980346, 27.601338733156688, -2.099999899999853
24.094383700362126, 24.094207381711705, -2.099999899999853
27.60148747757544, 20.04633948731177, -2.099999899999853
30.44158776865504, 15.506874077567177, -2.099999899999853
32.49055589642692, 10.560164409297936, -2.099999899999853
33.69214654754232, 5.3419908061148895, -2.099999899999853
34.07447952980045, -0.0001675606578199762, -2.099999899999853
33.69209773458206, -5.342322345808654, -2.099999899999853
32.490466038305996, -10.560446485114063, -2.099999899999853
30.44145948735795, -15.507122295217323, -2.099999899999853
27.6013173365956, -20.046568385981463, -2.099999899999853
24.094205550524357, -24.09438553153757, -2.099999899999853
20.0463641099746, -27.60146917143737, -2.099999899999853
15.50693089420601, -30.441558409211463, -2.099999899999853
10.56025844861145, -32.49052598087176, -2.099999899999853
5.34212404456293, -33.69212696738431, -2.099999899999853
0.0, -34.07447953015792, -2.099999899999853
4.973799150320701e-14, 33.61781979493005, -2.599999899999853
-5.27069371627226, 33.24110640579563, -2.599999899999853
-10.419165651637371, 32.056282318418006, -2.599999899999853
-15.29964048922845, 30.034734854195978, -2.599999899999853
-19.77795192907159, 27.232041638501233, -2.599999899999853
-23.771297279419613, 23.77147941168321, -2.599999899999853
-27.231887956392747, 19.778158622654452, -2.599999899999853
-30.034634646997805, 15.299834337944004, -2.599999899999853
-32.056221615283214, 10.4193561332441, -2.599999899999853
-33.24107685049976, 5.270894427273545, -2.599999899999853
-33.617819794559644, 0.00016960475410154885, -2.599999899999853
-33.24112620635675, -5.270558835295569, -2.599999899999853
-32.05631260627276, -10.419070419146994, -2.599999899999853
-30.03476460433492, -15.299582928403172, -2.599999899999853
-27.232060204908123, -19.777926964479025, -2.599999899999853
-23.771477593863754, -23.77129909725095, -2.599999899999853
-19.778129532532517, -27.231909591329927, -2.599999899999853
-15.299772209301267, -30.03466675853608, -2.599999899999853
-10.419257401824888, -32.05625306363153, -2.599999899999853
-5.270758812712767, -33.241096799779584, -2.599999899999853
0.0, -33.61781979493005, -2.599999899999853
-8.881784197001252e-16, 33.61781979493006, -2.599999899999853
5.270758812740233, 33.24109679977566, -2.599999899999853
10.419257401861177, 32.056253063619955, -2.599999899999853
15.299772209332863, 30.034666758519734, -2.599999899999853
19.778129532561383, 27.23190959130842, -2.599999899999853
23.771477593891525, 23.771299097223118, -2.599999899999853
27.232060204933312, 19.777926964445108, -2.599999899999853
30.03476460435758, 15.299582928359179, -2.599999899999853
32.05631260628936, 10.419070419094721, -2.599999899999853
33.241126206364726, 5.270558835241302, -2.599999899999853
33.617819794559644, -0.00016960480785321863, -2.599999899999853
33.24107685049184, -5.270894427327218, -2.599999899999853
32.05622161526824, -10.419356133290886, -2.599999899999853
30.034634646976645, -15.299834337984619, -2.599999899999853
27.231887956367938, -19.778158622687528, -2.599999899999853
23.771297279398766, -23.77147941170382, -2.599999899999853
19.777951929054648, -27.232041638513618, -2.599999899999853
15.299640489214397, -30.034734854203133, -2.599999899999853
10.419165651628095, -32.056282318420855, -2.599999899999853
5.270693716269862, -33.24110640579593, -2.599999899999853
0.0, -33.61781979493006, -2.599999899999853
4.973799150320701e-14, 33.23823905040745, -3.099999899999853
-5.210955731546452, 32.86506727934854, -3.099999899999853
-10.300922878074164, 31.692691014254326, -3.099999899999853
-15.12615814607911, 29.694023972367763, -3.099999899999853
-19.554298550743514, 26.923896707782923, -3.099999899999853
-23.502897330092768, 23.503071124113546, -3.099999899999853
-26.923750104711946, 19.554495813720187, -3.099999899999853
-29.69392848896113, 15.126342908978609, -3.099999899999853
-31.692633148257315, 10.301104378084212, -3.099999899999853
-32.865039041208824, 5.211147201165493, -3.099999899999853
-33.238239050065545, 0.00016178502704988773, -3.099999899999853
-32.865086191593704, -5.210827092250364, -3.099999899999853
-31.692719895858886, -10.300832097583406, -3.099999899999853
-29.694052307539707, -15.126103307126993, -3.099999899999853
-26.923914368973175, -19.554274792483408, -3.099999899999853
-23.503069342575074, -23.502899111642517, -3.099999899999853
-19.55446801160124, -26.923770772296013, -3.099999899999853
-15.12628359310873, -29.69395913784016, -3.099999899999853
-10.301010156907612, -31.69266317219587, -3.099999899999853
-5.211017810331481, -32.865058104397306, -3.099999899999853
0.0, -33.23823905040744, -3.099999899999853
-1.3322676295501878e-15, 33.23823905040745, -3.099999899999853
5.211017810312146, 32.86505810440012, -3.099999899999853
10.301010156878862, 31.69266317220501, -3.099999899999853
15.126283593078544, 29.69395913785581, -3.099999899999853
19.554468011572478, 26.923770772317365, -3.099999899999853
23.503069342550496, 23.502899111667062, -3.099999899999853
26.92391436895288, 19.554274792510665, -3.099999899999853
29.694052307523354, 15.12610330715858, -3.099999899999853
31.692719895848334, 10.30083209761661, -3.099999899999853
32.86508619158927, 5.210827092280596, -3.099999899999853
33.23823905006556, -0.0001617850086290673, -3.099999899999853
32.865039041209876, -5.211147201158233, -3.099999899999853
31.692633148256252, -10.301104378087459, -3.099999899999853
29.69392848895557, -15.126342908989184, -3.099999899999853
26.923750104702894, -19.55449581373213, -3.099999899999853
23.502897330081943, -23.503071124124173, -3.099999899999853
19.554298550729442, -26.923896707793226, -3.099999899999853
15.126158146065027, -29.694023972374954, -3.099999899999853
10.300922878063366, -31.692691014257726, -3.099999899999853
5.210955731540253, -32.86506727934941, -3.099999899999853
4.440892098500626e-16, -33.23823905040745, -3.099999899999853
4.973799150320701e-14, 32.92153908865247, -3.599999899999853
-5.160737058437897, 32.550135793647385, -3.599999899999853
-10.201270983812366, 31.386601262659386, -3.599999899999853
-14.980195241101706, 29.407115735678598, -3.599999899999853
-19.367129082774, 26.665688475312376, -3.599999899999853
-23.278965103196143, 23.27912196994105, -3.599999899999853
-26.665556250126187, 19.36730720589108, -3.599999899999853
-29.40702986030467, 14.980361530733756, -3.599999899999853
-31.386549164092123, 10.201434214104673, -3.599999899999853
-32.55011022412426, 5.160909755981964, -3.599999899999853
-32.92153908836968, 0.000145893201719538, -3.599999899999853
-32.55015290308529, -5.160621114568144, -3.599999899999853
-31.386627281031625, -10.201189270981956, -3.599999899999853
-29.407141182835545, -14.980145955607208, -3.599999899999853
-26.665704282056897, -19.36710779459196, -3.599999899999853
-23.27912024644887, -23.278966826698326, -3.599999899999853
-19.367282003981785, -26.66557496311699, -3.599999899999853
-14.980307913549877, -29.40705754440873, -3.599999899999853
-10.201349142607278, -31.38657630030537, -3.599999899999853
-5.160793000923929, -32.55012749305318, -3.599999899999853
0.0, -32.92153908865247, -3.599999899999853
0.0, -32.92153908865247, -3.599999899999853
5.1607370584363, -32.55013579364759, -3.599999899999853
10.201270983807927, -31.386601262660754, -3.599999899999853
14.980195241093847, -29.407115735682574, -3.599999899999853
19.36712908276642, -26.665688475317864, -3.599999899999853
23.278965103189147, -23.279121969947884, -3.599999899999853
26.66555625011929, -19.367307205900197, -3.599999899999853
29.407029860297463, -14.980361530747572, -3.599999899999853
31.386549164086897, -10.201434214120992, -3.599999899999853
32.550110224122044, -5.16090975599695, -3.599999899999853
32.9215390883697, -0.0001458932158202586, -3.599999899999853
32.55015290308715, 5.160621114555707, -3.599999899999853
31.386627281033064, 10.201189270977423, -3.599999899999853
29.407141182831328, 14.98014595561531, -3.599999899999853
26.66570428204134, 19.367107794612846, -3.599999899999853
23.279120246417968, 23.2789668267292, -3.599999899999853
19.36728200393266, 26.665574963153457, -3.599999899999853
14.980307913490934, 29.407057544439276, -3.599999899999853
10.201349142548155, 31.38657630032424, -3.599999899999853
5.160793000892626, 32.550127493057765, -3.599999899999853
-8.881784197001252e-16, 32.92153908865247, -3.599999899999853
0.0, -32.63286395405765, -4.099999899999853
-5.114802668490407, -32.2624084654438, -4.099999899999853
-10.109955766745056, -31.10607650517365, -4.099999899999853
-14.84657506152285, -29.144096844000686, -4.099999899999853
-19.196339448725986, -26.429617708742782, -4.099999899999853
-23.074984535356315, -23.07485424738569, -4.099999899999853
-26.42972748681005, -19.196191426927957, -4.099999899999853
-29.144167329560087, -14.846438448727486, -4.099999899999853
-31.10611953296002, -10.109821007064747, -4.099999899999853
-32.26243016765894, -5.114656581023276, -4.099999899999853
-32.632863953850006, 0.00012386905603989362, -4.099999899999853
-32.26239380050079, 5.114901667593901, -4.099999899999853
-31.106053458647953, 10.110027921487143, -4.099999899999853
-29.14407336221533, 14.846620582813893, -4.099999899999853
-26.429601809624575, 19.196360893156438, -4.099999899999853
-23.074852712753458, 23.074986069980856, -4.099999899999853
-19.19620938464367, 26.429714172935043, -4.099999899999853
-14.846480112275506, 29.14414583802525, -4.099999899999853
-10.109890217512113, 31.10609747377621, -4.099999899999853
-5.114754982628481, 32.26241557774238, -4.099999899999853
4.973799150320701e-14, 32.63286395405765, -4.099999899999853
-4.440892098500626e-16, 32.63286395405765, -4.099999899999853
5.114802668487923, 32.26240846544422, -4.099999899999853
10.109955766743216, 31.106076505174244, -4.099999899999853
14.846575061521632, 29.144096844001368, -4.099999899999853
19.19633944872817, 26.42961770874115, -4.099999899999853
23.074984535365942, 23.07485424737606, -4.099999899999853
26.429727486821996, 19.196191426911827, -4.099999899999853
29.14416732957413, 14.846438448700253, -4.099999899999853
31.10611953297149, 10.109821007028822, -4.099999899999853
32.26243016766494, 5.11465658098332, -4.099999899999853
32.63286395385005, -0.00012386909557360326, -4.099999899999853
32.262393800495815, -5.114901667627599, -4.099999899999853
31.106053458639618, -10.110027921513193, -4.099999899999853
29.14407336220594, -14.846620582831937, -4.099999899999853
26.429601809614226, -19.196360893170233, -4.099999899999853
23.0748527127451, -23.074986069989073, -4.099999899999853
19.196209384637083, -26.429714172939807, -4.099999899999853
14.846480112268402, -29.14414583802887, -4.099999899999853
10.109890217505319, -31.106097473778316, -4.099999899999853
5.114754982623554, -32.26241557774307, -4.099999899999853
4.440892098500626e-16, -32.63286395405765, -4.099999899999853
0.0, -32.34418881946283, -4.599999899999853
-5.068811893742246, -31.974681782170972, -4.599999899999853
-10.018562755936394, -30.825574392257842, -4.599999899999853
-14.712843374429712, -28.881133171186953, -4.599999899999853
-19.025394500416024, -26.193652693080967, -4.599999899999853
-22.87085114636521, -22.87073934595351, -4.599999899999853
-26.1937468053603, -19.025267412645697, -4.599999899999853
-28.88119333862078, -14.71272665251513, -4.599999899999853
-30.825611176358098, -10.018447699469867, -4.599999899999853
-31.974700499159404, -5.0686865222784, -4.599999899999853
-32.344188819306744, 0.00010640116351368079, -4.599999899999853
-31.974669108870525, 5.0688970279048515, -4.599999899999853
-30.825554525267677, 10.018624872643038, -4.599999899999853
-28.88111293739742, 14.712882636801764, -4.599999899999853
-26.193638935712197, 19.02541308447075, -4.599999899999853
-22.87073787866534, 22.87085261364695, -4.599999899999853
-19.02528266116538, 26.193735517331056, -4.599999899999853
-14.712762225716759, 28.88117500623293, -4.599999899999853
-10.018506953759083, 30.825592271776255, -4.599999899999853
-5.068770956252163, 31.974687919863594, -4.599999899999853
4.263256414560601e-14, 32.34418881946283, -4.599999899999853
4.440892098500626e-16, -32.34418881946282, -4.599999899999853
5.068770956249355, -31.97468791986399, -4.599999899999853
10.01850695375284, -30.825592271778238, -4.599999899999853
14.71276222570755, -28.881175006237598, -4.599999899999853
19.025282661153156, -26.193735517339977, -4.599999899999853
22.870737878647233, -22.870852613664923, -4.599999899999853
26.193638935693084, -19.02541308449642, -4.599999899999853
28.881112937377004, -14.712882636841151, -4.599999899999853
30.82555452525072, -10.01862487269608, -4.599999899999853
31.974669108860887, -5.068897027969766, -4.599999899999853
32.344188819306815, -0.00010640123958705061, -4.599999899999853
31.974700499171473, 5.068686522197968, -4.599999899999853
30.825611176382345, 10.018447699394075, -4.599999899999853
28.88119333865271, 14.71272665245323, -4.599999899999853
26.193746805393673, 19.025267412600606, -4.599999899999853
22.870851146398522, 22.87073934592019, -4.599999899999853
19.025394500443593, 26.19365269306056, -4.599999899999853
14.712843374450962, 28.881133171175957, -4.599999899999853
10.018562755950477, 30.82557439225332, -4.599999899999853
5.068811893755866, 31.974681782168933, -4.599999899999853
-8.881784197001252e-16, 32.344188819462836, -4.599999899999853
0.0, -32.05551368486801, -5.099999899999853
-5.022820145542646, -31.686947304472536, -5.099999899999853
-9.927169143577554, -30.54507022035201, -5.099999899999853
-14.579111523153621, -28.618167160186196, -5.099999899999853
-18.854445452983818, -25.9576809170454, -5.099999899999853
-22.6667183311088, -22.666623870779265, -5.099999899999853
-25.957760357271717, -18.854338016016733, -5.099999899999853
-28.618217746360315, -14.57901329770333, -5.099999899999853
-30.545101193640996, -9.927072387691101, -5.099999899999853
-31.68696319964135, -5.022714205545297, -5.099999899999853
-32.05551368475416, 9.001457315793715e-05, -5.099999899999853
-31.686936513526714, 5.022892275900842, -5.099999899999853
-30.545053342456498, 9.927221842760149, -5.099999899999853
-28.618149972602087, 14.579144906980474, -5.099999899999853
-25.9576691714072, 18.8544613442365, -5.099999899999853
-22.66662247537651, 22.666719726506308, -5.099999899999853
-18.854350733391264, 25.957750957612014, -5.099999899999853
-14.579043172409268, 28.61820236557714, -5.099999899999853
-9.927122313443258, 30.5450852504041, -5.099999899999853
-5.022785531365418, 31.68695252188484, -5.099999899999853
4.263256414560601e-14, 32.05551368486801, -5.099999899999853
-8.881784197001252e-16, 32.05551368486801, -5.099999899999853
5.022820145515919, 31.686947304476558, -5.099999899999853
9.92716914353242, 30.545070220366455, -5.099999899999853
14.579111523088711, 28.618167160219667, -5.099999899999853
18.85444545291105, 25.957680917099207, -5.099999899999853
22.66671833103734, 22.666623870850735, -5.099999899999853
25.957760357205707, 18.854338016106063, -5.099999899999853
28.618217746305596, 14.579013297809635, -5.099999899999853
30.545101193602832, 9.92707238781047, -5.099999899999853
31.686963199622497, 5.0227142056715905, -5.099999899999853
32.05551368475425, -9.001445032197353e-05, -5.099999899999853
31.686936513544712, -5.022892275781233, -5.099999899999853
30.54505334249313, -9.927221842645915, -5.099999899999853
28.618149972654543, -14.579144906878453, -5.099999899999853
25.957669171467973, -18.85446134415414, -5.099999899999853
22.66662247543482, -22.66671972644786, -5.099999899999853
18.854350733437915, -25.95775095757741, -5.099999899999853
14.579043172444853, -28.618202365558748, -5.099999899999853
9.927122313467637, -30.545085250396244, -5.099999899999853
5.022785531376606, -31.686952521883125, -5.099999899999853
4.440892098500626e-16, -32.05551368486801, -5.099999899999853
0.0, -31.766838550273185, -5.599999899999853
-4.976827381704287, -31.399204813281532, -5.599999899999853
-9.835774907919697, -30.264563945390567, -5.599999899999853
-14.445379501394486, -28.355198760682697, -5.599999899999853
-18.683492190247176, -25.721702191204965, -5.599999899999853
-22.462586095940907, -22.462507815509888, -5.599999899999853
-25.72176796167433, -18.683403104796607, -5.599999899999853
-28.355240508814667, -14.44529836227824, -5.599999899999853
-30.264589546882124, -9.83569503554548, -5.599999899999853
-31.399218054246955, -4.976739574938479, -5.599999899999853
-31.766838550193235, 7.472127647023541e-05, -5.599999899999853
-31.399195792537924, 4.9768873789449435, -5.599999899999853
-30.264549863333983, 9.835818816871733, -5.599999899999853
-28.35518441564813, 14.44540739156201, -5.599999899999853
-25.721692326101937, 18.683505558440515, -5.599999899999853
-22.46250649652319, 22.462587414923423, -5.599999899999853
-18.683413471226476, 25.72176031178914, -5.599999899999853
-14.445322934813795, 28.355227870266166, -5.599999899999853
-9.835736266982614, 30.264576368945868, -5.599999899999853
-4.976798661157516, 31.399209166156243, -5.599999899999853
4.618527782440651e-14, 31.766838550273185, -5.599999899999853
-4.440892098500626e-16, 31.7668385502732, -5.599999899999853
4.976827381718444, 31.39920481327943, -5.599999899999853
9.835774907953903, 30.264563945379585, -5.599999899999853
14.445379501451674, 28.35519876065337, -5.599999899999853
18.683492190322557, 25.721702191149365, -5.599999899999853
22.462586096032382, 22.46250781541843, -5.599999899999853
25.721767961770254, 18.683403104666656, -5.599999899999853
28.3552405089031, 14.445298362106367, -5.599999899999853
30.264589546948557, 9.835695035338444, -5.599999899999853
31.3992180542813, 4.976739574711361, -5.599999899999853
31.766838550193327, -7.472150560072777e-05, -5.599999899999853
31.39919579250383, -4.976887379171594, -5.599999899999853
30.264549863265877, -9.83581881708421, -5.599999899999853
28.355184415552745, -14.445407391747406, -5.599999899999853
25.72169232599123, -18.683505558590408, -5.599999899999853
22.46250649641113, -22.462587415035348, -5.599999899999853
18.683413471123455, -25.721760311865044, -5.599999899999853
14.44532293472799, -28.355227870310213, -5.599999899999853
9.835736266921499, -30.264576368965404, -5.599999899999853
4.976798661125344, -31.39920916616106, -5.599999899999853
4.440892098500626e-16, -31.766838550273185, -5.599999899999853
0.0, -31.478163415678377, -6.099999899999853
-4.9308335580648075, -31.111454081398687, -6.099999899999853
-9.744380026411644, -29.984055522039565, -6.099999899999853
-14.31164730280722, -28.092227920801157, -6.099999899999853
-18.512534592072562, -25.48571631879476, -6.099999899999853
-22.25845444752426, -22.258391173483385, -6.099999899999853
-25.485769430752164, -18.512462541995944, -6.099999899999853
-28.092261580784058, -14.311581823392117, -6.099999899999853
-29.984076197212104, -9.744315605253828, -6.099999899999853
-31.11146484025297, -4.930762571673678, -6.099999899999853
-31.478163415624884, 6.053411903383932e-05, -6.099999899999853
-31.111446715643872, 4.930882303149273, -6.099999899999853
-29.984044039491714, 9.744415779919782, -6.099999899999853
-28.09221621252879, 14.311670089273493, -6.099999899999853
-25.485708201627965, 18.51254560946149, -6.099999899999853
-22.258389935317815, 22.25845568568661, -6.099999899999853
-18.512470739941808, 25.48576339087355, -6.099999899999853
-14.311601494894793, 28.092251473121546, -6.099999899999853
-9.744348783744933, 29.984065585538506, -6.099999899999853
-4.9308102966467215, 31.1114576269679, -6.099999899999853
4.263256414560601e-14, 31.478163415678377, -6.099999899999853
-4.440892098500626e-16, 31.478163415678377, -6.099999899999853
4.930833558052901, 31.111454081400456, -6.099999899999853
9.744380026377868, 29.984055522050383, -6.099999899999853
14.311647302769149, 28.092227920820775, -6.099999899999853
18.51253459203235, 25.485716318824434, -6.099999899999853
22.258454447484905, 22.258391173522778, -6.099999899999853
25.485769430713603, 18.512462542048336, -6.099999899999853
28.092261580748673, 14.311581823461083, -6.099999899999853
29.984076197184542, 9.744315605339835, -6.099999899999853
31.111464840238185, 4.930762571771901, -6.099999899999853
31.478163415624984, -6.053401412753345e-05, -6.099999899999853
31.11144671566043, -4.930882303040578, -6.099999899999853
29.98404403952628, -9.744415779812263, -6.099999899999853
28.092216212578663, -14.311670089176411, -6.099999899999853
25.48570820168609, -18.512545609382478, -6.099999899999853
22.258389935374964, -22.25845568562933, -6.099999899999853
18.512470739992054, -25.485763390836407, -6.099999899999853
14.311601494935793, -28.092251473100443, -6.099999899999853
9.744348783772814, -29.984065585529486, -6.099999899999853
4.930810296660635, -31.111457626965755, -6.099999899999853
8.881784197001252e-16, -31.478163415678377, -6.099999899999853
0.0, -31.189488281083555, -6.599999899999853
-4.884838759430602, -30.82369485314978, -6.599999899999853
-9.652984728290535, -29.703544822403742, -6.599999899999853
-14.177914708243804, -27.82925474094478, -6.599999899999853
-18.341571418339882, -25.249723940555594, -6.599999899999853
-22.054322184034405, -22.054275146527413, -6.599999899999853
-25.249763343535218, -18.34151781929907, -6.599999899999853
-27.829280067572324, -14.177865309799923, -6.599999899999853
-29.70356048593968, -9.652936111441413, -6.599999899999853
-30.82370288710163, -4.884786149540652, -6.599999899999853
-31.189488281054288, 4.4347287690094106e-05, -6.599999899999853
-30.823689508793013, 4.884873832377769, -6.599999899999853
-29.703536675766774, 9.653010058809471, -6.599999899999853
-27.829246640360303, 14.177930489509603, -6.599999899999853
-25.24971868526456, 18.341578563107173, -6.599999899999853
-22.054275146584857, 22.054322183977035, -6.599999899999853
-18.341524964214987, 25.24975808815794, -6.599999899999853
-14.177881091197031, 27.82927196695542, -6.599999899999853
-9.65296144213538, 29.703552339291377, -6.599999899999853
-4.884821222561959, 30.82369754279361, -6.599999899999853
4.263256414560601e-14, 31.189488281083555, -6.599999899999853
-8.881784197001252e-16, 31.189488281083555, -6.599999899999853
4.884838759449711, 30.823694853146765, -6.599999899999853
9.652984728310473, 29.703544822397333, -6.599999899999853
14.177914708278955, 27.82925474092675, -6.599999899999853
18.341571418386625, 25.24972394052125, -6.599999899999853
22.054322184087297, 22.054275146474556, -6.599999899999853
25.24976334358358, 18.34151781923322, -6.599999899999853
27.82928006761302, 14.17786530972073, -6.599999899999853
29.703560485975487, 9.652936111330398, -6.599999899999853
30.823702887123464, 4.884786149398096, -6.599999899999853
31.1894882810544, -4.434746284509572e-05, -6.599999899999853
30.823689508762833, -4.884873832576635, -6.599999899999853
29.70353667570656, -9.65301005899685, -6.599999899999853
27.82924664027806, -14.177930489669826, -6.599999899999853
25.24971868516714, -18.3415785632395, -6.599999899999853
22.054275146482517, -22.05432218407927, -6.599999899999853
18.341524964108242, -25.24975808823625, -6.599999899999853
14.17788109109971, -27.82927196700529, -6.599999899999853
9.65296144206538, -29.703552339313855, -6.599999899999853
4.884821222523335, -30.82369754279946, -6.599999899999853
8.881784197001252e-16, -31.189488281083555, -6.599999899999853
0.0, -30.900813146488737, -7.099999899999853
-4.838842775337498, -30.53592690842927, -7.099999899999853
-9.56158867755786, -29.423031898526958, -7.099999899999853
-14.044182524505509, -27.566278656408663, -7.099999899999853
-18.17060539589048, -25.013722693644063, -7.099999899999853
-21.850192274964716, -21.850156765142994, -7.099999899999853
-25.013752406237643, -18.170564906909718, -7.099999899999853
-27.566297973078353, -14.044144800787203, -7.099999899999853
-29.423043887905106, -9.56155153059265, -7.099999899999853
-30.535933007516057, -4.838803063209619, -7.099999899999853
-30.90081314647173, 3.347895687078051e-05, -7.099999899999853
-30.53592285256447, 4.838869249614205, -7.099999899999853
-29.423025740402437, 9.561607797700045, -7.099999899999853
-27.566272546035265, 14.044194440795756, -7.099999899999853
-25.013718730588995, 18.170610792895044, -7.099999899999853
-21.850156765144114, 21.850192274963675, -7.099999899999853
-18.170570303927892, 25.01374844318582, -7.099999899999853
-14.044156717093177, 27.56629186271688, -7.099999899999853
-9.56157065078622, 29.423037729789826, -7.099999899999853
-4.838829537503084, 30.535928951683214, -7.099999899999853
4.263256414560601e-14, 30.900813146488737, -7.099999899999853
-4.440892098500626e-16, 30.900813146488733, -7.099999899999853
4.838842775360408, 30.535926908425797, -7.099999899999853
9.561588677599849, 29.423031898513425, -7.099999899999853
14.044182524563881, 27.566278656378763, -7.099999899999853
18.170605395960813, 25.013722693592463, -7.099999899999853
21.85019227504413, 21.85015676506363, -7.099999899999853
25.01375240631466, 18.17056490680476, -7.099999899999853
27.566297973141392, 14.044144800664352, -7.099999899999853
29.423043887950993, 9.561551530450469, -7.099999899999853
30.535933007540567, 4.838803063050384, -7.099999899999853
30.900813146471847, -3.3479126745561416e-05, -7.099999899999853
30.535922852536967, -4.838869249794707, -7.099999899999853
29.423025740349107, -9.561607797865806, -7.099999899999853
27.566272545970087, -14.044194440922857, -7.099999899999853
25.013718730523447, -18.17061079298422, -7.099999899999853
21.85015676508983, -21.850192275017847, -7.099999899999853
18.170570303886937, -25.013748443215725, -7.099999899999853
14.044156717053498, -27.566291862737142, -7.099999899999853
9.561570650757286, -29.42303772979908, -7.099999899999853
4.838829537486627, -30.535928951685698, -7.099999899999853
8.881784197001252e-16, -30.900813146488733, -7.099999899999853
0.0, -30.61213801189393, -7.599999899999853
-4.792844583583416, -30.248150144342898, -7.599999899999853
-9.470190852028994, -29.142517021979398, -7.599999899999853
-13.910449234201522, -27.30330043205765, -7.599999899999853
-17.999633934193376, -24.77771419014616, -7.599999899999853
-21.64606243222088, -21.646038317430136, -7.599999899999853
-24.777734343701162, -17.999606419156017, -7.599999899999853
-27.303313810736388, -13.91042306959106, -7.599999899999853
-29.142525349522302, -9.470165104768796, -7.599999899999853
-30.248154306602366, -4.79281763986436, -7.599999899999853
-30.612138011885275, 2.3661752857506713e-05, -7.599999899999853
-30.248147088599225, 4.792864412586582, -7.599999899999853
-29.14251225032569, 9.470205647911119, -7.599999899999853
-27.30329548411874, 13.910458893650238, -7.599999899999853
-24.777710572706965, 17.999638868998865, -7.599999899999853
-21.646037338521563, 21.646063411128456, -7.599999899999853
-17.99960912091243, 24.777732363194257, -7.599999899999853
-13.910430264771183, 27.30331012509871, -7.599999899999853
-9.47017743047007, 29.142521373877926, -7.599999899999853
-4.7928355124697495, 30.248151527915653, -7.599999899999853
4.263256414560601e-14, 30.61213801189393, -7.599999899999853
-8.881784197001252e-16, 30.612138011893926, -7.599999899999853
4.792844583581477, 30.24815014434319, -7.599999899999853
9.470190852026487, 29.142517021980225, -7.599999899999853
13.910449234196758, 27.30330043206011, -7.599999899999853
17.999633934185727, 24.77771419015182, -7.599999899999853
21.646062432210915, 21.64603831744017, -7.599999899999853
24.777734343697226, 17.999606419161545, -7.599999899999853
27.30331381075109, 13.910423069562507, -7.599999899999853
29.142525349539568, 9.47016510471559, -7.599999899999853
30.248154306614637, 4.792817639785428, -7.599999899999853
30.612138011885392, -2.3661854037015928e-05, -7.599999899999853
30.248147088578772, -4.792864412719567, -7.599999899999853
29.1425122502797, -9.470205648053913, -7.599999899999853
27.303295484057617, -13.910458893769574, -7.599999899999853
24.777710572636835, -17.999638869094476, -7.599999899999853
21.646037338448306, -21.64606341120161, -7.599999899999853
17.99960912083632, -24.777732363249935, -7.599999899999853
13.910430264694048, -27.303310125138157, -7.599999899999853
9.47017743040799, -29.14252137389787, -7.599999899999853
4.792835512430097, -30.2481515279217, -7.599999899999853
8.881784197001252e-16, -30.612138011893926, -7.599999899999853
0.0, -30.32346287729911, -8.099999899999853
-4.746846125960712, -29.96036398860653, -8.099999899999853
-9.37879337120578, -28.861999451739642, -8.099999899999853
-13.77671672051347, -27.04031904068046, -8.099999899999853
-17.828658251232305, -24.541697175326593, -8.099999899999853
-21.441933033006254, -21.441919426185194, -8.099999899999853
-24.541708552350237, -17.82864272890164, -8.099999899999853
-27.04032713710295, -13.776700857600016, -8.099999899999853
-28.862004549147077, -9.378777650152118, -8.099999899999853
-29.96036633068206, -4.746830908487151, -8.099999899999853
-30.323462877296535, 1.2828651872354158e-05, -8.099999899999853
-29.960362417674535, 4.746856267969298, -8.099999899999853
-28.861997085757594, 9.378800695781324, -8.099999899999853
-27.040316703163267, 13.776721288707439, -8.099999899999853
-24.54169566013017, 17.82866032184667, -8.099999899999853
-21.44191942614618, 21.441933033045345, -8.099999899999853
-17.828644799422772, 24.541707037223244, -8.099999899999853
-13.77670542568162, 27.040324799646296, -8.099999899999853
-9.378784974623185, 28.862002183202762, -8.099999899999853
-4.746841050400045, 29.960364759767735, -8.099999899999853
4.263256414560601e-14, 30.323462877299104, -8.099999899999853
-4.440892098500626e-16, 30.323462877299107, -8.099999899999853
4.746846125957704, 29.960363988606982, -8.099999899999853
9.378793371187598, 28.861999451745525, -8.099999899999853
13.77671672048827, 27.040319040693376, -8.099999899999853
17.828658251200988, 24.541697175349572, -8.099999899999853
21.441933032962297, 21.44191942622922, -8.099999899999853
24.541708552295223, 17.82864272897689, -8.099999899999853
27.040327137048212, 13.776700857707116, -8.099999899999853
28.862004549109244, 9.378777650269521, -8.099999899999853
29.960366330662723, 4.746830908612796, -8.099999899999853
30.32346287729665, -1.282850375350364e-05, -8.099999899999853
29.96036241769998, -4.746856267805597, -8.099999899999853
28.861997085806614, -9.378800695629796, -8.099999899999853
27.040316703236407, -13.77672128856453, -8.099999899999853
24.54169566022396, -17.828660321718406, -8.099999899999853
21.44191942625174, -21.441933032939705, -8.099999899999853
17.828644799536555, -24.54170703713987, -8.099999899999853
13.776705425805108, -27.040324799583033, -8.099999899999853
9.378784974725447, -28.86200218316969, -8.099999899999853
4.746841050467958, -29.96036475975721, -8.099999899999853
8.881784197001252e-16, -30.323462877299107, -8.099999899999853
0.0, -30.03478774270429, -8.599999899999853
-4.700847326207011, -29.672568161004378, -8.599999899999853
-9.287397112044566, -28.581478840633622, -8.599999899999853
-13.642987025344029, -26.77733337611801, -8.599999899999853
-17.657681542804, -24.305669045819688, -8.599999899999853
-21.237808576585405, -21.237795592142334, -8.599999899999853
-24.305679877116038, -17.65766671463393, -8.599999899999853
-26.777342046465854, -13.642970031813563, -8.599999899999853
-28.581484349207326, -9.287380129698132, -8.599999899999853
-29.672570421972633, -4.700832811033647, -8.599999899999853
-30.03478774270191, 1.2241843430516042e-05, -8.599999899999853
-29.67256665368729, 4.700857002995218, -8.599999899999853
-28.581476579837506, 9.287404100532335, -8.599999899999853
-26.777331147475252, 13.64299138546783, -8.599999899999853
-24.305667601693226, 17.65768351982858, -8.599999899999853
-21.237795592197806, 21.237808576529996, -8.599999899999853
-17.65766869178366, 24.3056784328999, -8.599999899999853
-13.642974392047067, 26.77733981777022, -8.599999899999853
-9.287387118262725, 28.581482088390665, -8.599999899999853
-4.7008424878484725, 29.672568914656214, -8.599999899999853
4.263256414560601e-14, 30.034787742704303, -8.599999899999853
-8.881784197001252e-16, 30.034787742704303, -8.599999899999853
4.700847326219931, 29.672568161002367, -8.599999899999853
9.287397112054192, 28.581478840630503, -8.599999899999853
13.642987025362215, 26.777333376108732, -8.599999899999853
17.65768154283159, 24.305669045799604, -8.599999899999853
21.23780857662295, 21.237795592104856, -8.599999899999853
24.30567987715721, 17.657666714577648, -8.599999899999853
26.777342046490332, 13.642970031765788, -8.599999899999853
28.5814843492149, 9.287380129675014, -8.599999899999853
29.672570421969628, 4.700832811053446, -8.599999899999853
30.034787742702015, -1.2241802404666657e-05, -8.599999899999853
29.672566653695803, -4.700857002941099, -8.599999899999853
28.581476579849937, -9.287404100494172, -8.599999899999853
26.7773311474876, -13.642991385443674, -8.599999899999853
24.30566760169683, -17.65768351982361, -8.599999899999853
21.237795592200097, -21.23780857652763, -8.599999899999853
17.657668691784185, -24.305678432899427, -8.599999899999853
13.642974392045527, -26.777339817770965, -8.599999899999853
9.287387118259979, -28.581482088391486, -8.599999899999853
4.700842487849057, -29.67256891465608, -8.599999899999853
8.881784197001252e-16, -30.03478774270429, -8.599999899999853
0.0, -29.74611260810948, -9.099999899999853
-4.654850265863522, -29.384762044671696, -9.099999899999853
-9.196006797088737, -28.300953599355104, -9.099999899999853
-13.509266427167526, -26.514340172394377, -9.099999899999853
-17.48670992326722, -24.06962494113085, -9.099999899999853
-21.033692995080614, -21.033662883174596, -9.099999899999853
-24.069651565484758, -17.48667340618047, -9.099999899999853
-26.514362070634704, -13.509223531526334, -9.099999899999853
-28.300967571709045, -9.195963681655098, -9.099999899999853
-29.384767721714947, -4.654814032430716, -9.099999899999853
-29.746112608096208, 2.8389785605931195e-05, -9.099999899999853
-29.384758529572487, 4.6548727040077935, -9.099999899999853
-28.300948349167793, 9.196023001669671, -9.099999899999853
-26.514335008424297, 13.509276541041546, -9.099999899999853
-24.06962159596044, 17.4867145112068, -9.099999899999853
-21.033662883154175, 21.033692995101102, -9.099999899999853
-17.486677994095825, 24.069648220342074, -9.099999899999853
-13.509233645387956, 26.514356906691376, -9.099999899999853
-9.195979886221387, 28.300962321553477, -9.099999899999853
-4.654836470538724, 29.384764206648075, -9.099999899999853
4.263256414560601e-14, 29.746112608109478, -9.099999899999853
-8.881784197001252e-16, 29.74611260810948, -9.099999899999853
4.654850265855579, 29.384762044672947, -9.099999899999853
9.196006797090437, 28.300953599354585, -9.099999899999853
13.509266427182874, 26.514340172386564, -9.099999899999853
17.486709923290835, 24.069624941113776, -9.099999899999853
21.033692995104474, 21.033662883150814, -9.099999899999853
24.06965156550223, 17.486673406156584, -9.099999899999853
26.51436207064825, 13.509223531499908, -9.099999899999853
28.30096757171836, 9.1959636816266, -9.099999899999853
29.384767721719328, 4.654814032403001, -9.099999899999853
29.746112608096315, -2.8389806183248822e-05, -9.099999899999853
29.384758529570416, -4.65487270402156, -9.099999899999853
28.300948349166784, -9.196023001673002, -9.099999899999853
26.514335008428468, -13.509276541033477, -9.099999899999853
24.069621595970553, -17.486714511192854, -9.099999899999853
21.03366288316689, -21.03369299508832, -9.099999899999853
17.486677994101893, -24.069648220337566, -9.099999899999853
13.5092336453906, -26.51435690668995, -9.099999899999853
9.195979886223391, -28.300962321552763, -9.099999899999853
4.654836470540807, -29.38476420664772, -9.099999899999853
8.881784197001252e-16, -29.746112608109474, -9.099999899999853
0.0, -29.457437473514663, -9.599999899999853
-4.6088455813305735, -29.096946828728314, -9.599999899999853
-9.104598874208882, -28.020431307040823, -9.599999899999853
-13.375524723136156, -26.251354810335027, -9.599999899999853
-17.31571151959755, -23.83358773921831, -9.599999899999853
-20.82955856103764, -20.82954899626341, -9.599999899999853
-23.833595698697767, -17.315700582694777, -9.599999899999853
-26.25136095596604, -13.375512673201733, -9.599999899999853
-28.020435482013447, -9.10458600800163, -9.599999899999853
-29.096948671355353, -4.6088336844928595, -9.599999899999853
-29.457437451947143, 7.562389599535813e-06, -9.599999899999853
-29.096946317255167, 4.608848624920061, -9.599999899999853
-28.02043081377473, 9.104600394328838, -9.599999899999853
-26.251354084239015, 13.375526146815, -9.599999899999853
-23.83358679881925, 17.31571281177354, -9.599999899999853
-20.829547866198737, 20.82955969110178, -9.599999899999853
-17.31569929048952, 23.833596639117186, -9.599999899999853
-13.375511249459732, 26.251361682093385, -9.599999899999853
-9.104584487780611, 28.020435975311514, -9.599999899999853
-4.608833621116733, 29.096948698309678, -9.599999899999853
3.907985046680551e-14, 29.457437473514663, -9.599999899999853
-4.440892098500626e-16, 29.45743747351466, -9.599999899999853
4.608845581344507, 29.096946828726114, -9.599999899999853
9.104598874236281, 28.020431307031938, -9.599999899999853
13.375524723174475, 26.251354810315526, -9.599999899999853
17.315711519643685, 23.833587739184807, -9.599999899999853
20.829558561088362, 20.829548996212807, -9.599999899999853
23.83359569874958, 17.315700582623684, -9.599999899999853
26.251360956012284, 13.375512673111182, -9.599999899999853
28.020435482049265, 9.104586007891495, -9.599999899999853
29.096948671375863, 4.608833684363323, -9.599999899999853
29.457437451947218, -7.5625355504538305e-06, -9.599999899999853
29.096946317232206, -4.6088486250662575, -9.599999899999853
28.02043081372931, -9.104600394469038, -9.599999899999853
26.251354084172828, -13.375526146944837, -9.599999899999853
23.833586798734427, -17.31571281189009, -9.599999899999853
20.829547866100018, -20.82955969120049, -9.599999899999853
17.315699290396598, -23.833596639184737, -9.599999899999853
13.3755112493821, -26.251361682132927, -9.599999899999853
9.104584487725084, -28.020435975329477, -9.599999899999853
4.608833621088429, -29.096948698314147, -9.599999899999853
4.440892098500626e-16, -29.45743747351466, -9.599999899999853
0.0, -29.16876233891985, -10.099999899999853
-4.562838871234617, -28.80912126737881, -10.099999899999853
-9.013192493162387, -27.739905627779006, -10.099999899999853
-13.241785846823518, -25.988364910931764, -10.099999899999853
-17.144710700877596, -23.59753931550072, -10.099999899999853
-20.62542964866787, -20.6254296486702, -10.099999899999853
-23.597539315498867, -17.144710700880218, -10.099999899999853
-25.98836491093058, -13.241785846826032, -10.099999899999853
-27.739905627777972, -9.013192493165818, -10.099999899999853
-28.809121267377876, -4.562838871240726, -10.099999899999853
-29.16876233891989, -9.28778079348388e-12, -10.099999899999853
-28.80912126738079, 4.5628388712223815, -10.099999899999853
-27.739905627783795, 9.013192493147848, -10.099999899999853
-25.988364910938273, 13.241785846810876, -10.099999899999853
-23.597539315507614, 17.144710700868195, -10.099999899999853
-20.625429648676235, 20.625429648661886, -10.099999899999853
-17.144710700884026, 23.597539315496117, -10.099999899999853
-13.241785846826737, 25.988364910930194, -10.099999899999853
-9.013192493162812, 27.739905627778935, -10.099999899999853
-4.562838871235408, 28.80912126737871, -10.099999899999853
3.907985046680551e-14, 29.16876233891985, -10.099999899999853
-4.440892098500626e-16, 29.16876233891985, -10.099999899999853
4.562838871229741, 28.80912126737958, -10.099999899999853
9.013192493152824, 27.739905627782136, -10.099999899999853
13.241785846811807, 25.98836491093777, -10.099999899999853
17.14471070086655, 23.597539315508808, -10.099999899999853
20.625429648657615, 20.625429648680534, -10.099999899999853
23.597539315489627, 17.14471070089305, -10.099999899999853
25.988364910922243, 13.241785846842522, -10.099999899999853
27.739905627772323, 9.013192493183478, -10.099999899999853
28.809121267375275, 4.562838871257736, -10.099999899999853
29.168762338919983, 2.3353481883090256e-11, -10.099999899999853
28.809121267382693, -4.5628388712108565, -10.099999899999853
27.739905627786094, -9.013192493140973, -10.099999899999853
25.988364910941186, -13.241785846805234, -10.099999899999853
23.597539315510936, -17.144710700863612, -10.099999899999853
20.625429648679777, -20.62542964865829, -10.099999899999853
17.144710700888087, -23.59753931549309, -10.099999899999853
13.241785846831881, -25.988364910927512, -10.099999899999853
9.013192493168265, -27.73990562777711, -10.099999899999853
4.5628388712370365, -28.80912126737842, -10.099999899999853
4.440892098500626e-16, -29.16876233891985, -10.099999899999853
0.0, -28.880087204325033, -10.599999899999853
-4.516818788850449, -28.521286908388095, -10.599999899999853
-8.921773510659785, -27.45938116413377, -10.599999899999853
-13.108039571961514, -25.72537568456981, -10.599999899999853
-16.973702777642043, -23.361482628551332, -10.599999899999853
-20.42129693422778, -20.42131407264277, -10.599999899999853
-23.36146241142606, -16.973730689420776, -10.599999899999853
-25.725357147524928, -13.108075999342145, -10.599999899999853
-27.459369013877932, -8.921810839920932, -10.599999899999853
-28.521282230666703, -4.516848034223375, -10.599999899999853
-28.88008720432049, -1.6158343439610572e-05, -10.599999899999853
-28.521288943713966, 4.516806023431546, -10.599999899999853
-27.459384165010416, 8.921764291665113, -10.599999899999853
-25.72537861585142, 13.108033811375108, -10.599999899999853
-23.36148452549778, 16.973700161049145, -10.599999899999853
-20.42131407275639, 20.421296934114185, -10.599999899999853
-16.973728073101277, 23.361464308179023, -10.599999899999853
-13.108070238973507, 25.725360078705943, -10.599999899999853
-8.921801621067727, 27.459372014722362, -10.599999899999853
-4.516835268801693, 28.52128426600648, -10.599999899999853
3.907985046680551e-14, 28.880087204325033, -10.599999899999853
-4.440892098500626e-16, 28.880087204325033, -10.599999899999853
4.51681878888686, 28.52128690838228, -10.599999899999853
8.921773510728446, 27.45938116411145, -10.599999899999853
13.108039572058608, 25.725375684520444, -10.599999899999853
16.973702777799915, 23.36148262843694, -10.599999899999853
20.421296934533267, 20.42131407233737, -10.599999899999853
23.361462411816277, 16.97373068888262, -10.599999899999853
25.725357147933444, 13.108075998539467, -10.599999899999853
27.45936901422968, 8.921810838840567, -10.599999899999853
28.521282230869662, 4.516848032950928, -10.599999899999853
28.880087204320557, 1.6157102780510866e-05, -10.599999899999853
28.521288943526034, -4.51680602461065, -10.599999899999853
27.45938416465595, -8.92176429275425, -10.599999899999853
25.72537861535098, -13.108033812358638, -10.599999899999853
23.361484524894998, -16.973700161880615, -10.599999899999853
20.42131407215589, -20.421296934714654, -10.599999899999853
16.973728072561286, -23.361464308570444, -10.599999899999853
13.108070238540707, -25.725360078926112, -10.599999899999853
8.921801620776284, -27.459372014817188, -10.599999899999853
4.5168352686708175, -28.52128426602732, -10.599999899999853
4.440892098500626e-16, -28.880087204325033, -10.599999899999853
0.0, -28.591412069730215, -11.099999899999853
-4.470818706338981, -28.23343804210954, -11.099999899999853
-8.830387062402243, -27.178843137236324, -11.099999899999853
-12.974328239690944, -25.46236554302754, -11.099999899999853
-16.802718483817003, -23.125395029129297, -11.099999899999853
-20.21720119763139, -20.217161518758893, -11.099999899999853
-23.125416174934635, -16.802689293408207, -11.099999899999853
-25.462380492192416, -12.974298762383016, -11.099999899999853
-27.178852356668827, -8.830358879398892, -11.099999899999853
-28.233442115631142, -4.470793180358591, -11.099999899999853
-28.5914120697027, 3.9121186110158135e-05, -11.099999899999853
-28.2334329225285, 4.470850622058645, -11.099999899999853
-27.178835224636323, 8.83041133169016, -11.099999899999853
-25.46235705690091, 12.974344936155026, -11.099999899999853
-23.1253880347317, 16.80272815084258, -11.099999899999853
-20.21715788795988, 20.21720482842242, -11.099999899999853
-16.80269064037647, 23.12541520036369, -11.099999899999853
-12.974306304029367, 25.462376659095014, -11.099999899999853
-8.83037333564671, 27.178847636270365, -11.099999899999853
-4.4708144483956795, 28.233438703326676, -11.099999899999853
3.907985046680551e-14, 28.591412069730215, -11.099999899999853
-4.440892098500626e-16, 28.591412069730215, -11.099999899999853
4.470809225212089, 28.233439562964183, -11.099999899999853
8.83036880355831, 27.178849090214918, -11.099999899999853
12.974302600382092, 25.4623785667352, -11.099999899999853
16.80268778162572, 23.125417242192214, -11.099999899999853
20.217159986381102, 20.21720273000606, -11.099999899999853
23.12538824849447, 16.802727853454947, -11.099999899999853
25.46235775972658, 12.974343520311091, -11.099999899999853
27.178835606846622, 8.830410231956964, -11.099999899999853
28.233433046086013, 4.470849715931827, -11.099999899999853
28.59141206971115, 3.2629051299864376e-05, -11.099999899999853
28.233441641257887, -4.470796130457048, -11.099999899999853
27.17885131964574, -8.830362011851802, -11.099999899999853
25.462379614988354, -12.974300537936106, -11.099999899999853
23.125415672251748, -16.80268995146286, -11.099999899999853
20.217197306491347, -20.217165409906034, -11.099999899999853
16.80271759517407, -23.125395670684597, -11.099999899999853
12.974327782782039, -25.462365758466145, -11.099999899999853
8.830388701956084, -27.17884262634923, -11.099999899999853
4.4708224275822115, -28.233437423394886, -11.099999899999853
4.440892098500626e-16, -28.591412069730215, -11.099999899999853
0.0, -28.30273693513541, -11.599999899999853
-4.424805461149352, -27.945579619504386, -11.599999899999853
-8.738978849005255, -26.89830913962636, -11.599999899999853
-12.840592345371455, -25.199364627883714, -11.599999899999853
-16.631705517142155, -22.88931397725357, -11.599999899999853
-20.01307816688877, -20.01303625903482, -11.599999899999853
-22.88933382390544, -16.631678099423294, -11.599999899999853
-25.19937782031695, -12.840566245556735, -11.599999899999853
-26.898317034310924, -8.738954838411708, -11.599999899999853
-27.94558307572004, -4.424783795776369, -11.599999899999853
-28.302736935106832, 3.942013437452374e-05, -11.599999899999853
-27.945574603409412, 4.424836540241365, -11.599999899999853
-26.898301831203213, 8.73900122879791, -11.599999899999853
-25.199357564351814, 12.840606259382964, -11.599999899999853
-22.8893094897118, 16.631711732019255, -11.599999899999853
-20.013036452016095, 20.013077973907926, -11.599999899999853
-16.631684756783038, 22.889329016874775, -11.599999899999853
-12.840580646290032, 25.199370509714672, -11.599999899999853
-8.738977012994487, 26.898309739199593, -11.599999899999853
-4.424808292620698, 27.94557912954459, -11.599999899999853
3.907985046680551e-14, 28.30273693513541, -11.599999899999853
-4.440892098500626e-16, 28.30273693513541, -11.599999899999853
4.424787213183212, 27.945582564668204, -11.599999899999853
8.738943706895412, 26.898320615715612, -11.599999899999853
12.840543540439509, 25.19938934665941, -11.599999899999853
16.631651426990675, 22.889353042896126, -11.599999899999853
20.013013200780836, 20.013101225064755, -11.599999899999853
22.889289166843234, 16.6317398777544, -11.599999899999853
25.19934219850071, 12.840636458028815, -11.599999899999853
26.898290901589572, 8.739034697254507, -11.599999899999853
27.945569822207787, 4.424865959484098, -11.599999899999853
28.302736935077423, 5.614461195753064e-05, -11.599999899999853
27.945585255940347, -4.424770288279026, -11.599999899999853
26.89831947958415, -8.738947249107632, -11.599999899999853
25.19938020482071, -12.840561661268037, -11.599999899999853
22.88933458649788, -16.631676974984572, -11.599999899999853
20.013061713820786, -20.01305271212464, -11.599999899999853
16.631707927891977, -22.889312285859873, -11.599999899999853
12.840599759647178, -25.19936080671032, -11.599999899999853
8.738990597056933, -26.898305303144127, -11.599999899999853
4.42481534627672, -27.945577991102653, -11.599999899999853
4.440892098500626e-16, -28.30273693513541, -11.599999899999853
0.0, -28.014061800540592, -12.099999899999853
-4.378776861566527, -27.657711623524495, -12.099999899999853
-8.647544876918047, -26.617780435828458, -12.099999899999853
-12.706824674516639, -24.936376401769998, -12.099999899999853
-16.4606543974102, -22.653245780091392, -12.099999899999853
-19.808913457532604, -19.8089526779295, -12.099999899999853
-22.653224932870476, -16.460683302857735, -12.099999899999853
-24.93636252939229, -12.706852077909558, -12.099999899999853
-26.61777276131655, -8.647568521993986, -12.099999899999853
-27.657709412113075, -4.378790271781164, -12.099999899999853
-28.014061800528907, 2.4952534276145855e-05, -12.099999899999853
-27.65770692018256, 4.378805821778295, -12.099999899999853
-26.617769950263217, 8.647576932942073, -12.099999899999853
-24.936359796187855, 12.706857548948049, -12.099999899999853
-22.653225371704917, 16.46068269341466, -12.099999899999853
-19.808916874639202, 19.808949260829436, -12.099999899999853
-16.460673265502038, 22.65323220591232, -12.099999899999853
-12.70685327422123, 24.93636189991718, -12.099999899999853
-8.647574435716537, 26.617770767648498, -12.099999899999853
-4.378796939549726, 27.65770834501991, -12.099999899999853
3.907985046680551e-14, 28.014061800540592, -12.099999899999853
-4.440892098500626e-16, 28.01406180054059, -12.099999899999853
4.378769647093514, 27.657712795200737, -12.099999899999853
8.64753098317217, 26.61778498047707, -12.099999899999853
12.706805117624343, 24.936386317931785, -12.099999899999853
16.460630677593826, 22.653262871764298, -12.099999899999853
19.808887615984236, 19.80897851938827, -12.099999899999853
22.65319929515271, 16.460718882674232, -12.099999899999853
24.936339391558892, 12.706897710635317, -12.099999899999853
26.61775492837248, 8.647622858650898, -12.099999899999853
27.657700102840533, 4.378847689327493, -12.099999899999853
28.01406180048993, 5.188216895303271e-05, -12.099999899999853
27.657713543417046, -4.378764835303623, -12.099999899999853
26.61777951182901, -8.647547767411416, -12.099999899999853
24.936372205965974, -12.706833074156012, -12.099999899999853
22.653239122303738, -16.460663610395788, -12.099999899999853
19.80893073458273, -19.80893540089959, -12.099999899999853
16.46068598741919, -22.653223038910518, -12.099999899999853
12.706863763503028, -24.936356581390427, -12.099999899999853
8.647581887632509, -26.617768330112273, -12.099999899999853
4.378800809101275, -27.6577077165764, -12.099999899999853
8.881784197001252e-16, -28.01406180054059, -12.099999899999853
0.0, -27.725386665945788, -12.599999899999853
-4.332759363486848, -27.369829376505916, -12.599999899999853
-8.556133691947752, -26.3372410838326, -12.599999899999853
-12.57308672223073, -24.673369750094814, -12.599999899999853
-16.28962209905865, -22.41714883047308, -12.599999899999853
-19.604778663459417, -19.604839181509345, -12.599999899999853
-22.41711327070836, -16.289671504071688, -12.599999899999853
-24.67334438877832, -12.573136773343371, -12.599999899999853
-26.337223700199424, -8.556186831690363, -12.599999899999853
-27.369821309382452, -4.332808928883234, -12.599999899999853
-27.725386665922606, -3.46947806053436e-05, -12.599999899999853
-27.36982848707664, 4.3327648334822975, -12.599999899999853
-26.33723611574605, 8.556148897843281, -12.599999899999853
-24.67336187579535, 12.573102271140842, -12.599999899999853
-22.41713721565199, 16.289638252295077, -12.599999899999853
-19.604823369088997, 19.604794475918354, -12.599999899999853
-16.28965134557402, 22.417127765516767, -12.599999899999853
-12.573112422644595, 24.673356720527263, -12.599999899999853
-8.55615854940488, 26.337232966872435, -12.599999899999853
-4.332777122829851, 27.369826507752975, -12.599999899999853
3.907985046680551e-14, 27.725386665945788, -12.599999899999853
-4.440892098500626e-16, 27.725386665945788, -12.599999899999853
4.332761649560908, 27.36982900287352, -12.599999899999853
8.556138094525101, 26.337239641337433, -12.599999899999853
12.573092921831355, 24.673366610486383, -12.599999899999853
16.289629621799854, 22.417143421324457, -12.599999899999853
19.604786853156032, 19.604830991836206, -12.599999899999853
22.417121384440794, 16.289660219991056, -12.599999899999853
24.673351714416114, 12.573122307892234, -12.599999899999853
26.337229470029097, 8.556169221933356, -12.599999899999853
27.369824671999893, 4.3327883548497175, -12.599999899999853
27.7253866659433, 1.153142271933472e-05, -12.599999899999853
27.36982437725047, -4.33278997941558, -12.599999899999853
26.337227461201046, -8.556175311922363, -12.599999899999853
24.673348543726643, -12.57312864088999, -12.599999899999853
22.417118810259613, -16.289663799774853, -12.599999899999853
19.604783910776796, -19.604833934207797, -12.599999899999853
16.289638501612906, -22.417136995283638, -12.599999899999853
12.573107409437842, -24.673359244309818, -12.599999899999853
8.55615433840554, -26.33723434660089, -12.599999899999853
4.3327749362186925, -27.369826865130538, -12.599999899999853
8.881784197001252e-16, -27.725386665945788, -12.599999899999853
0.0, -27.436711531350966, -13.099999899999853
-4.286777980880704, -27.081928381533576, -13.099999899999853
-8.464765365413655, -26.05668437621793, -13.099999899999853
-12.439387057641001, -24.41034017872402, -13.099999899999853
-16.118620941809148, -22.18101391194397, -13.099999899999853
-19.40068064011693, -19.40068891443701, -13.099999899999853
-22.18102373985332, -16.118607179666952, -13.099999899999853
-24.410350253655533, -12.43936711756318, -13.099999899999853
-26.05669116539512, -8.464744713891378, -13.099999899999853
-27.081931188788683, -4.286761205425504, -13.099999899999853
-27.436711531349992, -7.2370097344548815e-06, -13.099999899999853
-27.081928856853327, 4.286775150525616, -13.099999899999853
-26.056685054216377, 8.464763303580618, -13.099999899999853
-24.410341128852888, 12.439385179143535, -13.099999899999853
-22.18101436115336, 16.118620315719706, -13.099999899999853
-19.40068851563326, 19.400681038920837, -13.099999899999853
-16.118605637082812, 22.181024846632045, -13.099999899999853
-12.4393642324537, 24.4103517129176, -13.099999899999853
-8.464740373907947, 26.056692589798196, -13.099999899999853
-4.286755381347304, 27.08193214681346, -13.099999899999853
3.552713678800501e-14, 27.43671153135097, -13.099999899999853
-8.881784197001252e-16, 27.43671153135097, -13.099999899999853
4.286773956873556, 27.08192904346035, -13.099999899999853
8.464757616033804, 26.056686919607483, -13.099999899999853
12.439375708996135, 24.41034592823864, -13.099999899999853
16.11860768391651, 22.181023378117995, -13.099999899999853
19.4006850656542, 19.400684488900776, -13.099999899999853
22.18102394689043, 16.11860687461721, -13.099999899999853
24.410349415785547, 12.439368771394994, -13.099999899999853
26.056689947908062, 8.464748450507749, -13.099999899999853
27.08193013288672, 4.286767393488113, -13.099999899999853
27.43671153134898, -1.0255788305268965e-05, -13.099999899999853
27.081926765904495, -4.286787802650596, -13.099999899999853
26.05668136640163, -8.464774535926345, -13.099999899999853
24.410335958727437, -12.439395400982168, -13.099999899999853
22.181008637403558, -16.118628293242352, -13.099999899999853
19.40068273005803, -19.40068682449662, -13.099999899999853
16.118600318803754, -22.181028662408497, -13.099999899999853
12.439359851881761, -24.410353928570164, -13.099999899999853
8.46473726448558, -26.05669361032485, -13.099999899999853
4.286753766755174, -27.081932412403614, -13.099999899999853
4.440892098500626e-16, -27.43671153135097, -13.099999899999853
0.0, -27.148036396756144, -13.599999899999853
-4.240760051749674, -26.794020097841035, -13.599999899999853
-8.373356135499689, -25.77613769302355, -13.599999899999853
-12.305651942042754, -24.14732495683827, -13.599999899999853
-15.94758249871803, -21.94488963033253, -13.599999899999853
-19.196556250911108, -19.19656501317884, -13.599999899999853
-21.944903164045005, -15.947563593967072, -13.599999899999853
-24.14733827700795, -12.305625577565666, -13.599999899999853
-25.77614653995377, -8.373329174204585, -13.599999899999853
-26.7940237687681, -4.240737928366395, -13.599999899999853
-27.148036396755227, -7.023049097988458e-06, -13.599999899999853
-26.794020241109052, 4.240759233672589, -13.599999899999853
-25.77613783294549, 8.373355663839968, -13.599999899999853
-24.147325441963883, 12.305650981686103, -13.599999899999853
-21.944889583141656, 15.947582564636676, -13.599999899999853
-19.19656413773752, 19.196557126352776, -13.599999899999853
-15.947561646521017, 21.944904558210776, -13.599999899999853
-12.305622407063607, 24.14733987858736, -13.599999899999853
-8.373324700720609, 25.776148010700457, -13.599999899999853
-4.2407321411642505, 26.794024726966015, -13.599999899999853
3.552713678800501e-14, 27.148036396756144, -13.599999899999853
8.881784197001252e-16, -27.148036396756144, -13.599999899999853
4.240732180269431, -26.79402472049128, -13.599999899999853
8.373324776019471, -25.776147985944437, -13.599999899999853
12.305622513175942, -24.147339824984677, -13.599999899999853
15.94756177539575, -21.944904465950042, -13.599999899999853
19.196564277845127, -19.196556986245135, -13.599999899999853
21.944889721553825, -15.947582371295471, -13.599999899999853
24.147325567048185, -12.305650734068765, -13.599999899999853
25.776138489450325, -8.373353713064214, -13.599999899999853
26.794020709853516, -4.240756355418279, -13.599999899999853
27.148036396755742, 4.943382364020733e-06, -13.599999899999853
26.79401912040481, 4.240766002316162, -13.599999899999853
25.776138142745896, 8.37335471666158, -13.599999899999853
24.147327906114565, 12.305646107861925, -13.599999899999853
21.944891687751298, 15.947579624660044, -13.599999899999853
19.196544633656305, 19.196576630420132, -13.599999899999853
15.947571811777532, 21.94489728106441, -13.599999899999853
12.305643143501925, 24.147329401432614, -13.599999899999853
8.37334989268433, 25.77613974548013, -13.599999899999853
4.240756810155672, 26.79402063456104, -13.599999899999853
-4.440892098500626e-16, 27.148036396756144, -13.599999899999853
3.552713678800501e-14, 26.859361262161347, -14.099999899999853
-4.1947064128264815, 26.506104055215324, -14.099999899999853
-8.281905659231827, 25.49560113153627, -14.099999899999853
-12.17187606923047, 23.88432662844197, -14.099999899999853
-15.776505556978604, 21.708776277620608, -14.099999899999853
-18.992434973292823, 18.992438000334175, -14.099999899999853
-21.708750252451928, 15.776541995097592, -14.099999899999853
-23.884303490500496, 12.171922012463328, -14.099999899999853
-25.49558512775462, 8.28195413657605, -14.099999899999853
-26.506096884500987, 4.194749426966846, -14.099999899999853
-26.85936126216131, 2.3308234258223592e-06, -14.099999899999853
-26.506104310169437, -4.194704883171428, -14.099999899999853
-25.49560137263834, -8.28190492716453, -14.099999899999853
-23.88432573118123, -12.171877920559808, -14.099999899999853
-21.70877458310287, -15.776507920183864, -14.099999899999853
-18.992440735901006, -18.992432237725115, -14.099999899999853
-15.776517905858684, -21.708767458308913, -14.099999899999853
-12.171899024615868, -23.88431509340123, -14.099999899999853
-8.2819339104644, -25.495591823667645, -14.099999899999853
-4.194734006895277, -26.50609944925237, -14.099999899999853
0.0, -26.859361262161347, -14.099999899999853
8.881784197001252e-16, -26.859361262161343, -14.099999899999853
4.194709517027438, -26.50610353782478, -14.099999899999853
8.281911637450065, -25.495599162644613, -14.099999899999853
12.17188634150422, -23.884321482820276, -14.099999899999853
15.77651752145158, -21.708767725181733, -14.099999899999853
18.99244225459828, -18.992430719026927, -14.099999899999853
21.708777067833037, -15.776504452276953, -14.099999899999853
23.88432360644447, -12.171882150393156, -14.099999899999853
25.49559780466262, -8.28191564534884, -14.099999899999853
26.50610299186147, -4.194712784680162, -14.099999899999853
26.859361262140904, 3.143961957856573e-05, -14.099999899999853
26.50609931338822, 4.1947348624018, -14.099999899999853
25.495592921661768, 8.281930587147098, -14.099999899999853
23.88431508368012, 12.171899025631099, -14.099999899999853
21.708762806248647, 15.776524408080231, -14.099999899999853
18.99242879645229, 18.992444177171482, -14.099999899999853
15.776506913937979, 21.708775309537103, -14.099999899999853
12.17188997961063, 23.884319656607012, -14.099999899999853
8.281927495460653, 25.49559393641848, -14.099999899999853
4.194730675833482, 26.50610000445836, -14.099999899999853
-4.440892098500626e-16, 26.859361262161343, -14.099999899999853
0.0, -26.570686127566542, -14.599999899999853
-4.148703335602355, -26.2181654088938, -14.599999899999853
-8.190504452293197, -25.215044796801102, -14.599999899999853
-12.03813639881132, -23.621306292074383, -14.599999899999853
-15.605432194635252, -21.472643116240725, -14.599999899999853
-18.788286807536796, -18.788337875587295, -14.599999899999853
-21.472601287834188, -15.605490881282027, -14.599999899999853
-23.621279476324382, -12.038189611554316, -14.599999899999853
-25.215027983935506, -8.190555425633079, -14.599999899999853
-26.218156423885002, -4.148756916111239, -14.599999899999853
-26.570686127527882, -4.2656166793473957e-05, -14.599999899999853
-26.218170510934517, 4.148672930536327, -14.599999899999853
-25.21505075112985, 8.190486404963242, -14.599999899999853
-23.621309521931448, 12.038129988307155, -14.599999899999853
-21.47264041897798, 15.605435979652563, -14.599999899999853
-18.78832622693701, 18.788298456214658, -14.599999899999853
-15.605467834745232, 21.47261771122607, -14.599999899999853
-12.03815377731285, 23.621297531048384, -14.599999899999853
-8.190501374311856, 25.215045812315907, -14.599999899999853
-4.148684593923624, 26.21816856006592, -14.599999899999853
3.552713678800501e-14, 26.570686127566542, -14.599999899999853
-4.440892098500626e-16, 26.570686127566542, -14.599999899999853
4.148707823702526, 26.218164655777066, -14.599999899999853
8.19051309569221, 25.215041945092562, -14.599999899999853
12.038153022481158, 23.621297911362106, -14.599999899999853
15.605454801645589, 21.47262700643851, -14.599999899999853
18.788279599924046, 18.788345083174804, -14.599999899999853
21.4726016823614, 15.6054903351142, -14.599999899999853
23.621281006142254, 12.038186560921233, -14.599999899999853
25.215030814019418, 8.190546833379004, -14.599999899999853
26.218159204715104, 4.148740345860732, -14.599999899999853
26.57068612747615, 6.519511775880644e-05, -14.599999899999853
26.218172676456714, -4.148660051428283, -14.599999899999853
25.215054413535785, -8.190475283769013, -14.599999899999853
23.621315113516182, -12.0381188903213, -14.599999899999853
21.47264660064273, -15.605427305038305, -14.599999899999853
18.788332503635154, -18.788292179503667, -14.599999899999853
15.605473617908755, -21.472613590039398, -14.599999899999853
12.038158533737963, -23.62129513457485, -14.599999899999853
8.190504746225061, -25.215044699824507, -14.599999899999853
4.14868634476311, -26.218168266271405, -14.599999899999853
4.440892098500626e-16, -26.57068612756652, -14.599999899999853
3.552713678800501e-14, 26.282010992971724, -15.099999899999853
-4.102653153771151, 25.930220026009426, -15.099999899999853
-8.099079803304376, 24.934492551480353, -15.099999899999853
-11.904405620989435, 23.35827754350312, -15.099999899999853
-15.434396290923331, 21.236465528638377, -15.099999899999853
-18.584203999734125, 18.584172392949846, -15.099999899999853
-21.236459606451337, 15.434404625789657, -15.099999899999853
-23.358270540053738, 11.904419570696069, -15.099999899999853
-24.934486758476908, 8.099097285700253, -15.099999899999853
-25.930216916597395, 4.102671541317362, -15.099999899999853
-26.282010992951285, -3.065821277496866e-05, -15.099999899999853
-25.930215854205386, -4.102677845430251, -15.099999899999853
-24.93448645516469, -8.099098247765712, -15.099999899999853
-23.35827133641213, -11.904417957012964, -15.099999899999853
-21.236460781164308, -15.434402968781662, -15.099999899999853
-18.584170570562573, -18.584205822117724, -15.099999899999853
-15.434407102568654, -21.236457845639663, -15.099999899999853
-11.904427302273561, -23.358266649768545, -15.099999899999853
-8.09910816300409, -24.934483179437212, -15.099999899999853
-4.102688180499243, -25.93021410230427, -15.099999899999853
0.0, -26.282010992971724, -15.099999899999853
4.440892098500626e-16, -26.282010992971724, -15.099999899999853
4.102653618044275, -25.93021994756777, -15.099999899999853
8.099080697460721, -24.93449225594156, -15.099999899999853
11.904409409109824, -23.35827565462291, -15.099999899999853
15.43440027907839, -21.23646268972844, -15.099999899999853
18.584202019518766, -18.584174373168857, -15.099999899999853
21.236485317662382, -15.43436845953609, -15.099999899999853
23.35828700737653, -11.904386837100034, -15.099999899999853
24.93449559747305, -8.099070543207336, -15.099999899999853
25.930221217792177, -4.102646083790228, -15.099999899999853
26.282010992907836, 5.412941933300216e-05, -15.099999899999853
25.930212335075968, 4.102698673991828, -15.099999899999853
24.934480562462035, 8.099116076152887, -15.099999899999853
23.35826395157899, 11.904432633670993, -15.099999899999853
21.23645262125828, 15.434414446600444, -15.099999899999853
18.584162272186262, 18.584214120471756, -15.099999899999853
15.434399450771055, 21.236463285516, -15.099999899999853
11.904421012160912, 23.358269814754475, -15.099999899999853
8.09910370577788, 24.934484652655403, -15.099999899999853
4.102685866071536, 25.930214493343126, -15.099999899999853
-8.881784197001252e-16, 26.282010992971724, -15.099999899999853
3.552713678800501e-14, 25.99333585837692, -15.599999899999853
-4.056617598577923, 25.642257038881297, -15.599999899999853
-8.007654463348253, 24.653936799015266, -15.599999899999853
-11.77065920248479, 23.095252726462387, -15.599999899999853
-15.26331845310754, 21.00029945289793, -15.599999899999853
-18.380071754249954, 18.380056347981817, -15.599999899999853
-21.00031206545946, 15.263300676837744, -15.599999899999853
-23.095256072622753, 11.770652531709331, -15.599999899999853
-24.653935373409393, 8.007658774206064, -15.599999899999853
-25.642255953310922, 4.0566239512116145, -15.599999899999853
-25.993335858340846, -4.017659073883005e-05, -15.599999899999853
-25.642242478996927, -4.056703175131813, -15.599999899999853
-24.653914612960982, -8.007721453945873, -15.599999899999853
-23.095230206512706, -11.770703978754831, -15.599999899999853
-21.000276966879913, -15.263350161213065, -15.599999899999853
-18.380030785705706, -18.380097316459814, -15.599999899999853
-15.263323103355377, -21.00029616069391, -15.599999899999853
-11.770677793223165, -23.095243382934374, -15.599999899999853
-8.007685216166752, -24.653926617768015, -15.599999899999853
-4.056657484624848, -25.64225024804521, -15.599999899999853
0.0, -25.99333585837692, -15.599999899999853
4.440892098500626e-16, -25.99333585837692, -15.599999899999853
4.056614985357456, -25.64225748348308, -15.599999899999853
8.007649430463507, -24.653938465533987, -15.599999899999853
11.770649391172078, -23.09525763602634, -15.599999899999853
15.263307019280061, -21.000307563218943, -15.599999899999853
18.38006571699414, -18.380062385241246, -15.599999899999853
21.000275053829167, -15.26335286476316, -15.599999899999853
23.095230683119745, -11.770703067146737, -15.599999899999853
24.653919338354214, -8.007707141667064, -15.599999899999853
25.642247683484896, -4.056672565090361, -15.599999899999853
25.993335858376966, 1.035555540709514e-06, -15.599999899999853
25.642257556434277, 4.056614556574877, -15.599999899999853
24.65393906449389, 8.007647621604782, -15.599999899999853
23.0952578127893, 11.77064908014025, -15.599999899999853
21.00030839034224, 15.263305850966272, -15.599999899999853
18.380070186657914, 18.38005791557536, -15.599999899999853
15.263320002230852, 21.000298359879917, -15.599999899999853
11.770677383770344, 23.095243584813964, -15.599999899999853
8.007689089902007, 24.653925335068088, -15.599999899999853
4.056659495998586, 25.64224990583495, -15.599999899999853
-4.440892098500626e-16, 25.99333585837692, -15.599999899999853
0.0, -25.7046607237821, -16.09999989999985
-4.010626447959842, -25.354270762831618, -16.09999989999985
-7.916265346750103, -24.373365190838605, -16.09999989999985
-11.636927477998862, -22.832216420854103, -16.09999989999985
-15.092228523666769, -20.764122972878315, -16.09999989999985
-18.175937463647745, -18.175942348123655, -16.09999989999985
-20.76411896138654, -15.092234195821828, -16.09999989999985
-22.832219840277926, -11.636920670468742, -16.09999989999985
-24.37336922732118, -7.916253169379322, -16.09999989999985
-25.354272228696196, -4.0106178870945275, -16.09999989999985
-25.704660723773756, 1.91469653243459e-05, -16.09999989999985
-25.35426576909219, 4.010655592114791, -16.09999989999985
-24.373352598988387, 7.916303303472208, -16.09999989999985
-22.832190464047116, 11.636979235634577, -16.09999989999985
-20.764082265274954, 15.092286071292705, -16.09999989999985
-18.17593624475147, 18.17594356701933, -16.09999989999985
-15.092218843218209, 20.764129831322723, -16.09999989999985
-11.636900494622772, 22.832229976804726, -16.09999989999985
-7.9162192525843, 24.37338049290025, -16.09999989999985
-4.010573021977042, 25.35427991928439, -16.09999989999985
3.552713678800501e-14, 25.7046607237821, -16.09999989999985
-4.440892098500626e-16, 25.7046607237821, -16.09999989999985
4.010631768789828, 25.35426985113029, -16.09999989999985
7.916275594324872, 24.3733617912906, -16.09999989999985
11.636948652475365, 22.832205810518158, -16.09999989999985
15.092254036824231, 20.764104927761267, -16.09999989999985
18.17591226704636, 18.175967544675743, -16.09999989999985
20.76410136566354, 15.09225908086365, -16.09999989999985
22.83220561806091, 11.636949038038322, -16.09999989999985
24.373359439307546, 7.916282674319134, -16.09999989999985
25.35426741621479, 4.010645973487889, -16.09999989999985
25.70466072378114, 6.758189923983381e-06, -16.09999989999985
25.35426970658796, -4.010632612360629, -16.09999989999985
24.373359124362004, -7.916283633487298, -16.09999989999985
22.832198596863165, -11.63696302819333, -16.09999989999985
20.76409124161942, -15.092273382828727, -16.09999989999985
18.175945403524587, -18.175934408245134, -16.09999989999985
15.092227302429482, -20.764123846960704, -16.09999989999985
11.636907440671806, -22.832226491333543, -16.09999989999985
7.916224170048382, -24.37337886158238, -16.09999989999985
4.010575575190767, -25.354279481808273, -16.09999989999985
4.440892098500626e-16, -25.7046607237821, -16.09999989999985
3.197442310920451e-14, 25.411641085043836, -16.59999989999985
-3.9638758214435788, 25.062075427418, -16.59999989999985
-7.8235099217053055, 24.088855027561127, -16.59999989999985
-11.501255370265456, 22.56548996057849, -16.59999989999985
-14.918613235812103, 20.524494081380357, -16.59999989999985
-17.96874037922968, 17.968747085395893, -16.59999989999985
-20.524489205618913, 14.918620146541418, -16.59999989999985
-22.565479443269343, 11.501276350294143, -16.59999989999985
-24.088843533939354, 7.823544465182772, -16.59999989999985
-25.06206979314541, 3.9639084749442315, -16.59999989999985
-25.41164108500825, -3.886757560036416e-05, -16.59999989999985
-25.06205640118694, -3.963986089625786, -16.59999989999985
-24.088823424197344, -7.823604960731936, -16.59999989999985
-22.565454006752315, -11.501327146876474, -16.59999989999985
-20.524455921427208, -14.918667328771248, -16.59999989999985
-17.968705157825273, -17.968782306701797, -16.59999989999985
-14.918643580704167, -20.524472667464412, -16.59999989999985
-11.501304863761991, -22.565465173047805, -16.59999989999985
-7.823571900052551, -24.088834415910714, -16.59999989999985
-3.9639418704505136, -25.06206403062395, -16.59999989999985
0.0, -25.411641085043815, -16.59999989999985
0.0, -25.411641085043815, -16.59999989999985
3.9638758213328433, -25.062075427437108, -16.59999989999985
7.8235099214599115, -24.088855027642673, -16.59999989999985
11.501255369893158, -22.56548996076503, -16.59999989999985
14.918613235365848, -20.524494081695398, -16.59999989999985
17.96874037879544, -17.968747085830138, -16.59999989999985
20.52448920522923, -14.918620147093634, -16.59999989999985
22.56547944294493, -11.501276350941502, -16.59999989999985
24.08884353369147, -7.823544465928597, -16.59999989999985
25.06206979300347, -3.963908475766045, -16.59999989999985
25.411641085008238, 3.886682102122062e-05, -16.59999989999985
25.062056401297333, 3.963986088986026, -16.59999989999985
24.088823424359102, 7.823604960245225, -16.59999989999985
22.56545400695331, 11.501327146475365, -16.59999989999985
20.52445592171007, 14.91866732837039, -16.59999989999985
17.96870515820207, 17.96878230632498, -16.59999989999985
14.918643581171606, 20.52447266713449, -16.59999989999985
11.5013048642085, 22.56546517282406, -16.59999989999985
7.823571900382307, 24.088834415801124, -16.59999989999985
3.963941870634411, 25.062064030592, -16.59999989999985
-4.440892098500626e-16, 25.411641085043836, -16.59999989999985
3.197442310920451e-14, 25.0711265718468, -17.09999989999985
-3.9100092449498907, 24.723807004496066, -17.09999989999985
-7.71678620798448, 23.760961253534152, -17.09999989999985
-11.344849870370881, 22.258176263788055, -17.09999989999985
-14.717498118867606, 20.2472215805302, -17.09999989999985
-17.727954533387184, 17.727972688485387, -17.09999989999985
-20.247207458090987, 14.717518169447432, -17.09999989999985
-22.25815787489817, 11.344886606653636, -17.09999989999985
-23.76094373364449, 7.71683876671776, -17.09999989999985
-24.723798295217186, 3.9100594598536746, -17.09999989999985
-25.071126571827108, -2.8579876856967253e-05, -17.09999989999985
-24.72378832740715, -3.910116911786906, -17.09999989999985
-23.760930548529934, -7.716878383713485, -17.09999989999985
-22.258142119665717, -11.344918119723921, -17.09999989999985
-20.24718532249251, -14.717549616646679, -17.09999989999985
-17.7279319192705, -17.727995302539053, -17.09999989999985
-14.717546125751674, -20.24718776552169, -17.09999989999985
-11.344916334509708, -22.25814302242194, -17.09999989999985
-7.716862779434836, -23.76093574167217, -17.09999989999985
-3.9100860070708716, -24.723793689526076, -17.09999989999985
0.0, -25.07112657184678, -17.09999989999985
4.440892098500626e-16, -25.07112657184678, -17.09999989999985
3.9100053901713907, -24.723807673252697, -17.09999989999985
7.716778783389056, -23.76096372458476, -17.09999989999985
11.344837807433407, -22.258182321967855, -17.09999989999985
14.717480773185558, -20.247233810085273, -17.09999989999985
17.727939726096363, -17.727987495742756, -17.09999989999985
20.247145737231772, -14.717605797816578, -17.09999989999985
22.258112860578095, -11.344976588530352, -17.09999989999985
23.760915694620092, -7.716923068650673, -17.09999989999985
24.723783146196233, -3.9101468391644163, -17.09999989999985
25.07112657178156, -5.1935709654227225e-05, -17.09999989999985
24.7238154825423, 3.9099603763952064, -17.09999989999985
23.760976179069047, 7.716741362151084, -17.09999989999985
22.258196374919244, 11.34480969408196, -17.09999989999985
20.247246106728923, 14.717463296042174, -17.09999989999985
17.728001154731814, 17.72792606704995, -17.09999989999985
14.717549173288239, 20.247185621527137, -17.09999989999985
11.344918428625478, 22.258141945583247, -17.09999989999985
7.716870316169484, 23.7609332332723, -17.09999989999985
3.9100899202211457, 24.72379301062935, -17.09999989999985
-8.881784197001252e-16, 25.0711265718468, -17.09999989999985
0.0, -24.662790650776707, -17.59999989999985
-3.8459693667222914, -24.319701562919406, -17.59999989999985
-7.5900852760606625, -23.37098885582634, -17.59999989999985
-11.15880620999321, -21.892774328291118, -17.59999989999985
-14.477125411323819, -19.916129495125787, -17.59999989999985
-17.439239711096604, -17.439213313188105, -17.59999989999985
-19.916150278849425, -14.477095870691311, -17.59999989999985
-21.89279790885362, -11.158759072879986, -17.59999989999985
-23.371006955798922, -7.590030938916245, -17.59999989999985
-24.319710103841434, -3.845920285703329, -17.59999989999985
-24.66279065068708, 6.01642144206771e-05, -17.59999989999985
-24.31968968087209, 3.846037637564487, -17.59999989999985
-23.37096406962703, 7.590159686815129, -17.59999989999985
-21.892730843448867, 11.158893193764907, -17.59999989999985
-19.91606689343671, 14.477214389834455, -17.59999989999985
-17.439196427292462, 17.439256596940883, -17.59999989999985
-14.47707300255799, 19.916166379812598, -17.59999989999985
-11.158737604909442, 21.89280866913178, -17.59999989999985
-7.590000785873014, 23.371017028255984, -17.59999989999985
-3.8458867449368217, 24.31971593843128, -17.59999989999985
3.197442310920451e-14, 24.66279065077671, -17.59999989999985
-4.440892098500626e-16, 24.66279065077671, -17.59999989999985
3.84598901304182, 24.319698143639915, -17.59999989999985
7.590123115403145, 23.37097625158305, -17.59999989999985
11.158868386513895, 21.892743253765556, -17.59999989999985
14.477200543887426, 19.916076634401257, -17.59999989999985
17.439252268688858, 17.43920075556152, -17.59999989999985
19.916169076943394, 14.477069168762451, -17.59999989999985
21.892815602079548, 11.158723746278119, -17.59999989999985
23.371025341148613, 7.589975829266718, -17.59999989999985
24.319722301640727, 3.845850182524798, -17.59999989999985
24.662790650719863, -4.792147193599661e-05, -17.59999989999985
24.319690829922276, -3.8460310969568896, -17.59999989999985
23.370966956882565, -7.590151077452562, -17.59999989999985
21.892735081978763, -11.158884721282712, -17.59999989999985
19.91607156560391, -14.477207748751235, -17.59999989999985
17.439201212111694, -17.43925181214017, -17.59999989999985
14.477077430023781, -19.916163265024853, -17.59999989999985
11.158741235832162, -21.892806852717197, -17.59999989999985
7.590003353751722, -23.371016172909794, -17.59999989999985
3.8458880781621247, -24.319715706399837, -17.59999989999985
0.0, -24.662790650776707, -17.59999989999985
3.197442310920451e-14, 24.169537808949375, -18.09999989999985
-3.7689106290793983, 23.83312644807522, -18.09999989999985
-7.438053142125429, 22.903185898103807, -18.09999989999985
-10.935386777516822, 21.454552602628567, -18.09999989999985
-14.187447072449697, 19.517655118256034, -18.09999989999985
-17.09042279846502, 17.090465367208076, -18.09999989999985
-19.517621172175062, 14.187495330119308, -18.09999989999985
-21.454518917092944, 10.935454119860296, -18.09999989999985
-22.903157128545935, 7.438139473276821, -18.09999989999985
-23.83311107750185, 3.7689989896151657, -18.09999989999985
-24.16953780894928, 2.7018747656981645e-06, -18.09999989999985
-23.83312684041011, -3.768908375786428, -18.09999989999985
-22.903186489957744, -7.438051365499615, -18.09999989999985
-21.454553254871556, -10.935385473601144, -18.09999989999985
-19.517655718476153, -14.187446219139026, -18.09999989999985
-17.090465811683654, -17.09042235398819, -18.09999989999985
-14.187495505075978, -19.517621049109675, -18.09999989999985
-10.935453940281686, -21.45451900692218, -18.09999989999985
-7.438137257862411, -22.903157847352983, -18.09999989999985
-3.768992616669504, -23.833112176644736, -18.09999989999985
0.0, -24.169537808949375, -18.09999989999985
-4.440892098500626e-16, -24.169537808949368, -18.09999989999985
3.7689077893325877, -23.833126942521105, -18.09999989999985
7.438047672580619, -22.903187720192772, -18.09999989999985
10.935377519367618, -21.454557254130055, -18.09999989999985
14.187433200647902, -19.51766488836565, -18.09999989999985
17.090411718264782, -17.090476447365646, -18.09999989999985
19.517562404140495, -14.187578872753862, -18.09999989999985
21.45447717873455, -10.935537619264327, -18.09999989999985
22.903132674078044, -7.438212879470273, -18.09999989999985
23.8330989109661, -3.7690688634060217, -18.09999989999985
24.1695378088352, -6.71793951529942e-05, -18.09999989999985
23.833136794272058, 3.768851207439316, -18.09999989999985
22.90320279299932, 7.438002426893738, -18.09999989999985
21.454573446850787, 10.935345107202174, -18.09999989999985
19.51767797616845, 14.187414576134579, -18.09999989999985
17.090488608133978, 17.090399557429667, -18.09999989999985
14.187516600344402, 19.517606210568452, -18.09999989999985
10.93547123998811, 21.45451035321502, -18.09999989999985
7.438149492465558, 22.9031537715456, -18.09999989999985
3.768998968880294, 23.833111070597266, -18.09999989999985
-4.440892098500626e-16, 24.169537808949375, -18.09999989999985
3.197442310920451e-14, 23.56208357098384, -18.59999989999985
-3.6745980034722185, 23.23546328468486, -18.59999989999985
-7.252145807596818, 22.330348325574388, -18.59999989999985
-10.661798227111271, 20.918032761338367, -18.59999989999985
-13.831532328948711, 19.028348914007672, -18.59999989999985
-16.66089218877356, 16.66092595505931, -18.59999989999985
-19.028274896513565, 13.831637416770896, -18.59999989999985
-20.917974355505912, 10.661914932834412, -18.59999989999985
-22.330308609605314, 7.2522650455428135, -18.59999989999985
-23.235443828087167, 3.674710111680759, -18.59999989999985
-23.562083570959743, 3.061800489190247e-05, -18.59999989999985
-23.2354541131491, -3.6746508547218277, -18.59999989999985
-22.33033253245269, -7.252193177025092, -18.59999989999985
-20.918015027364785, -10.661833657737578, -18.59999989999985
-19.028326842228864, -13.83156367229421, -18.59999989999985
-16.66089975763868, -16.66091838620876, -18.59999989999985
-13.831608177469338, -19.02829548680804, -18.59999989999985
-10.661884102570541, -20.917989787012097, -18.59999989999985
-7.252233554008024, -22.330319092070535, -18.59999989999985
-3.674678677682879, -23.23544928428177, -18.59999989999985
0.0, -23.56208357098382, -18.59999989999985
0.0, -23.56208357098382, -18.59999989999985
3.674598003639538, -23.235463284655925, -18.59999989999985
7.252145807886831, -22.330348325477814, -18.59999989999985
10.661798227451468, -20.918032761168014, -18.59999989999985
13.831532329283204, -19.02834891377202, -18.59999989999985
16.660892189084407, -16.660925954748304, -18.59999989999985
19.028274896780342, -13.831637416391846, -18.59999989999985
20.917974355692472, -10.661914932461542, -18.59999989999985
22.330308609697944, -7.252265045264381, -18.59999989999985
23.23544382812087, -3.6747101114856537, -18.59999989999985
23.562083570959736, -3.061773220025543e-05, -18.59999989999985
23.235454113081342, 3.674650855112169, -18.59999989999985
22.330332532274728, 7.252193177559672, -18.59999989999985
20.918015027069213, 10.661833658328101, -18.59999989999985
19.028326841875803, 13.831563672795546, -18.59999989999985
16.660899757233615, 16.66091838661376, -18.59999989999985
13.831608177029253, 19.028295487118008, -18.59999989999985
10.66188410217093, 20.9179897872121, -18.59999989999985
7.252233553697771, 22.33031909217383, -18.59999989999985
3.6746786774930906, 23.23544928431462, -18.59999989999985
-4.440892098500626e-16, 23.56208357098384, -18.59999989999985
3.197442310920451e-14, 22.781470672129075, -19.09999989999985
-3.5539343741020692, 22.46916707845176, -19.09999989999985
-7.014590896538788, 21.59786752955192, -19.09999989999985
-10.311857195293713, 20.232101774515495, -19.09999989999985
-13.375025276851972, 18.401156735356704, -19.09999989999985
-16.108923273811612, 16.108941521512136, -19.09999989999985
-18.401142344391484, 13.375045652844975, -19.09999989999985
-20.232084657116207, 10.311891329987576, -19.09999989999985
-21.597851866744996, 7.014638023965533, -19.09999989999985
-22.469159122401564, 3.553980600534782, -19.09999989999985
-22.78147067212398, -1.4058039608143642e-05, -19.09999989999985
-22.46915420904428, -3.554009157699192, -19.09999989999985
-21.597846903865815, -7.014652957121163, -19.09999989999985
-20.232079638219545, -10.311901347351053, -19.09999989999985
-18.401133469714093, -13.375058214966534, -19.09999989999985
-16.10891941580596, -16.108945379511532, -19.09999989999985
-13.375027521589697, -18.401155151293537, -19.09999989999985
-10.311879588934126, -20.23209054367483, -19.09999989999985
-7.014634161344792, -21.597853149600475, -19.09999989999985
-3.553985522158336, -22.469158275409093, -19.09999989999985
0.0, -22.78147067212907, -19.09999989999985
-4.440892098500626e-16, -22.78147067212907, -19.09999989999985
3.553935489401985, -22.469166886515524, -19.09999989999985
7.014593044630924, -21.597866816130924, -19.09999989999985
10.311860230401718, -20.232100252822033, -19.09999989999985
13.37502897443693, -18.401154123593738, -19.09999989999985
16.10892727515904, -16.108937520168734, -19.09999989999985
18.40114626210796, -13.375040106377153, -19.09999989999985
20.232088207830728, -10.31188424790076, -19.09999989999985
21.59785418098825, -7.014631089479044, -19.09999989999985
22.469159980802722, -3.5539756644519533, -19.09999989999985
22.78147067211486, 2.3348888340337892e-05, -19.09999989999985
22.469163752971966, 3.553953697702259, -19.09999989999985
21.597862528289454, 7.01460595519777, -19.09999989999985
20.232096339468757, 10.31186803581335, -19.09999989999985
18.401151897218863, 13.375032126410554, -19.09999989999985
16.10893823682308, 16.108926558504322, -19.09999989999985
13.375044913994499, 18.401142866274522, -19.09999989999985
10.311893865259034, 20.23208338601761, -19.09999989999985
7.014644265471043, 21.597849793811474, -19.09999989999985
3.5539907684274636, 22.469157372545304, -19.09999989999985
0.0, 22.781470672129075, -19.09999989999985
