5.684341886080802e-14, 37.960409094372984, -0.09999989999985255
-5.828239835493396, 37.44416745897451, -0.12439014390229158
-11.575202437844892, 36.01359059428466, -0.1487803878047306
-17.082166955402183, 33.650346858881555, -0.17317063170716962
-22.182999122393245, 30.37782790574326, -0.19756087560960867
-26.72796970371294, 26.271434149741918, -0.22195111951204768
-30.581021790019843, 21.431944100094874, -0.2463413634144867
-33.59032245696547, 15.962265071481974, -0.27073160731692575
-35.592466696954865, 10.0020135745369, -0.2951218512193648
-36.54568570299818, 3.7332332109030233, -0.3195120951218038
-36.38540882305061, -2.6504653113253624, -0.34390233902424283
-35.06593655381795, -8.922868588974874, -0.3682925829266818
-32.61946733441034, -14.875828935399706, -0.3926828268291208
-29.12578243957374, -20.327689339429696, -0.41707307073155986
-24.662079102794525, -25.058084437786896, -0.4414633146339989
-19.357643984017837, -28.794361957665238, -0.46585355853643795
-14.68523595318296, -30.347103959443103, -0.490243802438877
-11.326201858807789, -29.41563571309011, -0.5146340463413159
-7.941720463903568, -27.541690668404655, -0.539024290243755
-4.63003703332229, -24.745184623678114, -0.563414534146194
-1.4845590455231819, -21.070660894152635, -0.5878047780486331
1.4138657621456627, -16.58047328667671, -0.612195021951072
3.9986683581376687, -11.338357522529325, -0.636585265853511
6.215259497081001, -5.409131155201843, -0.6609755097559502
8.022726301802768, 1.1301831995769582, -0.6853657536583891
9.398550976053063, 8.19199799423667, -0.7097559975608282
12.828266075803041, 13.01010604360544, -0.7341462414632672
18.044115837049063, 15.151591052223742, -0.7585364853657063
22.842518177325307, 16.06917755788879, -0.7829267292681453
27.077459488251613, 15.843750860727269, -0.8073169731705843
30.642113127643675, 14.492662427192396, -0.8317072170730233
33.31122583932877, 11.966721444823701, -0.8560974609754624
34.86635075587479, 8.33077638721023, -0.8804877048779014
35.30732438182676, 3.786568858118657, -0.9048779487803404
34.65479783774316, -1.487519392038207, -0.9292681926827793
32.6463507629989, -7.221375929304662, -0.9536584365852184
29.44085367369603, -13.13812736936715, -0.9780486804876575
25.148184966116954, -18.9723220761987, -1.0024389243900964
19.876726029151314, -24.417533479570707, -1.0268291682925355
13.76099871141685, -29.11140394428163, -1.0512194121949745
7.052458052170935, -32.81291388299843, -1.0756096560974135
-8.881784197001252e-16, -35.33225555189509, -1.0999998999998526
4.973799150320701e-14, 35.332255551895095, -1.0999998999998526
-7.038172067421475, 34.549925981175896, -1.1243901439022916
-13.704818316054876, 32.46481976971281, -1.1487803878047307
-19.752535595461303, 29.14482987952697, -1.1731706317071697
-24.93165937977422, 24.719113505257884, -1.1975608756096088
-29.11284429954348, 19.459723915264334, -1.2219511195120476
-32.19767358283718, 13.604759777145684, -1.2463413634144866
-34.08148753702126, 7.359669759094583, -1.2707316073169257
-34.60627040065501, 0.9625906975932847, -1.295121851219365
-34.03784538383571, -5.323135187142153, -1.319512095121804
-32.36779559261299, -11.295503426271368, -1.3439023390242428
-29.613922858822995, -16.707681613587592, -1.3682925829266819
-25.997707667626102, -21.426803037959846, -1.392682826829121
-21.739063143336093, -25.40332914959087, -1.41707307073156
-16.945201329645258, -28.49707084231342, -1.441463314633999
-11.773093992655761, -30.498161508804102, -1.465853558536438
-8.43958959650858, -29.827120469474394, -1.490243802438877
-7.210353519581756, -26.76093936813374, -1.5146340463413162
-5.58964892434479, -23.881904018361425, -1.5390242902437552
-3.5959796750130746, -21.101850915433182, -1.5634145341461942
-1.2710058271851632, -18.359131625114106, -1.5878047780486333
1.3345562056546119, -15.615925418603931, -1.6121950219510723
4.163766053063877, -12.817162376831728, -1.6365852658535114
7.1423294019483725, -9.885743633555002, -1.6609755097559502
10.179322693500156, -6.7689613836027185, -1.6853657536583895
13.186857532289112, -3.45777364820286, -1.7097559975608283
17.52867717640656, -1.5182661350576065, -1.7341462414632676
22.542739795970096, -0.6796241493629651, -1.7585364853657064
26.74910466842398, 0.2233649155460835, -1.7829267292681457
30.010060323652937, 1.3834542513988435, -1.8073169731705843
32.26177217492648, 2.881907681624847, -1.8317072170730235
33.46076555208137, 4.731240476854367, -1.8560974609754626
33.59987639542668, 6.96059958327322, -1.8804877048779016
32.700606914602076, 9.588265130239941, -1.9048779487803407
30.805661216597784, 12.559601884784307, -1.9292681926827797
27.963727762178507, 15.804453361219492, -1.9536584365852185
24.36629392597061, 19.244052246581894, -1.9780486804876578
20.18013012036822, 22.77998215235759, -2.0024389243900966
15.509084045924878, 26.228732104609428, -2.0268291682925357
10.479683067432202, 29.37801179261026, -2.0512194121949747
5.256800095650725, 32.03631206669822, -2.0756096560974138
-8.881784197001252e-16, 34.07447953015792, -2.099999899999853
4.973799150320701e-14, 34.07447953015792, -2.099999899999853
-5.208003542628618, 33.68132534988457, -2.124390143902292
-10.293008054379827, 32.51023563768287, -2.148780387804731
-15.118151713642456, 30.53635697883838, -2.17317063170717
-19.557245856551443, 27.811342326120506, -2.197560875609609
-23.53009497531246, 24.448542705267386, -2.221951119512048
-26.99044352728365, 20.56517570811185, -2.246341363414487
-29.830799262785785, 16.214166254274815, -2.270731607316926
-31.937049305361963, 11.470065013473313, -2.295121851219365
-33.248371291700636, 6.451979377028054, -2.3195120951218042
-33.7778257003248, 1.2949797706725819, -2.3439023390242433
-33.57219603366891, -3.882597727381385, -2.3682925829266823
-32.60630311937438, -8.96763004356443, -2.392682826829121
-30.84907094098925, -13.830145522514742, -2.41707307073156
-28.33134697034673, -18.341883164173446, -2.441463314633999
-25.14932677667037, -22.41053560394269, -2.4658535585364385
-21.419303804227805, -25.981197139530178, -2.490243802438877
-17.21265427189879, -28.96570050240919, -2.5146340463413166
-12.594717126397645, -31.250400309591605, -2.5390242902437556
-7.671443355520147, -32.758413436396765, -2.5634145341461947
-2.574355058770652, -33.48225100591707, -2.5878047780486333
2.572794881560729, -33.46196644544352, -2.6121950219510723
7.657501100925128, -32.69888837645426, -2.6365852658535114
12.556589462715884, -31.155797307576588, -2.6609755097559504
17.139763047475462, -28.843027336222807, -2.6853657536583895
21.302783056391917, -25.839851288770394, -2.7097559975608285
24.982214172945564, -22.26162842261953, -2.7341462414632676
28.108930023492206, -18.197902151483667, -2.7585364853657066
30.56974135283496, -13.704920008129427, -2.7829267292681457
32.27193676205123, -8.87565800633952, -2.8073169731705847
33.187770878757476, -3.8381271838438593, -2.8317072170730238
33.350642396777694, 1.2785952062787278, -2.8560974609754624
32.78799237905147, 6.362621480563844, -2.8804877048779014
31.45653375826489, 11.297482711704468, -2.904877948780341
29.346379716363895, 15.950883285403851, -2.9292681926827795
26.520112632723055, 20.206834247141444, -2.9536584365852185
23.09214641609202, 23.993491042381393, -2.978048680487658
19.1699076327458, 27.260484156924896, -3.0024389243900966
14.80067291636735, 29.89507043948239, -3.0268291682925357
10.064623678699617, 31.78894275416324, -3.0512194121949747
5.086296343623449, 32.89439105160759, -3.0756096560974138
-1.7763568394002505e-15, 33.23823905040745, -3.099999899999853
4.973799150320701e-14, 33.23823905040745, -3.099999899999853
-5.0808889340773655, 31.285298238617735, -3.124390143902292
-10.04318925737753, 28.681057135270986, -3.148780387804731
-14.753470769228885, 25.51369799462342, -3.17317063170717
-19.088766730377806, 21.936371802155968, -3.197560875609609
-22.97035501937328, 18.139121166428264, -3.221951119512048
-26.35192129780719, 14.294121722478332, -3.2463413634144866
-29.12855222033086, 10.509344022926967, -3.270731607316926
-31.18972381188358, 6.895686027645393, -3.295121851219365
-32.4763424950684, 3.575333730621958, -3.3195120951218042
-32.99974570083435, 0.656612511585123, -3.3439023390242433
-32.80334039249641, -1.785581980971354, -3.3682925829266823
-31.862861432947334, -3.7010068310937623, -3.3926828268291214
-30.14962902291488, -5.054069014830314, -3.4170730707315595
-27.69419455628468, -5.8340672891510925, -3.441463314633999
-24.58889044004011, -6.065411105778773, -3.465853558536438
-20.945219305735208, -5.7997692964451595, -3.4902438024388776
-16.833264641041954, -5.091957395150059, -3.5146340463413166
-12.318371447653265, -4.008404585004488, -3.5390242902437556
-7.50428249222862, -2.640851761246502, -3.5634145341461947
-2.5187174749748324, -1.100906560469907, -3.5878047780486333
2.5175739716663816, 0.49685739338529444, -3.6121950219510723
7.494032594125622, 2.0456273724291876, -3.636585265853511
12.290327937052757, 3.4379330245207314, -3.660975509755951
16.77995078873765, 4.565221261286947, -3.6853657536583895
20.860607537005137, 5.331436061823435, -3.709755997560828
24.4675612739506, 5.662913582794845, -3.734146241463267
27.531489508086594, 5.502665947921027, -3.7585364853657066
29.94419926122687, 4.802465918949162, -3.7829267292681457
31.617685116671296, 3.5377836396204625, -3.8073169731705843
32.5237210580209, 1.7152553913973971, -3.8317072170730233
32.69001381314526, -0.63317027644424, -3.856097460975463
32.14023572363837, -3.4583918570340124, -3.880487704877902
30.836406525826057, -6.687374256413101, -3.9048779487803404
28.77272518845625, -10.216211028129663, -3.9292681926827795
26.009266934263582, -13.92571327445985, -3.953658436585219
22.65313907274364, -17.70300179885545, -3.9780486804876576
18.80662741996725, -21.436817521486425, -4.002438924390097
14.520209125336956, -24.961157351811128, -4.026829168292536
9.8750070970313, -28.093670870897817, -4.051219412194975
4.99169424497178, -30.682574493712504, -4.075609656097414
0.0, -32.63286395405765, -4.099999899999853
0.0, -32.63286395405765, -4.099999899999853
-4.987220849888129, -30.711308462509525, -4.124390143902292
-9.857218068132054, -28.14972010792318, -4.148780387804731
-14.481093204242617, -25.040249374470697, -4.17317063170717
-18.739770531173335, -21.532097701884915, -4.197560875609609
-22.553169835610472, -17.80691183095753, -4.221951119512048
-25.870674089001497, -14.031080957005404, -4.246341363414487
-28.592253666360634, -10.31409341726803, -4.270731607316926
-30.615206690592807, -6.766897343177524, -4.295121851219365
-31.883080951653863, -3.5086042694683837, -4.319512095121804
-32.40181324394136, -0.6443524196379529, -4.343902339024243
-32.20730336179863, 1.7521583272662151, -4.368292582926681
-31.279177097552, 3.631251737125004, -4.392682826829121
-29.595875095967934, 4.958535004783313, -4.4170730707315595
-27.188835834111806, 5.723910465644479, -4.4414633146339995
-24.14423594185874, 5.950652894645446, -4.465853558536438
-20.566644948223924, 5.688656659269222, -4.4902438024388776
-16.52675779337956, 4.992396929723384, -4.514634046341317
-12.092810239898387, 3.9279225352375757, -4.539024290243756
-7.367031058934463, 2.5850458386554696, -4.563414534146194
-2.4728424686471677, 1.072703981281391, -4.587804778048634
2.471749397940638, -0.4962713044918843, -4.612195021951072
7.357228090022283, -2.0162631686402417, -4.636585265853511
12.065987718571481, -3.382308373285129, -4.660975509755951
16.475815673162405, -4.4888864155357435, -4.68536575365839
20.485902899283673, -5.241608032652161, -4.709755997560828
24.02846026733634, -5.56665814987809, -4.734146241463267
27.033363771601394, -5.407372931939381, -4.758536485365706
29.399394509430202, -4.717912823262418, -4.782926729268146
31.04480399864285, -3.47512031192883, -4.807316973170584
31.940389824408076, -1.68493553305291, -4.831707217073023
32.106333419150005, 0.6219448594400893, -4.856097460975462
31.56203038909557, 3.3967888147500753, -4.880487704877901
30.277294000848435, 6.567631320180885, -4.9048779487803404
28.251999577930672, 10.033881153515223, -4.9292681926827795
25.543492418173535, 13.679424853510728, -4.9536584365852185
22.250607847777477, 17.390904240443632, -4.978048680487658
18.47037856726387, 21.054935438358505, -5.002438924390097
14.258032435829275, 24.511766281734708, -5.026829168292536
9.696322878054191, 27.58799333519133, -5.051219412194975
4.901962664865864, 30.13579384265854, -5.075609656097414
-8.881784197001252e-16, 32.05551368486801, -5.099999899999853
4.263256414560601e-14, 32.05551368486801, -5.099999899999853
-4.897590528037752, 31.681940912708683, -5.124390143902292
-9.678929344515883, 30.573444757469673, -5.148780387804731
-14.219795138583475, 28.7204174409889, -5.17317063170717
-18.405073096216938, 26.170452860303346, -5.197560875609609
-22.153010772101734, 23.017245156209466, -5.221951119512048
-25.40810828206849, 19.36117543792659, -5.246341363414487
-28.07557394060152, 15.261445308793714, -5.270731607316926
-30.06103286137335, 10.795802683372697, -5.295121851219365
-31.31077208639457, 6.07435606063926, -5.319512095121804
-31.824925499884234, 1.2194788786741284, -5.343902339024243
-31.63132843099264, -3.656796414516186, -5.368292582926682
-30.71392137722431, -8.445686580028065, -5.392682826829121
-29.058826374957206, -13.027875188742719, -5.4170730707315595
-26.698494496976252, -17.28682299374617, -5.4414633146339995
-23.712705048640267, -21.131597180022794, -5.465853558536438
-20.19881515435525, -24.49872908893123, -5.4902438024388776
-16.228378544224164, -27.306080174679426, -5.514634046341317
-11.872864208627186, -29.459595602343974, -5.539024290243756
-7.2330553031438996, -30.89429167526803, -5.563414534146194
-2.428026151796927, -31.59455064244377, -5.587804778048634
2.4269331256491578, -31.580492016093185, -5.612195021951072
7.223252099666202, -30.85267219570843, -5.636585265853512
11.84604147142932, -29.393056711057653, -5.66097550975595
16.17743492966455, -27.220112435604207, -5.685365753658389
20.1180694080275, -24.400592043613898, -5.709755997560828
23.596925220546545, -21.028571147348874, -5.734146241463268
26.54301259672979, -17.186451269452405, -5.758536485365707
28.862338685930247, -12.939840186961177, -5.782926729268146
30.479537226943375, -8.38094630025774, -5.807316973170584
31.364397449004144, -3.625642528492105, -5.831707217073023
31.529434903249673, 1.2080008023789937, -5.856097460975462
30.989697981081825, 6.011626075668629, -5.880487704877901
29.723107671126623, 10.6742937123461, -5.904877948780341
27.73530518776127, 15.076908015521251, -5.9292681926827795
25.080904510506162, 19.112426068673145, -5.9536584365852185
21.85044192651411, 22.702694971383167, -5.978048680487658
18.135662375192798, 25.78636941312823, -6.002438924390097
13.996730137090792, 28.269260899086284, -6.026829168292536
9.518029064225953, 30.066508792309204, -6.051219412194975
4.812328055943405, 31.134467711865742, -6.075609656097414
-8.881784197001252e-16, 31.478163415678377, -6.099999899999853
4.263256414560601e-14, 31.478163415678377, -6.099999899999853
-4.807955647452937, 31.106393226754026, -6.124390143902292
-9.500634838710956, 30.011707150682128, -6.148780387804731
-13.95849197969332, 28.191923299031583, -6.17317063170717
-18.070352477260027, 25.693261636749213, -6.197560875609609
-21.75284348671958, 22.601232303805602, -6.221951119512048
-24.94551292432616, 19.009498375890672, -6.246341363414487
-27.558874751304383, 14.981225620794444, -6.270731607316926
-29.5068428925525, 10.59653080147703, -6.295121851219366
-30.73842727066694, 5.962534532194074, -6.319512095121803
-31.248023122252434, 1.197069826121779, -6.343902339024243
-31.055323317919722, -3.5895693644007807, -6.368292582926681
-30.14864589606487, -8.289548840474282, -6.392682826829121
-28.52176552557195, -12.787248694208877, -6.4170730707315595
-26.208129617203966, -16.970266305686078, -6.4414633146339995
-23.28116315393082, -20.747592227944896, -6.465853558536438
-19.83097228483095, -24.051657941536057, -6.4902438024388776
-15.929989696729649, -26.802546710615268, -6.514634046341317
-11.65291472292094, -28.913969656660942, -6.539024290243756
-7.099074911108628, -30.32547777311231, -6.563414534146195
-2.3832076640265774, -31.018094370689603, -6.587804778048634
2.38211455266595, -31.004034942965433, -6.612195021951072
7.089271322812222, -30.28385656106415, -6.636585265853512
11.626091459909532, -28.84742956404452, -6.66097550975595
15.879044322635007, -26.71657600058966, -6.68536575365839
19.75022410363959, -23.953517582476202, -6.709755997560828
23.165381129663817, -20.644564566941128, -6.734146241463268
26.05264203657081, -16.869890670572715, -6.758536485365706
28.32527587445766, -12.699213097487, -6.782926729268145
29.914256625751108, -8.22480687414096, -6.807316973170584
30.788382790347644, -3.558413985074207, -6.831707217073023
30.952530317994608, 1.1855913256755835, -6.856097460975463
30.417339788539653, 5.899802432751809, -6.880487704877902
29.168915034491082, 10.475020144845754, -6.9048779487803404
27.2185998808211, 14.796685985975977, -6.9292681926827795
24.618294541823147, 18.76073822170718, -6.9536584365852185
21.450274243313878, 22.286681362551313, -6.978048680487658
17.800927795540225, 25.30915951920326, -7.002438924390097
13.735425559430034, 27.74076063635228, -7.026829168292537
9.339730374362603, 29.504763622722592, -7.051219412194975
4.722688812545372, 30.558889203132527, -7.075609656097414
0.0, 30.900813146488733, -7.099999899999853
4.263256414560601e-14, 30.900813146488737, -7.099999899999853
-4.718316113102031, 29.068898332983068, -7.124390143902292
-9.322335413198877, 26.628925286257434, -7.148780387804731
-13.697186368988694, 23.686798728352827, -7.173170631707171
-17.735612763143234, 20.37987618659794, -7.197560875609609
-21.35267361041674, 16.86328181724243, -7.221951119512048
-24.4828938941913, 13.284858456031985, -7.246341363414487
-27.042162999367743, 9.760497979095742, -7.270731607316925
-28.952644552143802, 6.402383010520159, -7.295121851219365
-30.16605347587771, 3.3204236607334483, -7.319512095121804
-30.671112180717184, 0.6099207993320304, -7.343902339024243
-30.47929279946853, -1.6587007378986267, -7.368292582926681
-29.58335423281974, -3.4370386820732106, -7.3926828268291205
-27.984695684298757, -4.694438308262892, -7.4170730707315595
-25.717742859190352, -5.422816831967561, -7.441463314633999
-22.849610939358776, -5.641587337941139, -7.4658535585364385
-19.463116504320837, -5.394268624957496, -7.4902438024388776
-15.631590625934496, -4.734513884354913, -7.514634046341316
-11.43296144768303, -3.728315468233406, -7.539024290243756
-6.965089510307459, -2.460216994464952, -7.563414534146195
-2.338386767870504, -1.0305481833626615, -7.587804778048634
2.3372935554635537, 0.4540656608535869, -7.612195021951073
6.955285498939847, 1.8913676969880573, -7.636585265853512
11.40613762763221, 3.1826757313833607, -7.66097550975595
15.580643409147546, 4.23095261299312, -7.68536575365839
19.38236581364415, 4.947169685009687, -7.709755997560828
22.73382672719336, 5.257569758411197, -7.734146241463267
25.562249453652925, 5.106235573426694, -7.758536485365706
27.78820424219962, 4.453806681922873, -7.782926729268145
29.348959935095934, 3.280892433992984, -7.807316973170584
30.21234267352167, 1.5914674120195964, -7.831707217073024
30.375617642742753, -0.5875096674662541, -7.856097460975462
29.844952389166647, -3.208593324969616, -7.880487704877901
28.61471443937517, -6.203103355236792, -7.9048779487803404
26.701882251634245, -9.480268314821874, -7.9292681926827795
24.155660572813225, -12.933148129470363, -7.9536584365852185
21.050104434554964, -16.447262893523995, -7.978048680487658
17.46617366391645, -19.90263475395986, -8.002438924390097
13.474118668131347, -23.158287128532038, -8.026829168292537
9.161426667176011, -26.06716890370572, -8.051219412194975
4.633044584711675, -28.49328324382756, -8.075609656097415
8.881784197001252e-16, -30.323462877299107, -8.099999899999853
0.0, -30.32346287729911, -8.099999899999853
-4.663163281099011, -29.947410346287924, -8.124390143902291
-9.275360997080542, -28.83570112036582, -8.148780387804731
-13.709034762444379, -26.971640684030227, -8.17317063170717
-17.827881666753548, -24.36895194034198, -8.197560875609609
-21.504288503291505, -21.081936300354883, -8.221951119512047
-24.630878965278335, -17.194565243043648, -8.246341363414487
-27.08707649703092, -12.789223802460034, -8.270731607316925
-28.72790235509607, -7.9748954654498245, -8.295121851219365
-29.508442031523842, -2.9006730276128745, -8.319512095121805
-29.386683695893964, 2.276596765688552, -8.343902339024243
-28.328636223175145, 7.376087923511228, -8.368292582926681
-26.344659216454676, 12.219164845125025, -8.392682826829121
-23.493429563596635, 16.648674736119375, -8.41707307073156
-19.848452576331066, 20.49710788238211, -8.441463314634
-15.515163029766445, 23.548729542281556, -8.465853558536438
-11.730981226709796, 24.77374537555862, -8.490243802438878
-9.047949874893227, 23.93786773495981, -8.514634046341317
-6.344393935243046, 22.33407703326106, -8.539024290243756
-3.6987867114904662, 19.978026387960107, -8.563414534146194
-1.1859514741508388, 16.90566712670764, -8.587804778048634
1.12947758750051, 13.16743982496337, -8.612195021951072
3.194406692448269, 8.814194321574778, -8.636585265853512
4.965177853497657, 3.897100132154545, -8.66097550975595
6.40896450411341, -1.5225312734466012, -8.685365753658388
7.50782803743688, -7.374455221051651, -8.709755997560828
10.337260503721424, -11.341097933981509, -8.734146241463268
14.698277357869221, -13.028702540964845, -8.758536485365706
18.734411823933293, -13.71925130136183, -8.782926729268146
22.32296109275389, -13.467419435463542, -8.807316973170584
25.341911872117795, -12.253899256039013, -8.831707217073024
27.605417601798226, -10.053389201025468, -8.856097460975462
28.96957326333841, -6.945534542388936, -8.8804877048779
29.41954638062701, -3.0886097245159667, -8.90487794878034
28.913108799264002, 1.3710729153835364, -8.929268192682779
27.255003830153203, 6.200468628426275, -8.953658436585219
24.622801992207748, 11.184439795852045, -8.978048680487658
21.08141533735641, 16.09739950812453, -9.002438924390097
16.672793467811026, 20.63906946660641, -9.026829168292535
11.544057444824894, 24.536431497575666, -9.051219412194975
5.923065003322183, 27.63428727639281, -9.075609656097415
-8.881784197001252e-16, 29.74611260810948, -9.099999899999853
0.0, -29.74611260810948, -9.099999899999853
-5.918691696468726, -29.068119700800075, -9.124390143902291
-11.526661101730031, -27.30265922484462, -9.148780387804731
-16.63455272375182, -24.538345593680106, -9.173170631707169
-21.016090549646314, -20.84043901466989, -9.197560875609609
-24.525198124893016, -16.404904833787157, -9.221951119512049
-27.1195853377479, -11.470465526716373, -9.246341363414487
-28.73666003459263, -6.2158842297848445, -9.270731607316925
-29.203266130980438, -0.8284914619285413, -9.295121851219365
-28.718255921198853, 4.464350033117869, -9.319512095121805
-27.32398789410904, 9.499583662212057, -9.343902339024243
-25.03278952634171, 14.081457511474419, -9.368292582926681
-21.99203634793747, 18.07237938151622, -9.392682826829121
-18.393817970477244, 21.418833270347296, -9.41707307073156
-14.36334417735484, 24.043362060697916, -9.441463314634
-10.021473139874619, 25.782092331215253, -9.465853558536438
-7.220698101085912, 25.235778524686573, -9.490243802438876
-6.1614924242663704, 22.669402015687773, -9.514634046341317
-4.7720407247688446, 20.263808554020443, -9.539024290243756
-3.070214632822766, 17.954968455437893, -9.563414534146194
-1.085744525893726, 15.681183161747468, -9.587804778048632
1.1400317521884986, 13.385387104450585, -9.612195021951074
3.5549853643211864, 11.017846357251766, -9.636585265853512
6.09760759276029, 8.538195203338107, -9.66097550975595
8.698577540140828, 5.916537994096355, -9.68536575365839
11.282340782946747, 3.1345721927677204, -9.709755997560828
14.96779842041818, 1.4823272817926973, -9.734146241463268
19.20251030213655, 0.7454495823087104, -9.758536485365706
22.759843201622946, -0.06495989276980296, -9.782926729268144
25.544924950817094, -1.0905117714297612, -9.807316973170584
27.485575947442122, -2.3918381851965895, -9.831707217073024
28.514252355632962, -3.9933938764984847, -9.856097460975462
28.614870147419932, -5.921316130949689, -9.8804877048779
27.835747213173732, -8.183146562481394, -9.90487794878034
26.230040510526496, -10.742716334213993, -9.92926819268278
23.840938543048427, -13.547082656104326, -9.953658436585219
20.80154130534566, -16.505411216434393, -9.978048680487658
17.22362790534029, -19.50416264891327, -10.002438924390097
13.224652315118306, -22.41918951005562, -10.026829168292537
8.936132455439509, -25.105738946802013, -10.051219412194975
4.4882310346721095, -27.405886267658573, -10.075609656097413
8.881784197001252e-16, -29.16876233891985, -10.099999899999853
0.0, -29.16876233891985, -10.099999899999853
-4.449365676059758, -28.803850540612547, -10.124390143902291
-8.787405275205668, -27.76465770661173, -10.148780387804731
-12.913254438511085, -26.077853134497715, -10.17317063170717
-16.731269627627608, -23.7842226194571, -10.197560875609609
-20.152148877984505, -20.937146655434628, -10.221951119512049
-23.094882082409846, -17.60260361265104, -10.246341363414487
-25.491947813829842, -13.860289800240563, -10.270731607316927
-27.289997966853512, -9.799398053559862, -10.295121851219367
-28.44874431218902, -5.515195906427077, -10.319512095121803
-28.94032597800719, -1.107420903402601, -10.343902339024243
-28.751036490464813, 3.3206226330774324, -10.368292582926681
-27.887375271920362, 7.664945431249077, -10.39268282682912
-26.373429628876032, 11.824710449954956, -10.41707307073156
-24.24643960728899, 15.703884230841142, -10.441463314634
-21.554886660144902, 19.211490974722633, -10.465853558536438
-18.359464962032632, 22.26319155011614, -10.490243802438878
-14.736326360184838, 24.788229427600186, -10.514634046341317
-10.773076824171092, 26.73137432504823, -10.539024290243756
-6.563099655490127, 28.049980986259825, -10.563414534146196
-2.2039074849415035, 28.71208782990221, -10.587804778048634
2.2028140501884046, 28.698025952608038, -10.612195021951072
6.553294326229978, 28.008352078457627, -10.636585265853512
10.746251390662831, 26.664829257594963, -10.66097550975595
14.685373083932902, 24.702245243459362, -10.685365753658388
18.278704518641263, 22.165034566370906, -10.709755997560828
21.439092819422715, 19.108454611225426, -10.734146241463268
24.09092210415826, 15.6034884907633, -10.758536485365706
26.17692722982946, 11.73667053128679, -10.782926729268146
27.652957992034146, 7.600194560619517, -10.807316973170584
28.48404547819345, 3.2894595494981704, -10.831707217073024
28.64481637541976, -1.0959397246783733, -10.856097460975462
28.127586378209134, -5.452451543469476, -10.880487704877902
26.95205061572563, -9.67787668432507, -10.90487794878034
25.15163846067366, -13.675735539429784, -10.929268192682779
22.767589301535264, -17.35378859601921, -10.953658436585219
19.849572863209456, -20.622586245701267, -10.978048680487657
16.461776516149186, -23.40002637472781, -11.002438924390097
12.69017963220385, -25.62665779533081, -11.026829168292537
8.62648106988885, -27.25767719347306, -11.051219412194975
4.36407732768384, -28.25620178270231, -11.075609656097415
0.0, -28.591412069730215, -11.099999899999853
0.0, -28.591412069730215, -11.099999899999853
-4.359703420853487, -26.878536855771912, -11.124390143902291
-8.609083568628828, -24.601065871482152, -11.148780387804731
-12.651938033207747, -21.882075527894795, -11.17317063170717
-16.39644248176965, -18.843257450534526, -11.197560875609609
-19.75196742163585, -15.605061576711417, -11.221951119512047
-22.63215343022596, -12.289701163464704, -11.246341363414485
-24.97517926714319, -9.022311240511604, -11.270731607316925
-26.73576259277214, -5.916320517402205, -11.295121851219365
-27.876237497929004, -3.0694726959192513, -11.319512095121805
-28.3633766496581, -0.5640022459445395, -11.343902339024243
-28.174889566593237, 1.5340660196839044, -11.368292582926683
-27.322010279345392, 3.178057010820293, -11.39268282682912
-25.836319877974145, 4.342291072962696, -11.41707307073156
-23.755951786374006, 5.02129093780555, -11.441463314634
-21.123286369401534, 5.229470001412949, -11.465853558536438
-17.991550131375924, 5.001700470812063, -11.490243802438876
-14.43788041342168, 4.390632662931594, -11.514634046341317
-10.553106311812488, 3.462160502558117, -11.539024290243756
-6.429090485099774, 2.2937634863043996, -11.563414534146194
-2.15907476801706, 0.974342873250416, -11.587804778048632
2.1579812040986255, -0.39777869772108865, -11.612195021951074
6.4192846062185245, -1.724805652872135, -11.636585265853512
10.52628033802964, -2.916480367783013, -11.66097550975595
14.386925104550135, -3.88698876665922, -11.685365753658388
17.910786424991734, -4.554518777994264, -11.70975599756083
21.007489221719563, -4.845415772468755, -11.734146241463268
23.600425765378226, -4.704639877919797, -11.758536485365706
25.63981425029671, -4.1016454267696165, -11.782926729268146
27.087585459961346, -3.0218870414275183, -11.807316973170584
27.907884441916664, -1.4668143359819958, -11.831707217073022
28.067864311115795, 0.541585266879721, -11.856097460975462
27.55506108811823, 2.957618022702032, -11.8804877048779
26.397812129184885, 5.7170216235772, -11.90487794878034
24.63486238528504, 8.742057503029299, -11.92926819268278
22.304841062628302, 11.937907914002786, -11.953658436585219
19.44939266559159, 15.189030760619096, -11.978048680487658
16.126931667173785, 18.365891949663858, -12.002438924390098
12.42886226554409, 21.353524947098382, -12.026829168292537
8.448154387867339, 24.039267760225986, -12.051219412194975
4.2744086021697365, 26.302760786637666, -12.075609656097413
-8.881784197001252e-16, 28.01406180054059, -12.099999899999853
3.907985046680551e-14, 28.014061800540592, -12.099999899999853
-4.301801698054691, 27.644955014780706, -12.124390143902291
-8.551873354490422, 26.592574585557156, -12.148780387804731
-12.643464521703933, 24.87163174102317, -12.17317063170717
-16.456697841902553, 22.489974514598664, -12.19756087560961
-19.857581463096054, 19.468869820947724, -12.221951119512049
-22.728711444065805, 15.871339860950393, -12.246341363414485
-24.979912903579784, 11.795498644658945, -12.270731607316925
-26.493135481743284, 7.351984380652782, -12.295121851219365
-27.222435438881938, 2.67558822821558, -12.319512095121803
-27.12267537860554, -2.0977924457935524, -12.343902339024243
-26.143432533680752, -6.8046126405455665, -12.368292582926681
-24.297259589633526, -11.269927940325093, -12.392682826829121
-21.65581726947897, -15.346131262102553, -12.41707307073156
-18.301573060480774, -18.89812253124213, -12.441463314634
-14.318061310717464, -21.731992548998193, -12.465853558536438
-10.83366187742855, -22.856577369125397, -12.490243802438878
-8.34917608418918, -22.075619683278966, -12.514634046341317
-5.850811079240788, -20.593059263497302, -12.539024290243756
-3.4111703763044416, -18.42976040275018, -12.563414534146196
-1.0941055110576445, -15.60967999585998, -12.587804778048634
1.0420052063573249, -12.16303937359682, -12.612195021951072
2.946010735701167, -8.138460066314396, -12.636585265853512
4.578895660103291, -3.598960449362372, -12.66097550975595
5.913999881966739, 1.3934689509987308, -12.68536575365839
6.933543883364039, 6.7809437085629884, -12.709755997560828
9.52827865564511, 10.44262414593788, -12.734146241463268
13.536736870137933, 11.985900680962315, -12.758536485365706
17.25540417189736, 12.634825712954736, -12.782926729268146
20.578723503384282, 12.423985498322267, -12.807316973170584
23.362750012314912, 11.304257303762917, -12.831707217073024
25.433293274879766, 9.267075701979874, -12.856097460975462
26.693573713363293, 6.406117425734108, -12.8804877048779
27.12897806011239, 2.8558779147368893, -12.90487794878034
26.651146269341893, -1.250964528899293, -12.929268192682779
25.10474090941517, -5.694200285418009, -12.953658436585219
22.690937116966072, -10.293737704360298, -12.978048680487658
19.446793605206707, -14.840901869358952, -13.002438924390098
15.370249527340732, -19.013415654817504, -13.026829168292537
10.631617614879165, -22.58667368824714, -13.051219412194975
5.455434093071942, -25.459737224371676, -13.075609656097415
0.0, -27.43671153135097, -13.099999899999853
3.552713678800501e-14, 27.43671153135097, -13.099999899999853
-5.4510594177395975, 25.48782760649251, -13.124390143902291
-10.614218704492375, 22.641485523932136, -13.148780387804731
-15.332006759021727, 19.090767630324528, -13.17317063170717
-19.381449418528536, 14.934058762146222, -13.19756087560961
-22.5933297134195, 10.395211935104737, -13.221951119512049
-24.969284164120324, 5.797176211510568, -13.246341363414485
-26.474675627754017, 1.34666586109672, -13.270731607316925
-26.91268188911867, -2.7780985435583436, -13.295121851219365
-26.442188527730217, -6.357004867049733, -13.319512095121805
-25.151841422981335, -9.256138998271906, -13.343902339024243
-23.05355505871395, -11.340348389847028, -13.368292582926681
-20.247749942482052, -12.515409138475766, -13.39268282682912
-16.914781909436776, -12.787434749240562, -13.41707307073156
-13.201724427724614, -12.202171171431669, -13.441463314634
-9.212451436405491, -10.72365095010548, -13.46585355853644
-6.6463613632054805, -7.129993564578328, -13.490243802438878
-5.666484233073614, -1.8111555566256108, -13.514634046341317
-4.385741894680302, 3.1198115914568207, -13.539024290243756
-2.8217933225550937, 7.611089138622797, -13.563414534146194
-0.9982585028847549, 11.60050258173377, -13.587804778048632
1.0481713854452896, 15.019015381699871, -13.612195021951074
3.2673396670715076, 17.819120289612073, -13.636585265853512
5.604003637745482, 19.980813849850744, -13.66097550975595
7.999742647755239, 21.485945178822394, -13.685365753658388
10.384939776022673, 22.31118768062349, -13.70975599756083
13.770627187796483, 21.244879029873367, -13.734146241463268
17.655478470509095, 18.481029270331597, -13.758536485365706
20.922169786230118, 15.01743557409927, -13.782926729268144
23.497406755092968, 11.048988692134337, -13.807316973170584
25.30017541764625, 6.706182496106588, -13.831707217073024
26.25017354145818, 2.13169635978963, -13.856097460975462
26.328623033806302, -2.5009662118646787, -13.880487704877902
25.600911785018628, -7.031145074306751, -13.90487794878034
24.12276736037709, -11.330665076373307, -13.92926819268278
21.9385504703596, -15.270647474085326, -13.953658436585219
19.154809159975542, -18.738257040996466, -13.978048680487657
15.85226264252625, -21.628278180105525, -14.002438924390097
12.159060020509365, -23.89184000790156, -14.026829168292535
8.212596436320004, -25.523746436085972, -14.051219412194975
4.126814829132289, -26.521344459528844, -14.075609656097413
8.881784197001252e-16, -26.859361262161343, -14.099999899999853
0.0, -26.859361262161347, -14.099999899999853
-4.121077255752012, -25.24250599821388, -14.124390143902291
-8.190090298527622, -23.126544906136665, -14.148780387804731
-12.110650483574885, -20.670493569862817, -14.17317063170717
-15.770960239835707, -18.014869343272785, -14.19756087560961
-19.03418067088453, -15.272059330772468, -14.221951119512047
-21.77744572049663, -12.528914043865566, -14.246341363414487
-23.92620309801626, -9.909269910900505, -14.270731607316925
-25.37567407408354, -7.513403355255095, -14.295121851219365
-26.079200676111874, -5.385931790486063, -14.319512095121805
-25.990606770265824, -3.5556766079462383, -14.343902339024243
-25.050651922700027, -2.0266422889018982, -14.368292582926683
-23.27345277943916, -0.7711802094179152, -14.39268282682912
-20.736955922869377, 0.24551830549722187, -14.417073070731558
-17.528047340039464, 1.058740461620566, -14.441463314634
-13.719490915948143, 1.7720534983073968, -14.465853558536438
-10.384939630008562, 3.283649697302069, -14.490243802438878
-7.999742446692163, 5.761799017979275, -14.514634046341317
-5.604003532091497, 8.088602477747774, -14.539024290243756
-3.26733963664274, 10.28738646711752, -14.563414534146196
-1.0481714280289927, 12.376302296508705, -14.587804778048634
0.9982584623288473, 14.375351374048504, -14.612195021951072
2.821793348834483, 16.33204406410445, -14.636585265853512
4.3857419773660276, 18.315414897016865, -14.66097550975595
5.666484375493296, 20.387638795857807, -14.68536575365839
6.6463614566545095, 22.600534381504367, -14.70975599756083
9.123813993430527, 23.029247102478674, -14.734146241463268
12.955965116299392, 21.39795687621198, -14.758536485365706
16.515860744686233, 19.029002233852093, -14.782926729268144
19.706529506747707, 16.049999292252238, -14.807316973170584
22.373040364901293, 12.476446616482459, -14.831707217073024
24.34717858969165, 8.374716624549343, -14.856097460975462
25.55535420798537, 3.9006506765036404, -14.8804877048779
25.983577984553534, -0.7887822724138943, -14.90487794878034
25.51993707837053, -5.557252985682032, -14.92926819268278
24.029505134009245, -10.196269201882123, -14.953658436585219
21.724804389644476, -14.561412664899652, -14.978048680487658
18.62940095662076, -18.489973339627316, -15.002438924390097
14.718823035197168, -21.712944234135335, -15.026829168292537
10.175355984862346, -24.10391533595591, -15.051219412194975
5.2215629347171975, -25.665634310896202, -15.075609656097415
0.0, -26.282010992971724, -15.099999899999853
3.552713678800501e-14, 26.282010992971724, -15.099999899999853
-5.246911394571859, 25.630461547262943, -15.124390143902291
-10.271414216969976, 24.003617625118398, -15.148780387804731
-14.918172791245878, 21.497057405519204, -15.17317063170717
-18.935225662188774, 18.080031255463567, -15.197560875609609
-22.09845305173556, 13.861996380999296, -15.221951119512049
-24.41489344270368, 9.128506908481137, -15.246341363414487
-25.834829498829937, 4.052723464544916, -15.270731607316925
-26.065479172704546, -1.2070821543911838, -15.295121851219365
-25.225646517651153, -6.398875893285814, -15.319512095121803
-23.434808550629146, -11.34464117986036, -15.343902339024241
-20.69807349938692, -15.831904715647573, -15.368292582926681
-17.07671889759605, -19.632351764191867, -15.39268282682912
-12.764969174962681, -22.62398379834564, -15.417073070731558
-7.968477501356775, -24.759921608523623, -15.441463314633998
-2.8314236278180864, -25.826347332623317, -15.465853558536438
-3.309995921658714e-17, -23.642966430075056, -15.490243802438876
-1.0358256478976527e-16, -18.378930535408422, -15.514634046341317
-1.7188043678934303e-16, -13.120633699968014, -15.539024290243756
-2.3799357521532007e-16, -7.8680759237538656, -15.563414534146194
-3.019219800676965e-16, -2.6212572067659634, -15.587804778048632
-3.636656513464725e-16, 2.619822450995694, -15.61219502195107
-4.232245890516479e-16, 7.85516304953112, -15.636585265853512
-4.805987931832227e-16, 13.084764588840285, -15.66097550975595
-5.357882637411971e-16, 18.308627068923208, -15.685365753658388
-5.88793000725571e-16, 23.526750489779893, -15.709755997560826
2.8126804147397237, 25.671846017769624, -15.734146241463266
7.9093214793690105, 24.582344810122464, -15.758536485365704
12.658113059840975, 22.43779866729215, -15.782926729268144
16.9180794234759, 19.452568863808686, -15.807316973170584
20.48256391226387, 15.670056656359106, -15.831707217073022
23.162254861072135, 11.215140881861583, -15.856097460975462
24.906906124187653, 6.319538647835526, -15.8804877048779
25.71352078053178, 1.192424448781395, -15.904877948780339
25.455691067438057, -3.9908871472187926, -15.929268192682777
24.025539963880014, -8.98098975766683, -15.953658436585219
21.724455079675977, -13.626503183651003, -15.978048680487655
18.599834453390212, -17.758321256350154, -16.002438924390095
14.635745672754263, -21.086979181445066, -16.026829168292533
10.063225132227245, -23.515130890639323, -16.051219412194975
5.135015878659151, -25.0865443416977, -16.075609656097413
4.440892098500626e-16, -25.7046607237821, -16.09999989999985
3.552713678800501e-14, 25.7046607237821, -16.09999989999985
-5.129012138278686, 25.057344085442296, -16.12439014390229
-10.039680932748167, 23.45991367277273, -16.148780387804727
-14.585019184818625, 21.013391144593328, -16.17317063170717
-18.514565792886852, 17.676575757193824, -16.197560875609607
-21.598173366874814, 13.547024011982888, -16.221951119512045
-23.857035427483734, 8.917245177592283, -16.246341363414487
-25.24978169577124, 3.957454823206611, -16.270731607316925
-25.477405971858985, -1.182459650348336, -16.295121851219363
-24.645926953475186, -6.254432545077208, -16.3195120951218
-22.890924155929827, -11.085940142249955, -16.34390233902424
-20.221384706338114, -15.473486662035771, -16.36829258292668
-16.683578712501806, -19.186360467192323, -16.39268282682912
-12.464637847289765, -22.100018195824106, -16.417073070731558
-7.776570067702903, -24.18227169799955, -16.441463314633996
-2.7597238858231505, -25.2303222853143, -16.465853558536438
-2.86696719856504e-17, -23.09397251718996, -16.490243802438876
-9.249363847552108e-17, -17.95098415720058, -16.514634046341314
-1.58500384196921e-16, -12.814278347671376, -16.539024290243752
-2.2668990914984974e-16, -7.683855088602375, -16.563414534146194
-2.970622133343074e-16, -2.5597143799935655, -16.58780477804863
-3.696172967502941e-16, 2.558143778155053, -16.61219502195107
-4.443551593978099e-16, 7.669719385843498, -16.636585265853512
-5.212758012768546e-16, 12.775012443071741, -16.66097550975595
-6.00379222387428e-16, 17.874022949839773, -16.685365753658388
-6.816654227295306e-16, 22.96675090614763, -16.709755997560826
2.739632328301857, 25.06103901255325, -16.734146241463264
7.712456649564931, 23.98835065716581, -16.758536485365706
12.348253943240097, 21.89645750227799, -16.782926729268144
16.510010560344455, 18.98901675959912, -16.807316973170582
19.985766524495045, 15.295804625914794, -16.831707217073024
22.593683054917854, 10.944118692352482, -16.856097460975462
24.297720113902468, 6.167387357498809, -16.8804877048779
25.09150855970865, 1.1659775817439175, -16.90487794878034
24.834701898243754, -3.8903382389880488, -16.929268192682777
23.431948379516097, -8.756662741854766, -16.95365843658522
21.189224702658585, -13.289746354422611, -16.978048680487657
18.146494828163448, -17.323889018758827, -17.002438924390095
14.275634104336087, -20.564936965832615, -17.026829168292533
9.812301265775847, -22.926879225863043, -17.051219412194975
5.00676210586236, -24.462452401734062, -17.07560965609741
4.440892098500626e-16, -25.07112657184678, -17.09999989999985
3.197442310920451e-14, 25.0711265718468, -17.09999989999985
-4.9992247916326455, 24.42570467202335, -17.12439014390229
-9.78276103044651, 22.857736552991895, -17.148780387804727
-14.211573143636429, 20.472351266793602, -17.17317063170717
-18.038374497209112, 17.22046942343671, -17.197560875609607
-21.030391016413198, 13.189965379601235, -17.221951119512045
-23.220699081824847, 8.677263988117515, -17.246341363414484
-24.575019716808963, 3.8489690653131428, -17.270731607316925
-24.792721024579137, -1.1526820692902042, -17.295121851219363
-23.970119367059926, -6.084898200266063, -17.3195120951218
-22.25433442176596, -10.78104586274473, -17.34390233902424
-19.65734355286346, -15.046391624015019, -17.36829258292668
-16.21464824235977, -18.651348315406235, -17.39268282682912
-12.106984851369326, -21.471717319512035, -17.417073070731558
-7.548704056794011, -23.48650884457438, -17.441463314633996
-2.6759123134338365, -24.50316333952214, -17.465853558536438
-3.323133453514745e-17, -22.420917907075314, -17.490243802438876
-1.0368236793626883e-16, -17.422952617343704, -17.514634046341314
-1.7195002645976993e-16, -12.433866803783122, -17.539024290243756
-2.380343101056502e-16, -7.453660466393616, -17.563414534146194
-3.0193521887390984e-16, -2.482333605175162, -17.587804778048632
-3.6365275276454874e-16, 2.4801137798722253, -17.61219502195107
-4.2318691177756724e-16, 7.433681688748568, -17.63658526585351
-4.80537695912965e-16, 12.378370121453841, -17.66097550975595
-5.357051051707419e-16, 17.314179077988044, -17.685365753658388
-5.886891395508985e-16, 22.24110855835122, -17.709755997560826
2.649275901093353, 24.263337011177313, -17.734146241463264
7.460761120080333, 23.21443191775696, -17.758536485365706
11.944981902235483, 21.185193852394224, -17.782926729268144
15.969781561795712, 18.370322359392866, -17.807316973170582
19.32567496800058, 14.79326023165556, -17.83170721707302
21.83895877950999, 10.580420334723431, -17.856097460975462
23.481127817234977, 5.961138292804263, -17.8804877048779
24.244902209320593, 1.1276151291679286, -17.90487794878034
23.988434811500994, -3.7565159427996786, -17.929268192682777
22.62476116602827, -8.454091767335669, -17.95365843658522
20.45456212777815, -12.828596271301969, -17.978048680487653
17.51445169386838, -16.71994355976776, -18.002438924390095
13.773588127494023, -19.84065210016555, -18.026829168292533
9.463648634709221, -22.111637252453733, -18.05121941219497
4.827519038425794, -23.587433158872177, -18.075609656097413
-4.440892098500626e-16, -24.169537808949368, -18.09999989999985
