37.01166571329239, 42.512605906405064, -0.09999989999321635
22.206999547975432, 42.512605906405064, -0.09999989999321635
7.402333382658476, 42.51260590640506, -0.09999989999321635
-7.402332782658483, 42.51260590640506, -0.09999989999321635
-22.206998947975443, 42.51260590640506, -0.09999989999321635
-37.0116651132924, 42.51260590640505, -0.09999989999321635
-37.0116651132924, 42.51260590640505, -0.09999989999321632
-38.78943830376, 42.342765024976075, -0.09999989999321632
-40.4512969676759, 41.70484964860253, -0.09999989999321632
-41.70484965281012, 40.45129697029891, -0.09999989999321632
-42.34276502508355, 38.78943830377848, -0.09999989999321632
-42.51260590640505, 37.01166511329237, -0.09999989999321632
-42.51260590640506, 37.01166571329237, -0.09999989999321635
-42.51260590640506, 22.206999547975414, -0.09999989999321635
-42.51260590640506, 7.402333382658455, -0.09999989999321635
-42.51260590640506, -7.402332782658505, -0.09999989999321635
-42.51260590640506, -22.206998947975464, -0.09999989999321635
-42.51260590640506, -37.01166511329242, -0.09999989999321635
-42.51260590640508, -37.011665113292416, -0.09999989999321632
-42.34276502498907, -38.78943830375958, -0.09999989999321632
-41.70484964860484, -40.451296967673244, -0.09999989999321632
-40.45129697029836, -41.70484965280411, -0.09999989999321632
-38.789438303779754, -42.34276502508189, -0.09999989999321632
-37.01166511329229, -42.512605906405106, -0.09999989999321632
-37.01166511329229, -42.512605906405106, -0.09999989999321635
-22.206998947975364, -42.5126059064051, -0.09999989999321635
-7.402332782658441, -42.5126059064051, -0.09999989999321635
7.402333382658483, -42.5126059064051, -0.09999989999321635
22.206999547975407, -42.51260590640509, -0.09999989999321635
37.01166571329232, -42.51260590640509, -0.09999989999321635
37.0116651132923, -42.5126059064051, -0.09999989999321632
38.789438303759425, -42.34276502498438, -0.09999989999321632
40.45129696767251, -41.70484964860173, -0.09999989999321632
41.704849652808065, -40.451296970300135, -0.09999989999321632
42.34276502507942, -38.789438303779384, -0.09999989999321632
42.51260590640508, -37.0116651132923, -0.09999989999321632
42.51260590640508, -37.01166571329232, -0.09999989999321635
42.51260590640508, -22.206999547975393, -0.09999989999321635
42.51260590640508, -7.402333382658469, -0.09999989999321635
42.51260590640508, 7.402332782658455, -0.09999989999321635
42.51260590640508, 22.20699894797538, -0.09999989999321635
42.51260590640508, 37.01166511329231, -0.09999989999321635
42.512605906405064, 37.0116651132923, -0.09999989999321632
42.34276502498144, 38.78943830375916, -0.09999989999321632
41.70484964860556, 40.45129696767564, -0.09999989999321632
40.45129697030214, 41.70484965281222, -0.09999989999321632
38.78943830377932, 42.3427650250821, -0.09999989999321632
37.0116651132924, 42.512605906405064, -0.09999989999321632
38.09649689720186, 40.660249466129954, -0.5999998999932146
38.85762330464607, 40.47012572802595, -0.5999998999932146
39.549921518735076, 40.10340994598972, -0.5999998999932146
40.10340994598563, 39.54992151874066, -0.5999998999932146
40.47012572802353, 38.85762330465255, -0.5999998999932146
40.660249466129926, 38.09649689720193, -0.5999998999932146
38.09646291458455, 40.660283452088684, -0.5999998999932163
37.88062060416101, 40.68819128346757, -0.5999998999932163
37.66396725756893, 40.70890233505508, -0.5999998999932163
37.446785353804096, 40.72305544621253, -0.5999998999932163
37.229294089295934, 40.73120183087321, -0.5999998999932163
37.01166511329241, 40.73382071388802, -0.5999998999932163
37.01166571329239, 40.733820713888015, -0.5999998999932163
22.206999547975432, 40.733820713888015, -0.5999998999932163
7.402333382658476, 40.73382071388801, -0.5999998999932163
-7.402332782658483, 40.73382071388801, -0.5999998999932163
-22.206998947975443, 40.73382071388801, -0.5999998999932163
-37.0116651132924, 40.733820713888, -0.5999998999932163
-37.011665113292395, 40.733820713888015, -0.5999998999932163
-37.229294089304226, 40.73120183087005, -0.5999998999932163
-37.44678535382084, 40.723055446211916, -0.5999998999932163
-37.66396725759398, 40.708902335054, -0.5999998999932163
-37.88062060419402, 40.68819128346194, -0.5999998999932163
-38.09646291462607, 40.660283452083824, -0.5999998999932163
-38.096496897201874, 40.66024946612994, -0.5999998999932163
-38.8576233046525, 40.47012572802356, -0.5999998999932163
-39.54992151874063, 40.10340994598566, -0.5999998999932163
-40.103409945989696, 39.549921518735104, -0.5999998999932163
-40.47012572802595, 38.85762330464608, -0.5999998999932163
-40.660249466129954, 38.09649689720186, -0.5999998999932163
-40.66028345208719, 38.09646291459184, -0.5999998999932163
-40.688191283466935, 37.8806206041669, -0.5999998999932163
-40.70890233505516, 37.663967257573375, -0.5999998999932163
-40.72305544621302, 37.446785353807066, -0.5999998999932163
-40.7312018308737, 37.229294089297404, -0.5999998999932163
-40.733820713888015, 37.01166511329237, -0.5999998999932163
-40.73382071388801, 37.01166571329237, -0.5999998999932163
-40.73382071388801, 22.206999547975414, -0.5999998999932163
-40.73382071388801, 7.402333382658455, -0.5999998999932163
-40.73382071388801, -7.402332782658505, -0.5999998999932163
-40.73382071388801, -22.206998947975464, -0.5999998999932163
-40.73382071388801, -37.01166511329242, -0.5999998999932163
-40.73382071388802, -37.01166511329243, -0.5999998999932163
-40.73120183087062, -37.22929408929787, -0.5999998999932163
-40.72305544621279, -37.4467853538081, -0.5999998999932163
-40.708902335055164, -37.66396725757485, -0.5999998999932163
-40.68819128346365, -37.88062060416852, -0.5999998999932163
-40.66028345208665, -38.09646291459427, -0.5999998999932163
-40.660249466129954, -38.09649689720192, -0.5999998999932163
-40.470125728023575, -38.857623304652535, -0.5999998999932163
-40.10340994598568, -39.54992151874066, -0.5999998999932163
-39.54992151873514, -40.10340994598971, -0.5999998999932163
-38.85762330464614, -40.470125728025955, -0.5999998999932163
-38.09649689720193, -40.66024946612998, -0.5999998999932163
-38.096462914569535, -40.66028345208931, -0.5999998999932163
-37.88062060414892, -40.68819128346741, -0.5999998999932163
-37.663967257559804, -40.70890233505447, -0.5999998999932163
-37.446785353797964, -40.723055446211774, -0.5999998999932163
-37.22929408929281, -40.73120183087266, -0.5999998999932163
-37.01166511329229, -40.733820713888065, -0.5999998999932163
-37.01166511329229, -40.73382071388806, -0.5999998999932163
-22.206998947975364, -40.73382071388805, -0.5999998999932163
-7.402332782658441, -40.73382071388805, -0.5999998999932163
7.402333382658483, -40.73382071388805, -0.5999998999932163
22.206999547975407, -40.73382071388804, -0.5999998999932163
37.01166571329232, -40.73382071388804, -0.5999998999932163
37.0116651132923, -40.733820713888065, -0.5999998999932163
37.22929408929952, -40.73120183087045, -0.5999998999932163
37.44678535381153, -40.72305544621248, -0.5999998999932163
37.663967257580055, -40.708902335054724, -0.5999998999932163
37.8806206041755, -40.68819128346306, -0.5999998999932163
38.09646291460301, -40.6602834520858, -0.5999998999932163
38.096496897201945, -40.66024946612996, -0.5999998999932163
38.85762330465255, -40.470125728023575, -0.5999998999932163
39.549921518740646, -40.103409945985675, -0.5999998999932163
40.103409945989696, -39.54992151873513, -0.5999998999932163
40.470125728025934, -38.85762330464614, -0.5999998999932163
40.660249466129954, -38.09649689720195, -0.5999998999932163
40.660283452084236, -38.09646291462754, -0.5999998999932163
40.68819128346472, -37.88062060419548, -0.5999998999932163
40.708902335053, -37.66396725759477, -0.5999998999932163
40.723055446210886, -37.44678535382129, -0.5999998999932163
40.73120183087214, -37.22929408930448, -0.5999998999932163
40.733820713888036, -37.01166511329231, -0.5999998999932163
40.73382071388803, -37.01166571329232, -0.5999998999932163
40.73382071388803, -22.206999547975393, -0.5999998999932163
40.73382071388803, -7.402333382658469, -0.5999998999932163
40.73382071388803, 7.402332782658455, -0.5999998999932163
40.73382071388803, 22.20699894797538, -0.5999998999932163
40.73382071388803, 37.01166511329231, -0.5999998999932163
40.733820713888015, 37.01166511329232, -0.5999998999932163
40.73120183087052, 37.229294089295095, -0.5999998999932163
40.723055446212655, 37.44678535380265, -0.5999998999932163
40.708902335055164, 37.66396725756674, -0.5999998999932163
40.68819128346409, 37.88062060415777, -0.5999998999932163
40.66028345208796, 38.09646291458095, -0.5999998999932163
38.09649689720186, 40.660249466129954, -0.5999998999932146
36.26009650797914, 39.64104260190468, -1.0999998999932163
21.75605790478749, 39.64104260190468, -1.0999998999932163
7.252019301595833, 39.64104260190468, -1.0999998999932163
-7.252019301595823, 39.64104260190467, -1.0999998999932163
-21.75605790478748, 39.64104260190467, -1.0999998999932163
-36.26009650797914, 39.64104260190467, -1.0999998999932163
-36.26009650797913, 39.64104260190468, -1.0999998999932163
-37.34455294924432, 39.52819663704452, -1.0999998999932163
-38.35121110739367, 39.117835199819, -1.0999998999932163
-39.11783520025929, 38.3512111067095, -1.0999998999932163
-39.528196637225676, 37.34455294845114, -1.0999998999932163
-39.641042601904694, 36.26009650797913, -1.0999998999932163
-39.64104260190469, 36.26009650797913, -1.0999998999932161
-39.64104260190469, 21.75605790478747, -1.0999998999932161
-39.64104260190469, 7.252019301595805, -1.0999998999932161
-39.64104260190469, -7.252019301595858, -1.0999998999932161
-39.64104260190469, -21.75605790478752, -1.0999998999932161
-39.64104260190469, -36.26009650797919, -1.0999998999932161
-39.6410426019047, -36.26009650797918, -1.0999998999932146
-39.52819663704454, -37.344552949244374, -1.0999998999932146
-39.117835199819005, -38.35121110739372, -1.0999998999932146
-38.35121110670949, -39.11783520025935, -1.0999998999932146
-37.344552948451124, -39.52819663722573, -1.0999998999932146
-36.2600965079791, -39.64104260190476, -1.0999998999932146
-36.260096507979085, -39.64104260190474, -1.0999998999932163
-21.75605790478744, -39.64104260190474, -1.0999998999932163
-7.252019301595794, -39.64104260190474, -1.0999998999932163
7.252019301595851, -39.641042601904736, -1.0999998999932163
21.756057904787497, -39.641042601904736, -1.0999998999932163
36.260096507979135, -39.641042601904736, -1.0999998999932163
36.260096507979114, -39.64104260190473, -1.0999998999932163
37.3445529492443, -39.52819663704457, -1.0999998999932163
38.351211107393674, -39.11783519981904, -1.0999998999932163
39.11783520025931, -38.351211106709535, -1.0999998999932163
39.528196637225705, -37.34455294845117, -1.0999998999932163
39.64104260190473, -36.26009650797914, -1.0999998999932163
39.641042601904715, -36.26009650797913, -1.0999998999932163
39.641042601904715, -21.756057904787482, -1.0999998999932163
39.641042601904715, -7.252019301595837, -1.0999998999932163
39.641042601904715, 7.2520193015958085, -1.0999998999932163
39.641042601904715, 21.756057904787454, -1.0999998999932163
39.641042601904715, 36.26009650797909, -1.0999998999932163
39.6410426019047, 36.26009650797908, -1.0999998999932163
39.528196637044545, 37.34455294924427, -1.0999998999932163
39.11783519981903, 38.35121110739363, -1.0999998999932163
38.35121110670953, 39.11783520025928, -1.0999998999932163
37.34455294845117, 39.528196637225676, -1.0999998999932163
36.26009650797915, 39.6410426019047, -1.0999998999932163
35.187843047724364, 38.56878914164988, -1.5999998999932163
21.112705828634624, 38.56878914164988, -1.5999998999932163
7.037568609544881, 38.56878914164988, -1.5999998999932163
-7.037568609544863, 38.56878914164987, -1.5999998999932163
-21.112705828634606, 38.56878914164987, -1.5999998999932163
-35.18784304772434, 38.56878914164987, -1.5999998999932163
-35.18784304772435, 38.56878914164989, -1.5999998999932163
-36.272299488989525, 38.455943176789724, -1.5999998999932163
-37.27895764713888, 38.04558173956419, -1.5999998999932163
-38.045581740004494, 37.27895764645469, -1.5999998999932163
-38.45594317697088, 36.27229948819634, -1.5999998999932163
-38.568789141649894, 35.18784304772433, -1.5999998999932163
-38.56878914164989, 35.18784304772433, -1.5999998999932161
-38.56878914164989, 21.11270582863458, -1.5999998999932161
-38.56878914164989, 7.037568609544834, -1.5999998999932161
-38.56878914164989, -7.037568609544913, -1.5999998999932161
-38.56878914164989, -21.11270582863466, -1.5999998999932161
-38.56878914164989, -35.187843047724414, -1.5999998999932161
-38.5687891416499, -35.187843047724414, -1.5999998999932163
-38.45594317678974, -36.272299488989596, -1.5999998999932163
-38.0455817395642, -37.27895764713895, -1.5999998999932163
-37.27895764645469, -38.04558174000457, -1.5999998999932163
-36.272299488196325, -38.455943176970955, -1.5999998999932163
-35.1878430477243, -38.56878914164997, -1.5999998999932163
-35.187843047724286, -38.56878914164996, -1.5999998999932163
-21.112705828634557, -38.56878914164996, -1.5999998999932163
-7.037568609544827, -38.56878914164996, -1.5999998999932163
7.037568609544902, -38.56878914164995, -1.5999998999932163
21.11270582863463, -38.56878914164995, -1.5999998999932163
35.18784304772436, -38.56878914164995, -1.5999998999932163
35.18784304772433, -38.56878914164996, -1.5999998999932163
36.27229948898953, -38.45594317678979, -1.5999998999932163
37.278957647138895, -38.04558173956426, -1.5999998999932163
38.04558174000453, -37.27895764645476, -1.5999998999932163
38.455943176970926, -36.27229948819639, -1.5999998999932163
38.568789141649944, -35.18784304772436, -1.5999998999932163
38.56878914164994, -35.18784304772435, -1.5999998999932163
38.56878914164994, -21.11270582863462, -1.5999998999932163
38.56878914164994, -7.037568609544891, -1.5999998999932163
38.56878914164994, 7.037568609544838, -1.5999998999932163
38.56878914164994, 21.112705828634567, -1.5999998999932163
38.56878914164994, 35.18784304772429, -1.5999998999932163
38.56878914164992, 35.18784304772428, -1.5999998999932163
38.455943176789766, 36.27229948898947, -1.5999998999932163
38.04558173956424, 37.27895764713883, -1.5999998999932163
37.27895764645476, 38.04558174000448, -1.5999998999932163
36.272299488196396, 38.45594317697088, -1.5999998999932163
35.18784304772437, 38.5687891416499, -1.5999998999932163
34.11558958746959, 37.496535681395095, -2.0999998999932163
20.469353752481766, 37.496535681395095, -2.0999998999932163
6.8231179174939385, 37.496535681395095, -2.0999998999932163
-6.823117917493889, 37.49653568139509, -2.0999998999932163
-20.469353752481716, 37.49653568139509, -2.0999998999932163
-34.11558958746954, 37.49653568139509, -2.0999998999932163
-34.11558958746953, 37.49653568139509, -2.0999998999932163
-35.20004602873471, 37.38368971653493, -2.0999998999932163
-36.20670418688407, 36.9733282793094, -2.0999998999932163
-36.973328279749694, 36.20670418619991, -2.0999998999932163
-37.38368971671608, 35.200046027941546, -2.0999998999932163
-37.4965356813951, 34.11558958746953, -2.0999998999932163
-37.49653568139509, 34.11558958746953, -2.099999899993216
-37.49653568139509, 20.469353752481695, -2.099999899993216
-37.49653568139509, 6.82311791749386, -2.099999899993216
-37.49653568139509, -6.823117917493974, -2.099999899993216
-37.49653568139509, -20.46935375248181, -2.099999899993216
-37.49653568139509, -34.11558958746964, -2.099999899993216
-37.4965356813951, -34.11558958746963, -2.0999998999932163
-37.383689716534946, -35.20004602873482, -2.0999998999932163
-36.973328279309406, -36.206704186884174, -2.0999998999932163
-36.20670418619989, -36.97332827974979, -2.0999998999932163
-35.200046027941525, -37.38368971671618, -2.0999998999932163
-34.1155895874695, -37.4965356813952, -2.0999998999932163
-34.115589587469486, -37.49653568139519, -2.0999998999932163
-20.469353752481673, -37.49653568139519, -2.0999998999932163
-6.823117917493864, -37.49653568139519, -2.0999998999932163
6.823117917493946, -37.49653568139518, -2.0999998999932163
20.46935375248176, -37.49653568139518, -2.0999998999932163
34.11558958746957, -37.49653568139518, -2.0999998999932163
34.11558958746956, -37.49653568139518, -2.0999998999932163
35.200046028734754, -37.38368971653502, -2.0999998999932163
36.206704186884124, -36.973328279309484, -2.0999998999932163
36.97332827974975, -36.206704186199985, -2.0999998999932163
37.38368971671615, -35.20004602794161, -2.0999998999932163
37.49653568139517, -34.115589587469586, -2.0999998999932163
37.496535681395166, -34.11558958746957, -2.0999998999932163
37.496535681395166, -20.46935375248176, -2.0999998999932163
37.496535681395166, -6.823117917493942, -2.0999998999932163
37.496535681395166, 6.8231179174938745, -2.0999998999932163
37.496535681395166, 20.469353752481688, -2.0999998999932163
37.496535681395166, 34.1155895874695, -2.0999998999932163
37.496535681395144, 34.11558958746947, -2.0999998999932163
37.38368971653499, 35.20004602873466, -2.0999998999932163
36.97332827930947, 36.20670418688403, -2.0999998999932163
36.20670418619998, 36.97332827974968, -2.0999998999932163
35.200046027941625, 37.38368971671608, -2.0999998999932163
34.11558958746959, 37.4965356813951, -2.0999998999932163
33.043336127214815, 36.424282221140295, -2.5999998999932163
19.8260016763289, 36.424282221140295, -2.5999998999932163
6.608667225442986, 36.424282221140295, -2.5999998999932163
-6.608667225442929, 36.42428222114029, -2.5999998999932163
-19.826001676328843, 36.42428222114029, -2.5999998999932163
-33.04333612721475, 36.42428222114029, -2.5999998999932163
-33.043336127214744, 36.42428222114029, -2.5999998999932163
-34.127792568479926, 36.31143625628013, -2.5999998999932163
-35.13445072662928, 35.9010748190546, -2.5999998999932163
-35.901074819494895, 35.1344507259451, -2.5999998999932163
-36.311436256461285, 34.12779256768675, -2.5999998999932163
-36.4242822211403, 33.043336127214744, -2.5999998999932163
-36.42428222114029, 33.04333612721474, -2.599999899993216
-36.42428222114029, 19.826001676328815, -2.599999899993216
-36.42428222114029, 6.608667225442893, -2.599999899993216
-36.42428222114029, -6.608667225443028, -2.599999899993216
-36.42428222114029, -19.82600167632895, -2.599999899993216
-36.42428222114029, -33.043336127214864, -2.599999899993216
-36.42428222114031, -33.04333612721486, -2.5999998999932163
-36.311436256280146, -34.12779256848004, -2.5999998999932163
-35.901074819054614, -35.134450726629396, -2.5999998999932163
-35.1344507259451, -35.90107481949502, -2.5999998999932163
-34.127792567686726, -36.311436256461405, -2.5999998999932163
-33.04333612721471, -36.42428222114043, -2.5999998999932163
-33.043336127214694, -36.424282221140416, -2.5999998999932163
-19.826001676328797, -36.424282221140416, -2.5999998999932163
-6.6086672254429, -36.424282221140416, -2.5999998999932163
6.608667225442996, -36.42428222114041, -2.5999998999932163
19.826001676328893, -36.42428222114041, -2.5999998999932163
33.0433361272148, -36.42428222114041, -2.5999998999932163
33.04333612721478, -36.4242822211404, -2.5999998999932163
34.127792568479975, -36.31143625628024, -2.5999998999932163
35.13445072662934, -35.90107481905471, -2.5999998999932163
35.90107481949498, -35.1344507259452, -2.5999998999932163
36.31143625646138, -34.12779256768684, -2.5999998999932163
36.424282221140395, -33.04333612721481, -2.5999998999932163
36.42428222114039, -33.0433361272148, -2.5999998999932163
36.42428222114039, -19.8260016763289, -2.5999998999932163
36.42428222114039, -6.608667225443, -2.5999998999932163
36.42428222114039, 6.6086672254429, -2.5999998999932163
36.42428222114039, 19.8260016763288, -2.5999998999932163
36.42428222114039, 33.0433361272147, -2.5999998999932163
36.42428222114037, 33.04333612721469, -2.5999998999932163
36.31143625628021, 34.127792568479876, -2.5999998999932163
35.90107481905469, 35.13445072662924, -2.5999998999932163
35.1344507259452, 35.90107481949488, -2.5999998999932163
34.12779256768684, 36.311436256461285, -2.5999998999932163
33.043336127214815, 36.4242822211403, -2.5999998999932163
31.971082666960037, 35.352028760885496, -3.0999998999932163
19.182649600176042, 35.352028760885496, -3.0999998999932163
6.3942165333920435, 35.352028760885496, -3.0999998999932163
-6.394216533391955, 35.35202876088549, -3.0999998999932163
-19.182649600175953, 35.35202876088549, -3.0999998999932163
-31.97108266695995, 35.35202876088549, -3.0999998999932163
-31.971082666959937, 35.35202876088549, -3.0999998999932163
-33.05553910822512, 35.23918279602533, -3.0999998999932163
-34.062197266374476, 34.82882135879981, -3.0999998999932163
-34.828821359240095, 34.062197265690315, -3.0999998999932163
-35.23918279620648, 33.055539107431954, -3.0999998999932163
-35.3520287608855, 31.971082666959937, -3.0999998999932163
-35.3520287608855, 31.97108266695993, -3.099999899993216
-35.3520287608855, 19.182649600175928, -3.099999899993216
-35.3520287608855, 6.394216533391926, -3.099999899993216
-35.3520287608855, -6.3942165333920755, -3.099999899993216
-35.3520287608855, -19.182649600176077, -3.099999899993216
-35.3520287608855, -31.971082666960086, -3.099999899993216
-35.35202876088552, -31.971082666960083, -3.0999998999932163
-35.23918279602535, -33.05553910822527, -3.0999998999932163
-34.828821358799814, -34.062197266374625, -3.0999998999932163
-34.0621972656903, -34.828821359240244, -3.0999998999932163
-33.05553910743193, -35.23918279620663, -3.0999998999932163
-31.971082666959912, -35.352028760885645, -3.0999998999932163
-31.971082666959894, -35.35202876088563, -3.0999998999932163
-19.18264960017591, -35.35202876088563, -3.0999998999932163
-6.394216533391926, -35.35202876088563, -3.0999998999932163
6.394216533392058, -35.352028760885624, -3.0999998999932163
19.182649600176042, -35.352028760885624, -3.0999998999932163
31.971082666960022, -35.352028760885624, -3.0999998999932163
31.971082666960005, -35.35202876088563, -3.0999998999932163
33.05553910822519, -35.239182796025474, -3.0999998999932163
34.06219726637456, -34.82882135879994, -3.0999998999932163
34.828821359240195, -34.06219726569044, -3.0999998999932163
35.23918279620659, -33.05553910743208, -3.0999998999932163
35.35202876088562, -31.971082666960044, -3.0999998999932163
35.35202876088562, -31.971082666960022, -3.0999998999932163
35.35202876088562, -19.18264960017604, -3.0999998999932163
35.35202876088562, -6.394216533392054, -3.0999998999932163
35.35202876088562, 6.39421653339193, -3.0999998999932163
35.35202876088562, 19.182649600175914, -3.0999998999932163
35.35202876088562, 31.9710826669599, -3.0999998999932163
35.35202876088559, 31.971082666959887, -3.0999998999932163
35.23918279602543, 33.05553910822508, -3.0999998999932163
34.828821358799914, 34.06219726637444, -3.0999998999932163
34.06219726569042, 34.82882135924008, -3.0999998999932163
33.055539107432054, 35.239182796206485, -3.0999998999932163
31.971082666960033, 35.35202876088551, -3.0999998999932163
30.898829206705265, 34.279775300630696, -3.5999998999932163
18.539297524023176, 34.279775300630696, -3.5999998999932163
6.179765841341091, 34.279775300630696, -3.5999998999932163
-6.179765841340995, 34.27977530063069, -3.5999998999932163
-18.53929752402308, 34.27977530063069, -3.5999998999932163
-30.89882920670516, 34.27977530063069, -3.5999998999932163
-30.898829206705145, 34.279775300630696, -3.5999998999932163
-31.983285647970323, 34.16692933577054, -3.5999998999932163
-32.98994380611968, 33.756567898545015, -3.5999998999932163
-33.7565678989853, 32.989943805435516, -3.5999998999932163
-34.166929335951686, 31.98328564717716, -3.5999998999932163
-34.27977530063071, 30.898829206705145, -3.5999998999932163
-34.2797753006307, 30.898829206705138, -3.5999998999932155
-34.2797753006307, 18.53929752402305, -3.5999998999932155
-34.2797753006307, 6.179765841340959, -3.5999998999932155
-34.2797753006307, -6.17976584134113, -3.5999998999932155
-34.2797753006307, -18.53929752402322, -3.5999998999932155
-34.2797753006307, -30.898829206705308, -3.5999998999932155
-34.27977530063072, -30.898829206705294, -3.5999998999932163
-34.166929335770554, -31.983285647970487, -3.5999998999932163
-33.756567898545015, -32.98994380611985, -3.5999998999932163
-32.9899438054355, -33.756567898985466, -3.5999998999932163
-31.983285647177137, -34.16692933595185, -3.5999998999932163
-30.89882920670511, -34.279775300630874, -3.5999998999932163
-30.8988292067051, -34.27977530063086, -3.5999998999932163
-18.539297524023027, -34.27977530063086, -3.5999998999932163
-6.179765841340959, -34.27977530063086, -3.5999998999932163
6.1797658413411085, -34.27977530063085, -3.5999998999932163
18.539297524023176, -34.27977530063085, -3.5999998999932163
30.89882920670525, -34.27977530063085, -3.5999998999932163
30.89882920670523, -34.27977530063085, -3.5999998999932163
31.983285647970426, -34.16692933577069, -3.5999998999932163
32.98994380611979, -33.75656789854516, -3.5999998999932163
33.75656789898542, -32.98994380543566, -3.5999998999932163
34.16692933595182, -31.983285647177286, -3.5999998999932163
34.279775300630845, -30.89882920670526, -3.5999998999932163
34.27977530063083, -30.898829206705244, -3.5999998999932163
34.27977530063083, -18.539297524023173, -3.5999998999932163
34.27977530063083, -6.179765841341101, -3.5999998999932163
34.27977530063083, 6.17976584134097, -3.5999998999932163
34.27977530063083, 18.53929752402304, -3.5999998999932163
34.27977530063083, 30.89882920670511, -3.5999998999932163
34.27977530063082, 30.898829206705095, -3.5999998999932163
34.166929335770654, 31.983285647970284, -3.5999998999932163
33.756567898545136, 32.98994380611964, -3.5999998999932163
32.989943805435644, 33.75656789898529, -3.5999998999932163
31.983285647177283, 34.166929335951686, -3.5999998999932163
30.898829206705265, 34.27977530063071, -3.5999998999932163
29.82657574645048, 33.2075218403759, -4.099999899993216
17.89594544787031, 33.2075218403759, -4.099999899993216
5.9653151492901415, 33.2075218403759, -4.099999899993216
-5.965315149290028, 33.20752184037589, -4.099999899993216
-17.895945447870197, 33.20752184037589, -4.099999899993216
-29.82657574645036, 33.20752184037589, -4.099999899993216
-29.826575746450366, 33.207521840375904, -4.099999899993216
-30.91103218771554, 33.09467587551574, -4.099999899993216
-31.917690345864894, 32.68431443829021, -4.099999899993216
-32.68431443873051, 31.91769034518071, -4.099999899993216
-33.09467587569689, 30.911032186922352, -4.099999899993216
-33.20752184037591, 29.826575746450345, -4.099999899993216
-33.207521840375904, 29.826575746450345, -4.099999899993216
-33.207521840375904, 17.89594544787017, -4.099999899993216
-33.207521840375904, 5.965315149289992, -4.099999899993216
-33.207521840375904, -5.965315149290184, -4.099999899993216
-33.207521840375904, -17.89594544787036, -4.099999899993216
-33.207521840375904, -29.826575746450533, -4.099999899993216
-33.20752184037592, -29.82657574645053, -4.099999899993215
-33.09467587551576, -30.911032187715712, -4.099999899993215
-32.68431443829023, -31.91769034586507, -4.099999899993215
-31.917690345180713, -32.684314438730695, -4.099999899993215
-30.911032186922345, -33.09467587569708, -4.099999899993215
-29.826575746450324, -33.207521840376096, -4.099999899993215
-29.8265757464503, -33.207521840376074, -4.099999899993216
-17.895945447870147, -33.207521840376074, -4.099999899993216
-5.965315149289996, -33.207521840376074, -4.099999899993216
5.965315149290156, -33.20752184037607, -4.099999899993216
17.89594544787031, -33.20752184037607, -4.099999899993216
29.826575746450466, -33.20752184037607, -4.099999899993216
29.826575746450445, -33.20752184037608, -4.099999899993216
30.911032187715634, -33.09467587551592, -4.099999899993216
31.917690345865008, -32.68431443829039, -4.099999899993216
32.68431443873064, -31.917690345180894, -4.099999899993216
33.094675875697035, -30.91103218692252, -4.099999899993216
33.20752184037607, -29.82657574645048, -4.099999899993216
33.20752184037606, -29.82657574645047, -4.099999899993216
33.20752184037606, -17.89594544787031, -4.099999899993216
33.20752184037606, -5.965315149290152, -4.099999899993216
33.20752184037606, 5.9653151492900065, -4.099999899993216
33.20752184037606, 17.89594544787016, -4.099999899993216
33.20752184037606, 29.826575746450317, -4.099999899993216
33.20752184037604, 29.826575746450303, -4.099999899993216
33.09467587551588, 30.91103218771549, -4.099999899993216
32.684314438290365, 31.917690345864855, -4.099999899993216
31.917690345180866, 32.684314438730496, -4.099999899993216
30.911032186922505, 33.094675875696886, -4.099999899993216
29.82657574645048, 33.20752184037592, -4.099999899993216
28.75432228619571, 32.135268380121104, -4.599999899993216
17.252593371717452, 32.135268380121104, -4.599999899993216
5.750864457239196, 32.135268380121104, -4.599999899993216
-5.750864457239061, 32.1352683801211, -4.599999899993216
-17.252593371717317, 32.1352683801211, -4.599999899993216
-28.754322286195563, 32.1352683801211, -4.599999899993216
-28.754322286195553, 32.135268380121104, -4.599999899993216
-29.83877872746074, 32.02242241526095, -4.599999899993216
-30.84543688561009, 31.61206097803542, -4.599999899993216
-31.61206097847571, 30.84543688492592, -4.599999899993216
-32.022422415442094, 29.838778726667563, -4.599999899993216
-32.13526838012112, 28.754322286195553, -4.599999899993216
-32.135268380121104, 28.754322286195546, -4.5999998999932155
-32.135268380121104, 17.252593371717282, -4.5999998999932155
-32.135268380121104, 5.750864457239022, -4.5999998999932155
-32.135268380121104, -5.7508644572392384, -4.5999998999932155
-32.135268380121104, -17.2525933717175, -4.5999998999932155
-32.135268380121104, -28.754322286195755, -4.5999998999932155
-32.13526838012112, -28.754322286195745, -4.599999899993216
-32.022422415260955, -29.83877872746093, -4.599999899993216
-31.612060978035423, -30.845436885610287, -4.599999899993216
-30.84543688492591, -31.612060978475913, -4.599999899993216
-29.83877872666754, -32.02242241544229, -4.599999899993216
-28.75432228619552, -32.13526838012132, -4.599999899993216
-28.754322286195503, -32.1352683801213, -4.599999899993216
-17.252593371717264, -32.1352683801213, -4.599999899993216
-5.750864457239025, -32.1352683801213, -4.599999899993216
5.750864457239214, -32.135268380121296, -4.599999899993216
17.252593371717452, -32.135268380121296, -4.599999899993216
28.754322286195695, -32.135268380121296, -4.599999899993216
28.754322286195674, -32.135268380121296, -4.599999899993217
29.838778727460863, -32.02242241526114, -4.599999899993217
30.845436885610233, -31.612060978035615, -4.599999899993217
31.61206097847586, -30.845436884926116, -4.599999899993217
32.022422415442264, -29.838778726667748, -4.599999899993217
32.13526838012129, -28.754322286195716, -4.599999899993217
32.13526838012128, -28.75432228619569, -4.599999899993216
32.13526838012128, -17.252593371717452, -4.599999899993216
32.13526838012128, -5.75086445723921, -4.599999899993216
32.13526838012128, 5.750864457239032, -4.599999899993216
32.13526838012128, 17.252593371717275, -4.599999899993216
32.13526838012128, 28.754322286195517, -4.599999899993216
32.13526838012126, 28.754322286195496, -4.599999899993216
32.022422415261104, 29.83877872746069, -4.599999899993216
31.612060978035586, 30.84543688561005, -4.599999899993216
30.845436884926094, 31.612060978475693, -4.599999899993216
29.838778726667726, 32.022422415442094, -4.599999899993216
28.75432228619571, 32.13526838012112, -4.599999899993216
27.68206882594093, 31.063014919866305, -5.099999899993216
16.609241295564594, 31.063014919866305, -5.099999899993216
5.536413765188254, 31.0630149198663, -5.099999899993216
-5.536413765188087, 31.0630149198663, -5.099999899993216
-16.609241295564427, 31.063014919866298, -5.099999899993216
-27.682068825940767, 31.063014919866298, -5.099999899993216
-27.682068825940757, 31.06301491986631, -5.099999899993216
-28.766525267205942, 30.950168955006152, -5.099999899993216
-29.773183425355295, 30.539807517780623, -5.099999899993216
-30.539807518220915, 29.773183424671124, -5.099999899993216
-30.9501689551873, 28.766525266412767, -5.099999899993216
-31.06301491986632, 27.682068825940753, -5.099999899993216
-31.063014919866312, 27.682068825940746, -5.0999998999932155
-31.063014919866312, 16.609241295564402, -5.0999998999932155
-31.063014919866312, 5.536413765188058, -5.0999998999932155
-31.063014919866312, -5.536413765188286, -5.0999998999932155
-31.063014919866312, -16.60924129556463, -5.0999998999932155
-31.063014919866312, -27.68206882594098, -5.0999998999932155
-31.06301491986632, -27.682068825940966, -5.099999899993216
-30.95016895500616, -28.766525267206156, -5.099999899993216
-30.539807517780627, -29.773183425355512, -5.099999899993216
-29.773183424671117, -30.539807518221135, -5.099999899993216
-28.76652526641275, -30.950168955187518, -5.099999899993216
-27.682068825940725, -31.06301491986654, -5.099999899993216
-27.682068825940704, -31.063014919866525, -5.099999899993216
-16.60924129556438, -31.063014919866525, -5.099999899993216
-5.536413765188055, -31.06301491986652, -5.099999899993216
5.536413765188271, -31.06301491986652, -5.099999899993216
16.609241295564594, -31.063014919866518, -5.099999899993216
27.682068825940917, -31.063014919866518, -5.099999899993216
27.6820688259409, -31.063014919866525, -5.099999899993216
28.766525267206088, -30.95016895500637, -5.099999899993216
29.773183425355455, -30.539807517780837, -5.099999899993216
30.539807518221085, -29.773183424671338, -5.099999899993216
30.950168955187486, -28.766525266412977, -5.099999899993216
31.063014919866514, -27.68206882594094, -5.099999899993216
31.063014919866504, -27.682068825940917, -5.099999899993216
31.063014919866504, -16.60924129556459, -5.099999899993216
31.063014919866504, -5.536413765188264, -5.099999899993216
31.063014919866504, 5.536413765188062, -5.099999899993216
31.063014919866504, 16.609241295564388, -5.099999899993216
31.063014919866504, 27.682068825940718, -5.099999899993216
31.063014919866486, 27.682068825940704, -5.099999899993216
30.950168955006326, 28.766525267205893, -5.099999899993216
30.539807517780808, 29.773183425355253, -5.099999899993216
29.773183424671316, 30.539807518220897, -5.099999899993216
28.766525266412952, 30.950168955187298, -5.099999899993216
27.682068825940927, 31.063014919866323, -5.099999899993216
26.609815365686153, 29.990761459611512, -5.599999899993216
15.965889219411729, 29.990761459611512, -5.599999899993216
5.321963073137304, 29.99076145961151, -5.599999899993216
-5.32196307313712, 29.99076145961151, -5.599999899993216
-15.965889219411544, 29.990761459611505, -5.599999899993216
-26.60981536568597, 29.990761459611505, -5.599999899993216
-26.60981536568596, 29.990761459611512, -5.599999899993216
-27.694271806951146, 29.877915494751356, -5.599999899993216
-28.7009299651005, 29.467554057525827, -5.599999899993216
-29.46755405796612, 28.70092996441633, -5.599999899993216
-29.877915494932505, 27.69427180615797, -5.599999899993216
-29.990761459611523, 26.60981536568596, -5.599999899993216
-29.990761459611512, 26.609815365685954, -5.5999998999932155
-29.990761459611512, 15.965889219411523, -5.5999998999932155
-29.990761459611512, 5.321963073137091, -5.5999998999932155
-29.990761459611512, -5.32196307313734, -5.5999998999932155
-29.990761459611512, -15.965889219411771, -5.5999998999932155
-29.990761459611512, -26.609815365686202, -5.5999998999932155
-29.990761459611527, -26.609815365686195, -5.599999899993216
-29.877915494751363, -27.694271806951377, -5.599999899993216
-29.467554057525827, -28.700929965100737, -5.599999899993216
-28.700929964416314, -29.46755405796636, -5.599999899993216
-27.694271806157946, -29.877915494932743, -5.599999899993216
-26.609815365685925, -29.990761459611765, -5.599999899993216
-26.60981536568591, -29.99076145961175, -5.599999899993216
-15.965889219411501, -29.99076145961175, -5.599999899993216
-5.321963073137091, -29.990761459611747, -5.599999899993216
5.321963073137319, -29.990761459611747, -5.599999899993216
15.965889219411729, -29.990761459611743, -5.599999899993216
26.60981536568614, -29.990761459611743, -5.599999899993216
26.609815365686124, -29.990761459611747, -5.599999899993216
27.69427180695132, -29.877915494751583, -5.599999899993216
28.700929965100684, -29.467554057526055, -5.599999899993216
29.467554057966318, -28.70092996441655, -5.599999899993216
29.877915494932715, -27.69427180615818, -5.599999899993216
29.99076145961174, -26.609815365686153, -5.599999899993216
29.990761459611726, -26.60981536568614, -5.599999899993216
29.990761459611726, -15.965889219411727, -5.599999899993216
29.990761459611726, -5.321963073137315, -5.599999899993216
29.990761459611726, 5.321963073137098, -5.599999899993216
29.990761459611726, 15.965889219411508, -5.599999899993216
29.990761459611726, 26.609815365685918, -5.599999899993216
29.99076145961171, 26.60981536568591, -5.599999899993216
29.877915494751555, 27.6942718069511, -5.599999899993216
29.46755405752603, 28.700929965100464, -5.599999899993216
28.700929964416538, 29.467554057966105, -5.599999899993216
27.694271806158177, 29.8779154949325, -5.599999899993216
26.609815365686153, 29.990761459611527, -5.599999899993216
25.53756190543138, 28.918507999356713, -6.099999899993216
15.32253714325887, 28.918507999356713, -6.099999899993216
5.107512381086359, 28.91850799935671, -6.099999899993216
-5.107512381086153, 28.91850799935671, -6.099999899993216
-15.322537143258664, 28.918507999356706, -6.099999899993216
-25.537561905431176, 28.918507999356706, -6.099999899993216
-25.537561905431165, 28.918507999356713, -6.099999899993216
-26.62201834669635, 28.805662034496557, -6.099999899993216
-27.628676504845703, 28.395300597271028, -6.099999899993216
-28.395300597711323, 27.62867650416153, -6.099999899993216
-28.80566203467771, 26.62201834590317, -6.099999899993216
-28.918507999356727, 25.537561905431172, -6.099999899993216
-28.918507999356716, 25.537561905431154, -6.0999998999932155
-28.918507999356716, 15.322537143258643, -6.0999998999932155
-28.918507999356716, 5.107512381086128, -6.0999998999932155
-28.918507999356716, -5.107512381086387, -6.0999998999932155
-28.918507999356716, -15.322537143258902, -6.0999998999932155
-28.918507999356716, -25.537561905431424, -6.0999998999932155
-28.918507999356734, -25.537561905431417, -6.099999899993216
-28.80566203449657, -26.622018346696603, -6.099999899993216
-28.395300597271035, -27.628676504845963, -6.099999899993216
-27.628676504161522, -28.395300597711586, -6.099999899993216
-26.622018345903154, -28.80566203467797, -6.099999899993216
-25.537561905431133, -28.91850799935699, -6.099999899993216
-25.53756190543111, -28.918507999356976, -6.099999899993216
-15.322537143258616, -28.918507999356976, -6.099999899993216
-5.107512381086121, -28.918507999356972, -6.099999899993216
5.107512381086373, -28.918507999356972, -6.099999899993216
15.32253714325887, -28.91850799935697, -6.099999899993216
25.537561905431367, -28.91850799935697, -6.099999899993216
25.537561905431346, -28.91850799935697, -6.099999899993216
26.622018346696535, -28.805662034496812, -6.099999899993216
27.628676504845902, -28.395300597271287, -6.099999899993216
28.395300597711532, -27.62867650416179, -6.099999899993216
28.805662034677933, -26.62201834590342, -6.099999899993216
28.91850799935696, -25.53756190543139, -6.099999899993216
28.91850799935695, -25.53756190543136, -6.099999899993216
28.91850799935695, -15.322537143258863, -6.099999899993216
28.91850799935695, -5.107512381086366, -6.099999899993216
28.91850799935695, 5.107512381086131, -6.099999899993216
28.91850799935695, 15.322537143258629, -6.099999899993216
28.91850799935695, 25.537561905431126, -6.099999899993216
28.918507999356933, 25.537561905431108, -6.099999899993216
28.805662034496773, 26.6220183466963, -6.099999899993216
28.395300597271255, 27.628676504845657, -6.099999899993216
27.628676504161763, 28.395300597711305, -6.099999899993216
26.6220183459034, 28.805662034677702, -6.099999899993216
25.537561905431374, 28.918507999356727, -6.099999899993216
24.465308445176596, 27.846254539101917, -6.599999899993216
14.679185067105998, 27.846254539101917, -6.599999899993216
4.893061689035402, 27.846254539101913, -6.599999899993216
-4.893061689035193, 27.846254539101913, -6.599999899993216
-14.679185067105788, 27.84625453910191, -6.599999899993216
-24.465308445176376, 27.84625453910191, -6.599999899993216
-24.465308445176365, 27.84625453910192, -6.599999899993216
-25.54976488644155, 27.733408574241764, -6.599999899993216
-26.556423044590904, 27.323047137016236, -6.599999899993216
-27.323047137456523, 26.556423043906737, -6.599999899993216
-27.73340857442291, 25.54976488564838, -6.599999899993216
-27.846254539101928, 24.46530844517637, -6.599999899993216
-27.84625453910192, 24.465308445176362, -6.5999998999932155
-27.84625453910192, 14.679185067105763, -6.5999998999932155
-27.84625453910192, 4.893061689035161, -6.5999998999932155
-27.84625453910192, -4.8930616890354415, -6.5999998999932155
-27.84625453910192, -14.679185067106044, -6.5999998999932155
-27.84625453910192, -24.46530844517665, -6.5999998999932155
-27.846254539101935, -24.46530844517664, -6.599999899993216
-27.73340857424177, -25.549764886441825, -6.599999899993216
-27.323047137016236, -26.556423044591185, -6.599999899993216
-26.556423043906722, -27.323047137456808, -6.599999899993216
-25.549764885648354, -27.73340857442319, -6.599999899993216
-24.465308445176333, -27.846254539102212, -6.599999899993216
-24.465308445176312, -27.846254539102198, -6.599999899993216
-14.679185067105733, -27.846254539102198, -6.599999899993216
-4.893061689035154, -27.846254539102194, -6.599999899993216
4.893061689035427, -27.846254539102194, -6.599999899993216
14.679185067106005, -27.84625453910219, -6.599999899993216
24.465308445176582, -27.84625453910219, -6.599999899993216
24.465308445176568, -27.846254539102194, -6.599999899993216
25.549764886441764, -27.73340857424203, -6.599999899993216
26.55642304459113, -27.323047137016502, -6.599999899993216
27.323047137456765, -26.556423043906996, -6.599999899993216
27.733408574423162, -25.549764885648628, -6.599999899993216
27.846254539102183, -24.4653084451766, -6.599999899993216
27.846254539102173, -24.465308445176586, -6.599999899993216
27.846254539102173, -14.679185067106005, -6.599999899993216
27.846254539102173, -4.893061689035424, -6.599999899993216
27.846254539102173, 4.893061689035157, -6.599999899993216
27.846254539102173, 14.679185067105735, -6.599999899993216
27.846254539102173, 24.465308445176326, -6.599999899993216
27.846254539102155, 24.465308445176316, -6.599999899993216
27.733408574242, 25.549764886441505, -6.599999899993216
27.323047137016477, 26.55642304459087, -6.599999899993216
26.55642304390698, 27.32304713745651, -6.599999899993216
25.54976488564862, 27.733408574422903, -6.599999899993216
24.465308445176596, 27.84625453910193, -6.599999899993216
23.393054984921825, 26.77400107884712, -7.099999899993216
14.035832990953146, 26.77400107884712, -7.099999899993216
4.678610996984464, 26.774001078847117, -7.099999899993216
-4.678610996984219, 26.774001078847117, -7.099999899993216
-14.035832990952901, 26.774001078847114, -7.099999899993216
-23.39305498492158, 26.774001078847114, -7.099999899993216
-23.393054984921566, 26.77400107884712, -7.099999899993218
-24.47751142618675, 26.661155113986965, -7.099999899993218
-25.484169584336104, 26.250793676761436, -7.099999899993218
-26.250793677201724, 25.484169583651937, -7.099999899993218
-26.66115511416811, 24.47751142539358, -7.099999899993218
-26.774001078847128, 23.39305498492158, -7.099999899993218
-26.774001078847125, 23.393054984921562, -7.0999998999932155
-26.774001078847125, 14.035832990952876, -7.0999998999932155
-26.774001078847125, 4.67861099698419, -7.0999998999932155
-26.774001078847125, -4.678610996984496, -7.0999998999932155
-26.774001078847125, -14.035832990953184, -7.0999998999932155
-26.774001078847125, -23.39305498492187, -7.0999998999932155
-26.77400107884714, -23.39305498492186, -7.099999899993216
-26.66115511398698, -24.477511426187053, -7.099999899993216
-26.250793676761447, -25.48416958433641, -7.099999899993216
-25.484169583651934, -26.250793677202036, -7.099999899993216
-24.477511425393566, -26.66115511416842, -7.099999899993216
-23.39305498492154, -26.77400107884744, -7.099999899993216
-23.393054984921516, -26.77400107884742, -7.099999899993216
-14.035832990952851, -26.77400107884742, -7.099999899993216
-4.678610996984187, -26.774001078847416, -7.099999899993216
4.678610996984478, -26.774001078847416, -7.099999899993216
14.035832990953146, -26.774001078847412, -7.099999899993216
23.39305498492181, -26.774001078847412, -7.099999899993216
23.393054984921793, -26.774001078847416, -7.099999899993216
24.477511426186982, -26.66115511398726, -7.099999899993216
25.48416958433635, -26.25079367676173, -7.099999899993216
26.25079367720198, -25.484169583652232, -7.099999899993216
26.66115511416838, -24.477511425393867, -7.099999899993216
26.77400107884741, -23.393054984921836, -7.099999899993216
26.774001078847398, -23.393054984921807, -7.099999899993216
26.774001078847398, -14.03583299095314, -7.099999899993216
26.774001078847398, -4.678610996984471, -7.099999899993216
26.774001078847398, 4.678610996984197, -7.099999899993216
26.774001078847398, 14.03583299095287, -7.099999899993216
26.774001078847398, 23.393054984921534, -7.099999899993216
26.774001078847377, 23.39305498492152, -7.099999899993216
26.66115511398722, 24.47751142618671, -7.099999899993216
26.250793676761702, 25.484169584336072, -7.099999899993216
25.484169583652204, 26.250793677201713, -7.099999899993216
24.477511425393843, 26.661155114168103, -7.099999899993216
23.393054984921818, 26.774001078847135, -7.099999899993216
22.320801524667047, 25.701747618592325, -7.599999899993216
13.39248091480028, 25.701747618592325, -7.599999899993216
4.464160304933515, 25.70174761859232, -7.599999899993216
-4.464160304933252, 25.70174761859232, -7.599999899993216
-13.392480914800018, 25.701747618592318, -7.599999899993216
-22.320801524666784, 25.701747618592318, -7.599999899993216
-22.320801524666766, 25.70174761859232, -7.599999899993218
-23.405257965931952, 25.588901653732165, -7.599999899993218
-24.411916124081305, 25.178540216506637, -7.599999899993218
-25.178540216946924, 24.411916123397138, -7.599999899993218
-25.58890165391331, 23.40525796513878, -7.599999899993218
-25.70174761859233, 22.32080152466677, -7.599999899993218
-25.70174761859233, 22.320801524666763, -7.599999899993215
-25.70174761859233, 13.39248091479999, -7.599999899993215
-25.70174761859233, 4.46416030493322, -7.599999899993215
-25.70174761859233, -4.46416030493355, -7.599999899993215
-25.70174761859233, -13.39248091480032, -7.599999899993215
-25.70174761859233, -22.320801524667093, -7.599999899993215
-25.701747618592343, -22.32080152466709, -7.599999899993216
-25.58890165373218, -23.405257965932275, -7.599999899993216
-25.178540216506644, -24.41191612408163, -7.599999899993216
-24.41191612339713, -25.17854021694725, -7.599999899993216
-23.405257965138762, -25.588901653913634, -7.599999899993216
-22.32080152466674, -25.701747618592655, -7.599999899993216
-22.320801524666717, -25.701747618592645, -7.599999899993216
-13.392480914799966, -25.701747618592645, -7.599999899993216
-4.464160304933216, -25.70174761859264, -7.599999899993216
4.464160304933536, -25.70174761859264, -7.599999899993216
13.392480914800288, -25.701747618592638, -7.599999899993216
22.320801524667033, -25.701747618592638, -7.599999899993216
22.320801524667015, -25.70174761859264, -7.599999899993216
23.40525796593221, -25.588901653732478, -7.599999899993216
24.41191612408158, -25.17854021650695, -7.599999899993216
25.178540216947212, -24.411916123397443, -7.599999899993216
25.58890165391361, -23.405257965139075, -7.599999899993216
25.70174761859263, -22.320801524667047, -7.599999899993216
25.70174761859262, -22.320801524667033, -7.599999899993216
25.70174761859262, -13.392480914800279, -7.599999899993216
25.70174761859262, -4.464160304933525, -7.599999899993216
25.70174761859262, 4.46416030493323, -7.599999899993216
25.70174761859262, 13.392480914799982, -7.599999899993216
25.70174761859262, 22.320801524666734, -7.599999899993216
25.701747618592602, 22.32080152466672, -7.599999899993216
25.588901653732446, 23.40525796593191, -7.599999899993216
25.17854021650692, 24.41191612408128, -7.599999899993216
24.411916123397425, 25.178540216946914, -7.599999899993216
23.40525796513906, 25.58890165391331, -7.599999899993216
22.32080152466704, 25.701747618592336, -7.599999899993216
21.24854806441227, 24.62949415833753, -8.099999899993216
12.749128838647415, 24.62949415833753, -8.099999899993216
4.249709612882565, 24.629494158337526, -8.099999899993216
-4.249709612882285, 24.629494158337526, -8.099999899993216
-12.749128838647135, 24.629494158337522, -8.099999899993216
-21.248548064411988, 24.629494158337522, -8.099999899993216
-21.24854806441197, 24.629494158337522, -8.099999899993218
-22.33300450567715, 24.516648193477366, -8.099999899993218
-23.339662663826505, 24.106286756251837, -8.099999899993218
-24.10628675669213, 23.339662663142345, -8.099999899993218
-24.51664819365851, 22.333004504883984, -8.099999899993218
-24.629494158337536, 21.24854806441198, -8.099999899993218
-24.62949415833753, 21.24854806441197, -8.099999899993215
-24.62949415833753, 12.74912883864711, -8.099999899993215
-24.62949415833753, 4.249709612882253, -8.099999899993215
-24.62949415833753, -4.249709612882604, -8.099999899993215
-24.62949415833753, -12.749128838647461, -8.099999899993215
-24.62949415833753, -21.248548064412315, -8.099999899993215
-24.629494158337543, -21.24854806441231, -8.099999899993216
-24.51664819347738, -22.333004505677497, -8.099999899993216
-24.106286756251848, -23.339662663826854, -8.099999899993216
-23.339662663142335, -24.10628675669248, -8.099999899993216
-22.333004504883966, -24.516648193658863, -8.099999899993216
-21.248548064411946, -24.62949415833788, -8.099999899993216
-21.24854806441192, -24.629494158337863, -8.099999899993216
-12.749128838647085, -24.629494158337863, -8.099999899993216
-4.249709612882249, -24.62949415833786, -8.099999899993216
4.249709612882587, -24.62949415833786, -8.099999899993216
12.749128838647422, -24.629494158337856, -8.099999899993216
21.248548064412255, -24.629494158337856, -8.099999899993216
21.24854806441224, -24.629494158337863, -8.099999899993216
22.33300450567743, -24.516648193477707, -8.099999899993216
23.339662663826797, -24.106286756252178, -8.099999899993216
24.106286756692427, -23.33966266314268, -8.099999899993216
24.516648193658828, -22.333004504884315, -8.099999899993216
24.629494158337856, -21.248548064412283, -8.099999899993216
24.62949415833784, -21.248548064412255, -8.099999899993216
24.62949415833784, -12.749128838647417, -8.099999899993216
24.62949415833784, -4.2497096128825795, -8.099999899993216
24.62949415833784, 4.249709612882256, -8.099999899993216
24.62949415833784, 12.749128838647096, -8.099999899993216
24.62949415833784, 21.248548064411935, -8.099999899993216
24.629494158337828, 21.24854806441192, -8.099999899993216
24.516648193477664, 22.33300450567711, -8.099999899993216
24.106286756252146, 23.339662663826473, -8.099999899993216
23.339662663142654, 24.106286756692114, -8.099999899993216
22.333004504884293, 24.51664819365852, -8.099999899993216
21.24854806441227, 24.629494158337543, -8.099999899993216
20.176294604157498, 23.55724069808273, -8.599999899993216
12.105776762494564, 23.55724069808273, -8.599999899993216
4.035258920831627, 23.557240698082726, -8.599999899993216
-4.0352589208313105, 23.557240698082726, -8.599999899993216
-12.105776762494248, 23.557240698082726, -8.599999899993216
-20.17629460415719, 23.557240698082722, -8.599999899993216
-20.176294604157174, 23.55724069808273, -8.599999899993218
-21.26075104542236, 23.444394733222573, -8.599999899993218
-22.267409203571713, 23.034033295997045, -8.599999899993218
-23.034033296437332, 22.267409202887546, -8.599999899993218
-23.44439473340372, 21.26075104462919, -8.599999899993218
-23.557240698082737, 20.17629460415719, -8.599999899993218
-23.557240698082737, 20.176294604157178, -8.599999899993215
-23.557240698082737, 12.105776762494237, -8.599999899993215
-23.557240698082737, 4.035258920831296, -8.599999899993215
-23.557240698082737, -4.0352589208316445, -8.599999899993215
-23.557240698082737, -12.105776762494587, -8.599999899993215
-23.557240698082737, -20.176294604157537, -8.599999899993215
-23.55724069808275, -20.176294604157533, -8.599999899993216
-23.444394733222587, -21.260751045422726, -8.599999899993216
-23.034033295997048, -22.267409203572083, -8.599999899993216
-22.267409202887535, -23.034033296437705, -8.599999899993216
-21.260751044629167, -23.444394733404085, -8.599999899993216
-20.176294604157142, -23.557240698083103, -8.599999899993216
-20.176294604157125, -23.557240698083092, -8.599999899993216
-12.105776762494202, -23.55724069808309, -8.599999899993216
-4.035258920831279, -23.55724069808309, -8.599999899993216
4.0352589208316445, -23.55724069808309, -8.599999899993216
12.105776762494564, -23.557240698083085, -8.599999899993216
20.176294604157484, -23.557240698083085, -8.599999899993216
20.176294604157462, -23.557240698083085, -8.599999899993216
21.26075104542265, -23.44439473322293, -8.599999899993216
22.26740920357202, -23.034033295997403, -8.599999899993216
23.03403329643765, -22.267409202887904, -8.599999899993216
23.44439473340405, -21.260751044629536, -8.599999899993216
23.557240698083078, -20.176294604157505, -8.599999899993216
23.557240698083067, -20.17629460415748, -8.599999899993216
23.557240698083067, -12.105776762494557, -8.599999899993216
23.557240698083067, -4.035258920831634, -8.599999899993216
23.557240698083067, 4.035258920831289, -8.599999899993216
23.557240698083067, 12.105776762494216, -8.599999899993216
23.557240698083067, 20.176294604157135, -8.599999899993216
23.55724069808305, 20.17629460415713, -8.599999899993216
23.444394733222893, 21.260751045422317, -8.599999899993216
23.03403329599737, 22.26740920357168, -8.599999899993216
22.267409202887876, 23.034033296437322, -8.599999899993216
21.260751044629515, 23.444394733403715, -8.599999899993216
20.17629460415749, 23.557240698082744, -8.599999899993216
19.10404114390272, 22.484987237827934, -9.099999899993216
11.462424686341699, 22.484987237827934, -9.099999899993216
3.8208082287806775, 22.48498723782793, -9.099999899993216
-3.8208082287803435, 22.48498723782793, -9.099999899993216
-11.462424686341366, 22.48498723782793, -9.099999899993216
-19.104041143902393, 22.484987237827927, -9.099999899993216
-19.10404114390238, 22.48498723782793, -9.099999899993218
-20.188497585167557, 22.372141272967774, -9.099999899993218
-21.195155743316914, 21.961779835742245, -9.099999899993218
-21.961779836182536, 21.195155742632753, -9.099999899993218
-22.37214127314892, 20.188497584374392, -9.099999899993218
-22.484987237827944, 19.10404114390239, -9.099999899993218
-22.484987237827937, 19.10404114390238, -9.099999899993215
-22.484987237827937, 11.46242468634135, -9.099999899993215
-22.484987237827937, 3.8208082287803222, -9.099999899993215
-22.484987237827937, -3.820808228780706, -9.099999899993215
-22.484987237827937, -11.462424686341734, -9.099999899993215
-22.484987237827937, -19.104041143902762, -9.099999899993215
-22.48498723782795, -19.104041143902762, -9.099999899993216
-22.372141272967788, -20.188497585167948, -9.099999899993216
-21.961779835742252, -21.1951557433173, -9.099999899993216
-21.19515574263274, -21.961779836182924, -9.099999899993216
-20.18849758437437, -22.372141273149307, -9.099999899993216
-19.10404114390235, -22.484987237828328, -9.099999899993216
-19.10404114390233, -22.484987237828314, -9.099999899993216
-11.462424686341324, -22.48498723782831, -9.099999899993216
-3.8208082287803187, -22.48498723782831, -9.099999899993216
3.8208082287806846, -22.48498723782831, -9.099999899993216
11.462424686341691, -22.484987237828307, -9.099999899993216
19.1040411439027, -22.484987237828307, -9.099999899993216
19.104041143902684, -22.48498723782831, -9.099999899993216
20.18849758516788, -22.372141272968147, -9.099999899993216
21.195155743317247, -21.961779835742618, -9.099999899993216
21.96177983618288, -21.195155742633112, -9.099999899993216
22.37214127314928, -20.188497584374744, -9.099999899993216
22.4849872378283, -19.104041143902716, -9.099999899993216
22.484987237828292, -19.104041143902702, -9.099999899993216
22.484987237828292, -11.462424686341693, -9.099999899993216
22.484987237828292, -3.8208082287806846, -9.099999899993216
22.484987237828292, 3.8208082287803222, -9.099999899993216
22.484987237828292, 11.462424686341329, -9.099999899993216
22.484987237828292, 19.104041143902336, -9.099999899993216
22.48498723782827, 19.104041143902332, -9.099999899993216
22.372141272968115, 20.18849758516752, -9.099999899993216
21.961779835742593, 21.195155743316885, -9.099999899993216
21.195155742633098, 21.961779836182526, -9.099999899993216
20.188497584374737, 22.37214127314892, -9.099999899993216
19.104041143902712, 22.484987237827948, -9.099999899993216
18.031787683647945, 21.412733777573138, -9.599999899993216
10.819072610188837, 21.412733777573138, -9.599999899993216
3.6063575367297283, 21.412733777573134, -9.599999899993216
-3.60635753672938, 21.412733777573134, -9.599999899993216
-10.819072610188488, 21.412733777573134, -9.599999899993216
-18.031787683647597, 21.41273377757313, -9.599999899993216
-18.031787683647583, 21.412733777573138, -9.599999899993218
-19.116244124912768, 21.29988781271298, -9.599999899993218
-20.12290228306212, 20.889526375487453, -9.599999899993218
-20.88952637592774, 20.122902282377954, -9.599999899993218
-21.299887812894127, 19.116244124119596, -9.599999899993218
-21.412733777573145, 18.031787683647597, -9.599999899993218
-21.412733777573145, 18.03178768364758, -9.599999899993215
-21.412733777573145, 10.819072610188464, -9.599999899993215
-21.412733777573145, 3.606357536729348, -9.599999899993215
-21.412733777573145, -3.6063575367297673, -9.599999899993215
-21.412733777573145, -10.819072610188881, -9.599999899993215
-21.412733777573145, -18.031787683647988, -9.599999899993215
-21.41273377757316, -18.031787683647984, -9.599999899993216
-21.299887812712992, -19.116244124913173, -9.599999899993216
-20.889526375487453, -20.12290228306253, -9.599999899993216
-20.12290228237794, -20.889526375928153, -9.599999899993216
-19.11624412411957, -21.299887812894532, -9.599999899993216
-18.031787683647547, -21.412733777573546, -9.599999899993216
-18.031787683647526, -21.412733777573536, -9.599999899993216
-10.819072610188435, -21.412733777573532, -9.599999899993216
-3.6063575367293446, -21.412733777573532, -9.599999899993216
3.606357536729746, -21.412733777573532, -9.599999899993216
10.819072610188837, -21.41273377757353, -9.599999899993216
18.031787683647924, -21.41273377757353, -9.599999899993216
18.03178768364791, -21.412733777573536, -9.599999899993216
19.1162441249131, -21.29988781271338, -9.599999899993216
20.122902283062466, -20.88952637548785, -9.599999899993216
20.889526375928096, -20.12290228237835, -9.599999899993216
21.299887812894497, -19.116244124119987, -9.599999899993216
21.412733777573525, -18.031787683647952, -9.599999899993216
21.412733777573514, -18.031787683647924, -9.599999899993216
21.412733777573514, -10.81907261018883, -9.599999899993216
21.412733777573514, -3.6063575367297354, -9.599999899993216
21.412733777573514, 3.6063575367293588, -9.599999899993216
21.412733777573514, 10.819072610188456, -9.599999899993216
21.412733777573514, 18.031787683647543, -9.599999899993216
21.412733777573496, 18.03178768364753, -9.599999899993216
21.299887812713337, 19.11624412491272, -9.599999899993216
20.88952637548782, 20.12290228306208, -9.599999899993216
20.122902282378327, 20.889526375927723, -9.599999899993216
19.116244124119962, 21.299887812894124, -9.599999899993216
18.031787683647938, 21.41273377757315, -9.599999899993216
16.959534223393163, 20.34048031731834, -10.099999899993216
10.175720534035975, 20.34048031731834, -10.099999899993216
3.3919068446787826, 20.340480317318338, -10.099999899993216
-3.3919068446784095, 20.340480317318338, -10.099999899993216
-10.175720534035602, 20.340480317318338, -10.099999899993216
-16.959534223392797, 20.340480317318335, -10.099999899993216
-16.959534223392783, 20.340480317318338, -10.099999899993218
-18.04399066465797, 20.227634352458182, -10.099999899993218
-19.05064882280732, 19.817272915232653, -10.099999899993218
-19.81727291567294, 19.050648822123154, -10.099999899993218
-20.227634352639328, 18.043990663864797, -10.099999899993218
-20.340480317318345, 16.959534223392787, -10.099999899993218
-20.340480317318345, 16.959534223392787, -10.099999899993215
-20.340480317318345, 10.175720534035584, -10.099999899993215
-20.340480317318345, 3.3919068446783847, -10.099999899993215
-20.340480317318345, -3.3919068446788145, -10.099999899993215
-20.340480317318345, -10.175720534036014, -10.099999899993215
-20.340480317318345, -16.95953422339321, -10.099999899993215
-20.340480317318356, -16.9595342233932, -10.099999899993216
-20.227634352458196, -18.04399066465839, -10.099999899993216
-19.817272915232664, -19.050648822807748, -10.099999899993216
-19.05064882212315, -19.817272915673374, -10.099999899993216
-18.043990663864783, -20.227634352639758, -10.099999899993216
-16.959534223392758, -20.34048031731878, -10.099999899993216
-16.95953422339273, -20.340480317318757, -10.099999899993216
-10.175720534035554, -20.340480317318754, -10.099999899993216
-3.3919068446783776, -20.340480317318754, -10.099999899993216
3.3919068446788003, -20.340480317318754, -10.099999899993216
10.175720534035975, -20.34048031731875, -10.099999899993216
16.95953422339315, -20.34048031731875, -10.099999899993216
16.95953422339313, -20.340480317318757, -10.099999899993216
18.043990664658327, -20.227634352458594, -10.099999899993216
19.050648822807695, -19.817272915233065, -10.099999899993216
19.81727291567333, -19.05064882212356, -10.099999899993216
20.227634352639726, -18.04399066386519, -10.099999899993216
20.340480317318747, -16.959534223393163, -10.099999899993216
20.340480317318736, -16.95953422339315, -10.099999899993216
20.340480317318736, -10.17572053403597, -10.099999899993216
20.340480317318736, -3.3919068446787897, -10.099999899993216
20.340480317318736, 3.391906844678388, -10.099999899993216
20.340480317318736, 10.17572053403557, -10.099999899993216
20.340480317318736, 16.95953422339275, -10.099999899993216
20.34048031731872, 16.959534223392737, -10.099999899993216
20.227634352458562, 18.043990664657926, -10.099999899993216
19.81727291523304, 19.05064882280729, -10.099999899993216
19.050648822123545, 19.81727291567293, -10.099999899993216
18.043990663865184, 20.227634352639324, -10.099999899993216
16.95953422339316, 20.340480317318352, -10.099999899993216
15.887280763138392, 19.268226857063546, -10.599999899993216
9.532368457883116, 19.268226857063546, -10.599999899993216
3.177456152627837, 19.268226857063542, -10.599999899993216
-3.1774561526274425, 19.268226857063542, -10.599999899993216
-9.532368457882722, 19.268226857063542, -10.599999899993216
-15.887280763138001, 19.26822685706354, -10.599999899993216
-15.88728076313799, 19.268226857063546, -10.599999899993218
-16.971737204403176, 19.15538089220339, -10.599999899993218
-17.97839536255253, 18.74501945497786, -10.599999899993218
-18.74501945541815, 17.978395361868362, -10.599999899993218
-19.155380892384535, 16.971737203610004, -10.599999899993218
-19.268226857063553, 15.887280763138005, -10.599999899993218
-19.268226857063553, 15.887280763137987, -10.599999899993215
-19.268226857063553, 9.532368457882704, -10.599999899993215
-19.268226857063553, 3.177456152627421, -10.599999899993215
-19.268226857063553, -3.1774561526278617, -10.599999899993215
-19.268226857063553, -9.532368457883146, -10.599999899993215
-19.268226857063553, -15.887280763138435, -10.599999899993215
-19.26822685706356, -15.887280763138428, -10.599999899993216
-19.155380892203397, -16.971737204403613, -10.599999899993216
-18.74501945497786, -17.978395362552966, -10.599999899993216
-17.978395361868348, -18.74501945541859, -10.599999899993216
-16.97173720360998, -19.155380892384972, -10.599999899993216
-15.887280763137959, -19.268226857063993, -10.599999899993216
-15.887280763137934, -19.268226857063983, -10.599999899993216
-9.532368457882672, -19.26822685706398, -10.599999899993216
-3.1774561526274105, -19.26822685706398, -10.599999899993216
3.177456152627851, -19.26822685706398, -10.599999899993216
9.53236845788311, -19.268226857063976, -10.599999899993216
15.88728076313837, -19.268226857063976, -10.599999899993216
15.887280763138355, -19.268226857063983, -10.599999899993216
16.971737204403546, -19.155380892203826, -10.599999899993216
17.978395362552913, -18.745019454978298, -10.599999899993216
18.745019455418543, -17.9783953618688, -10.599999899993216
19.155380892384944, -16.971737203610434, -10.599999899993216
19.268226857063972, -15.8872807631384, -10.599999899993216
19.268226857063958, -15.88728076313837, -10.599999899993216
19.268226857063958, -9.532368457883106, -10.599999899993216
19.268226857063958, -3.1774561526278404, -10.599999899993216
19.268226857063958, 3.1774561526274248, -10.599999899993216
19.268226857063958, 9.53236845788269, -10.599999899993216
19.268226857063958, 15.887280763137952, -10.599999899993216
19.26822685706394, 15.887280763137936, -10.599999899993216
19.15538089220378, 16.971737204403126, -10.599999899993216
18.745019454978262, 17.978395362552487, -10.599999899993216
17.97839536186877, 18.74501945541813, -10.599999899993216
16.971737203610406, 19.15538089238453, -10.599999899993216
15.887280763138383, 19.268226857063556, -10.599999899993216
14.815027302883614, 18.195973396808746, -11.099999899993216
8.88901638173025, 18.195973396808746, -11.099999899993216
2.9630054605768876, 18.195973396808743, -11.099999899993216
-2.9630054605764755, 18.195973396808743, -11.099999899993216
-8.889016381729839, 18.195973396808743, -11.099999899993216
-14.815027302883205, 18.19597339680874, -11.099999899993216
-14.815027302883198, 18.195973396808753, -11.099999899993218
-15.899483744148384, 18.083127431948597, -11.099999899993218
-16.906141902297737, 17.67276599472307, -11.099999899993218
-17.672765995163356, 16.90614190161357, -11.099999899993218
-18.083127432129743, 15.899483743355212, -11.099999899993218
-18.19597339680876, 14.8150273028832, -11.099999899993218
-18.195973396808753, 14.815027302883195, -11.099999899993215
-18.195973396808753, 8.889016381729824, -11.099999899993215
-18.195973396808753, 2.963005460576454, -11.099999899993215
-18.195973396808753, -2.963005460576916, -11.099999899993215
-18.195973396808753, -8.889016381730286, -11.099999899993215
-18.195973396808753, -14.815027302883653, -11.099999899993215
-18.195973396808757, -14.815027302883644, -11.099999899993216
-18.083127431948597, -15.899483744148835, -11.099999899993216
-17.672765994723065, -16.90614190229819, -11.099999899993216
-16.906141901613555, -17.672765995163815, -11.099999899993216
-15.899483743355187, -18.083127432130198, -11.099999899993216
-14.815027302883163, -18.19597339680922, -11.099999899993216
-14.815027302883138, -18.195973396809208, -11.099999899993216
-8.88901638172979, -18.195973396809205, -11.099999899993216
-2.9630054605764435, -18.195973396809205, -11.099999899993216
2.963005460576902, -18.195973396809205, -11.099999899993216
8.88901638173025, -18.1959733968092, -11.099999899993216
14.8150273028836, -18.1959733968092, -11.099999899993216
14.815027302883578, -18.195973396809205, -11.099999899993216
15.899483744148768, -18.08312743194905, -11.099999899993216
16.906141902298135, -17.67276599472352, -11.099999899993216
17.672765995163765, -16.90614190161402, -11.099999899993216
18.083127432130166, -15.899483743355656, -11.099999899993216
18.195973396809194, -14.815027302883623, -11.099999899993216
18.195973396809183, -14.815027302883596, -11.099999899993216
18.195973396809183, -8.889016381730247, -11.099999899993216
18.195973396809183, -2.9630054605768983, -11.099999899993216
18.195973396809183, 2.9630054605764506, -11.099999899993216
18.195973396809183, 8.889016381729803, -11.099999899993216
18.195973396809183, 14.815027302883152, -11.099999899993216
18.195973396809165, 14.815027302883138, -11.099999899993216
18.083127431949006, 15.899483744148329, -11.099999899993216
17.672765994723488, 16.90614190229769, -11.099999899993216
16.906141901613996, 17.672765995163335, -11.099999899993216
15.899483743355631, 18.083127432129736, -11.099999899993216
14.815027302883607, 18.19597339680876, -11.099999899993216
13.742773842628836, 17.123719936553954, -11.599999899993216
8.245664305577385, 17.12371993655395, -11.599999899993216
2.748554768525935, 17.12371993655395, -11.599999899993216
-2.7485547685255156, 17.12371993655395, -11.599999899993216
-8.245664305576964, 17.12371993655395, -11.599999899993216
-13.74277384262841, 17.123719936553947, -11.599999899993216
-13.742773842628399, 17.123719936553954, -11.599999899993218
-14.827230283893584, 17.010873971693798, -11.599999899993218
-15.833888442042937, 16.60051253446827, -11.599999899993218
-16.600512534908557, 15.83388844135877, -11.599999899993218
-17.010873971874943, 14.827230283100413, -11.599999899993218
-17.12371993655396, 13.742773842628413, -11.599999899993218
-17.12371993655396, 13.742773842628395, -11.599999899993215
-17.12371993655396, 8.245664305576941, -11.599999899993215
-17.12371993655396, 2.748554768525487, -11.599999899993215
-17.12371993655396, -2.748554768525967, -11.599999899993215
-17.12371993655396, -8.24566430557742, -11.599999899993215
-17.12371993655396, -13.742773842628878, -11.599999899993215
-17.12371993655396, -13.742773842628871, -11.59999989999322
-17.010873971693798, -14.827230283894057, -11.59999989999322
-16.600512534468262, -15.83388844204341, -11.59999989999322
-15.833888441358752, -16.600512534909033, -11.59999989999322
-14.827230283100384, -17.010873971875416, -11.59999989999322
-13.742773842628363, -17.123719936554433, -11.59999989999322
-13.742773842628338, -17.12371993655443, -11.599999899993216
-8.245664305576906, -17.123719936554426, -11.599999899993216
-2.748554768525473, -17.123719936554426, -11.599999899993216
2.7485547685259597, -17.123719936554426, -11.599999899993216
8.245664305577392, -17.123719936554426, -11.599999899993216
13.742773842628822, -17.123719936554423, -11.599999899993216
13.742773842628802, -17.12371993655443, -11.599999899993216
14.827230283893991, -17.010873971694274, -11.599999899993216
15.833888442043358, -16.600512534468745, -11.599999899993216
16.60051253490899, -15.833888441359244, -11.599999899993216
17.01087397187539, -14.82723028310088, -11.599999899993216
17.12371993655442, -13.742773842628846, -11.599999899993216
17.123719936554405, -13.742773842628818, -11.599999899993216
17.123719936554405, -8.245664305577384, -11.599999899993216
17.123719936554405, -2.748554768525949, -11.599999899993216
17.123719936554405, 2.748554768525487, -11.599999899993216
17.123719936554405, 8.245664305576923, -11.599999899993216
17.123719936554405, 13.742773842628353, -11.599999899993216
17.123719936554387, 13.742773842628342, -11.599999899993216
17.010873971694227, 14.827230283893533, -11.599999899993216
16.60051253446871, 15.833888442042893, -11.599999899993216
15.83388844135922, 16.600512534908535, -11.599999899993216
14.827230283100855, 17.010873971874936, -11.599999899993216
13.74277384262883, 17.12371993655396, -11.599999899993216
12.670520382374058, 16.051466476299154, -12.099999899993216
7.602312229424523, 16.05146647629915, -12.099999899993216
2.534104076474989, 16.05146647629915, -12.099999899993216
-2.534104076474545, 16.05146647629915, -12.099999899993216
-7.602312229424079, 16.05146647629915, -12.099999899993216
-12.670520382373613, 16.05146647629915, -12.099999899993216
-12.670520382373606, 16.05146647629916, -12.099999899993218
-13.754976823638792, 15.938620511439005, -12.099999899993218
-14.761634981788145, 15.528259074213477, -12.099999899993218
-15.528259074653764, 14.761634981103978, -12.099999899993218
-15.938620511620151, 13.75497682284562, -12.099999899993218
-16.05146647629917, 12.670520382373608, -12.099999899993218
-16.05146647629916, 12.670520382373603, -12.099999899993215
-16.05146647629916, 7.6023122294240615, -12.099999899993215
-16.05146647629916, 2.53410407647452, -12.099999899993215
-16.05146647629916, -2.534104076475021, -12.099999899993215
-16.05146647629916, -7.602312229424562, -12.099999899993215
-16.05146647629916, -12.6705203823741, -12.099999899993215
-16.05146647629917, -12.670520382374095, -12.099999899993216
-15.938620511439005, -13.754976823639279, -12.099999899993216
-15.52825907421347, -14.761634981788639, -12.099999899993216
-14.761634981103956, -15.528259074654262, -12.099999899993216
-13.754976822845588, -15.938620511620645, -12.099999899993216
-12.670520382373567, -16.051466476299666, -12.099999899993216
-12.670520382373542, -16.051466476299648, -12.099999899993216
-7.602312229424026, -16.051466476299648, -12.099999899993216
-2.5341040764745095, -16.051466476299648, -12.099999899993216
2.534104076475007, -16.051466476299648, -12.099999899993216
7.602312229424523, -16.051466476299648, -12.099999899993216
12.670520382374043, -16.051466476299645, -12.099999899993216
12.670520382374026, -16.05146647629965, -12.099999899993216
13.754976823639222, -15.938620511439488, -12.099999899993216
14.761634981788589, -15.52825907421396, -12.099999899993216
15.528259074654223, -14.761634981104454, -12.099999899993216
15.93862051162062, -13.754976822846086, -12.099999899993216
16.05146647629964, -12.670520382374058, -12.099999899993216
16.05146647629963, -12.67052038237404, -12.099999899993216
16.05146647629963, -7.60231222942452, -12.099999899993216
16.05146647629963, -2.534104076475, -12.099999899993216
16.05146647629963, 2.53410407647452, -12.099999899993216
16.05146647629963, 7.60231222942404, -12.099999899993216
16.05146647629963, 12.67052038237356, -12.099999899993216
16.051466476299613, 12.670520382373544, -12.099999899993216
15.938620511439453, 13.754976823638735, -12.099999899993216
15.528259074213935, 14.761634981788095, -12.099999899993216
14.761634981104443, 15.52825907465374, -12.099999899993216
13.754976822846078, 15.93862051162014, -12.099999899993216
12.670520382374054, 16.051466476299165, -12.099999899993216
11.59826692211928, 14.979213016044357, -12.599999899993216
6.958960153271661, 14.979213016044357, -12.599999899993216
2.3196533844240435, 14.979213016044355, -12.599999899993216
-2.3196533844235745, 14.979213016044355, -12.599999899993216
-6.958960153271192, 14.979213016044355, -12.599999899993216
-11.598266922118814, 14.979213016044353, -12.599999899993216
-11.598266922118816, 14.979213016044366, -12.599999899993218
-12.682723363383992, 14.866367051184202, -12.599999899993218
-13.689381521533345, 14.45600561395867, -12.599999899993218
-14.456005614398965, 13.689381520849171, -12.599999899993218
-14.866367051365344, 12.682723362590814, -12.599999899993218
-14.979213016044362, 11.598266922118809, -12.599999899993218
-14.979213016044362, 11.598266922118803, -12.599999899993215
-14.979213016044362, 6.958960153271178, -12.599999899993215
-14.979213016044362, 2.319653384423553, -12.599999899993215
-14.979213016044362, -2.319653384424072, -12.599999899993215
-14.979213016044362, -6.958960153271697, -12.599999899993215
-14.979213016044362, -11.598266922119326, -12.599999899993215
-14.979213016044369, -11.598266922119317, -12.599999899993216
-14.866367051184206, -12.6827233633845, -12.599999899993216
-14.456005613958673, -13.689381521533857, -12.599999899993216
-13.68938152084916, -14.456005614399484, -12.599999899993216
-12.682723362590792, -14.866367051365867, -12.599999899993216
-11.598266922118771, -14.979213016044884, -12.599999899993216
-11.598266922118746, -14.979213016044872, -12.599999899993218
-6.958960153271143, -14.97921301604487, -12.599999899993218
-2.319653384423539, -14.97921301604487, -12.599999899993218
2.3196533844240648, -14.97921301604487, -12.599999899993218
6.9589601532716685, -14.979213016044868, -12.599999899993218
11.598266922119265, -14.979213016044868, -12.599999899993218
11.59826692211925, -14.979213016044875, -12.599999899993216
12.682723363384445, -14.866367051184712, -12.599999899993216
13.689381521533813, -14.456005613959183, -12.599999899993216
14.456005614399446, -13.689381520849677, -12.599999899993216
14.866367051365843, -12.68272336259131, -12.599999899993216
14.979213016044865, -11.598266922119281, -12.599999899993216
14.979213016044852, -11.598266922119265, -12.599999899993218
14.979213016044852, -6.958960153271661, -12.599999899993218
14.979213016044852, -2.3196533844240577, -12.599999899993218
14.979213016044852, 2.319653384423546, -12.599999899993218
14.979213016044852, 6.95896015327115, -12.599999899993218
14.979213016044852, 11.59826692211876, -12.599999899993218
14.979213016044834, 11.598266922118748, -12.599999899993216
14.866367051184675, 12.68272336338394, -12.599999899993216
14.456005613959157, 13.6893815215333, -12.599999899993216
13.689381520849665, 14.456005614398943, -12.599999899993216
12.6827233625913, 14.866367051365344, -12.599999899993216
11.598266922119276, 14.979213016044369, -12.599999899993216
10.526013461864501, 13.90695955578956, -13.099999899993216
6.315608077118796, 13.90695955578956, -13.099999899993216
2.1052026923730907, 13.906959555789559, -13.099999899993216
-2.1052026923726146, 13.906959555789559, -13.099999899993216
-6.31560807711832, 13.906959555789559, -13.099999899993216
-10.526013461864018, 13.906959555789557, -13.099999899993216
-10.526013461864007, 13.90695955578957, -13.099999899993218
-11.610469903129193, 13.794113590929413, -13.099999899993218
-12.617128061278546, 13.383752153703885, -13.099999899993218
-13.383752154144165, 12.617128060594386, -13.099999899993218
-13.794113591110552, 11.610469902336028, -13.099999899993218
-13.90695955578957, 10.526013461864016, -13.099999899993218
-13.906959555789566, 10.52601346186401, -13.099999899993215
-13.906959555789566, 6.3156080771182985, -13.099999899993215
-13.906959555789566, 2.105202692372586, -13.099999899993215
-13.906959555789566, -2.105202692373126, -13.099999899993215
-13.906959555789566, -6.3156080771188385, -13.099999899993215
-13.906959555789566, -10.526013461864551, -13.099999899993215
-13.906959555789573, -10.526013461864538, -13.099999899993216
-13.794113590929413, -11.61046990312973, -13.099999899993216
-13.383752153703881, -12.617128061279086, -13.099999899993216
-12.617128060594371, -13.383752154144709, -13.099999899993216
-11.610469902336003, -13.794113591111092, -13.099999899993216
-10.526013461863979, -13.906959555790113, -13.099999899993216
-10.526013461863947, -13.906959555790097, -13.099999899993215
-6.3156080771182594, -13.906959555790095, -13.099999899993215
-2.105202692372572, -13.906959555790095, -13.099999899993215
2.1052026923731155, -13.906959555790095, -13.099999899993215
6.315608077118803, -13.906959555790094, -13.099999899993215
10.526013461864494, -13.906959555790094, -13.099999899993215
10.526013461864473, -13.906959555790099, -13.099999899993216
11.610469903129669, -13.794113590929935, -13.099999899993216
12.617128061279036, -13.383752153704407, -13.099999899993216
13.38375215414467, -12.6171280605949, -13.099999899993216
13.794113591111067, -11.610469902336533, -13.099999899993216
13.906959555790088, -10.526013461864505, -13.099999899993216
13.906959555790078, -10.52601346186449, -13.099999899993215
13.906959555790078, -6.3156080771187995, -13.099999899993215
13.906959555790078, -2.1052026923731084, -13.099999899993215
13.906959555790078, 2.1052026923725826, -13.099999899993215
13.906959555790078, 6.315608077118274, -13.099999899993215
13.906959555790078, 10.526013461863961, -13.099999899993215
13.906959555790058, 10.52601346186395, -13.099999899993216
13.794113590929898, 11.610469903129141, -13.099999899993216
13.38375215370438, 12.617128061278502, -13.099999899993216
12.617128060594888, 13.383752154144146, -13.099999899993216
11.610469902336524, 13.794113591110547, -13.099999899993216
10.526013461864503, 13.906959555789568, -13.099999899993216
9.453760001609723, 12.834706095534761, -13.599999899993218
5.672256000965934, 12.834706095534761, -13.599999899993218
1.890752000322145, 12.83470609553476, -13.599999899993218
-1.890752000321644, 12.83470609553476, -13.599999899993218
-5.672256000965433, 12.83470609553476, -13.599999899993218
-9.453760001609226, 12.834706095534758, -13.599999899993218
-9.453760001609208, 12.834706095534763, -13.599999899993218
-10.538216442874393, 12.721860130674607, -13.599999899993218
-11.544874601023746, 12.311498693449078, -13.599999899993218
-12.311498693889366, 11.544874600339579, -13.599999899993218
-12.721860130855752, 10.538216442081222, -13.599999899993218
-12.83470609553477, 9.453760001609222, -13.599999899993218
-12.83470609553477, 9.453760001609211, -13.599999899993215
-12.83470609553477, 5.672256000965415, -13.599999899993215
-12.83470609553477, 1.8907520003216192, -13.599999899993215
-12.83470609553477, -1.890752000322177, -13.599999899993215
-12.83470609553477, -5.672256000965973, -13.599999899993215
-12.83470609553477, -9.453760001609766, -13.599999899993215
-12.834706095534774, -9.45376000160976, -13.599999899993216
-12.721860130674614, -10.538216442874951, -13.599999899993216
-12.311498693449082, -11.544874601024308, -13.599999899993216
-11.544874600339572, -12.31149869388993, -13.599999899993216
-10.538216442081204, -12.721860130856314, -13.599999899993216
-9.453760001609185, -12.834706095535335, -13.599999899993216
-9.453760001609147, -12.834706095535322, -13.599999899993216
-5.672256000965376, -12.83470609553532, -13.599999899993216
-1.890752000321605, -12.83470609553532, -13.599999899993216
1.8907520003221663, -12.83470609553532, -13.599999899993216
5.6722560009659375, -12.834706095535319, -13.599999899993216
9.453760001609716, -12.834706095535319, -13.599999899993216
9.453760001609695, -12.834706095535322, -13.599999899993216
10.53821644287489, -12.721860130675159, -13.599999899993216
11.544874601024258, -12.31149869344963, -13.599999899993216
12.311498693889892, -11.544874600340124, -13.599999899993216
12.721860130856289, -10.538216442081756, -13.599999899993216
12.83470609553531, -9.453760001609728, -13.599999899993216
12.8347060955353, -9.453760001609709, -13.599999899993216
12.8347060955353, -5.672256000965934, -13.599999899993216
12.8347060955353, -1.8907520003221592, -13.599999899993216
12.8347060955353, 1.8907520003216156, -13.599999899993216
12.8347060955353, 5.67225600096539, -13.599999899993216
12.8347060955353, 9.453760001609169, -13.599999899993216
12.834706095535282, 9.453760001609153, -13.599999899993216
12.721860130675122, 10.538216442874344, -13.599999899993216
12.311498693449604, 11.544874601023704, -13.599999899993216
11.544874600340112, 12.311498693889348, -13.599999899993216
10.538216442081747, 12.721860130855749, -13.599999899993216
9.453760001609723, 12.834706095534774, -13.599999899993216
8.381506541354952, 11.762452635279969, -14.099999899993215
5.028903924813076, 11.762452635279969, -14.099999899993215
1.6763013082711993, 11.762452635279967, -14.099999899993215
-1.676301308270677, 11.762452635279967, -14.099999899993215
-5.028903924812553, 11.762452635279967, -14.099999899993215
-8.381506541354426, 11.762452635279965, -14.099999899993215
-8.381506541354431, 11.762452635279981, -14.099999899993218
-9.465962982619608, 11.649606670419818, -14.099999899993218
-10.472621140768961, 11.239245233194286, -14.099999899993218
-11.23924523363458, 10.472621140084787, -14.099999899993218
-11.64960667060096, 9.46596298182643, -14.099999899993218
-11.762452635279978, 8.381506541354424, -14.099999899993218
-11.762452635279978, 8.381506541354412, -14.099999899993215
-11.762452635279978, 5.028903924812532, -14.099999899993215
-11.762452635279978, 1.6763013082706522, -14.099999899993215
-11.762452635279978, -1.6763013082712277, -14.099999899993215
-11.762452635279978, -5.0289039248131076, -14.099999899993215
-11.762452635279978, -8.381506541354995, -14.099999899993215
-11.762452635279985, -8.381506541354996, -14.099999899993213
-11.649606670419821, -9.46596298262018, -14.099999899993213
-11.23924523319429, -10.472621140769537, -14.099999899993213
-10.47262114008478, -11.23924523363516, -14.099999899993213
-9.465962981826411, -11.649606670601543, -14.099999899993213
-8.381506541354392, -11.762452635280564, -14.099999899993213
-8.381506541354355, -11.762452635280544, -14.099999899993216
-5.0289039248124965, -11.762452635280543, -14.099999899993216
-1.676301308270638, -11.762452635280543, -14.099999899993216
1.6763013082712206, -11.762452635280543, -14.099999899993216
5.028903924813079, -11.76245263528054, -14.099999899993216
8.381506541354938, -11.76245263528054, -14.099999899993216
8.38150654135492, -11.762452635280546, -14.099999899993216
9.465962982620109, -11.64960667042039, -14.099999899993216
10.472621140769476, -11.239245233194861, -14.099999899993216
11.239245233635106, -10.472621140085362, -14.099999899993216
11.649606670601507, -9.465962981826998, -14.099999899993216
11.762452635280535, -8.381506541354963, -14.099999899993216
11.762452635280523, -8.381506541354938, -14.099999899993216
11.762452635280523, -5.028903924813076, -14.099999899993216
11.762452635280523, -1.6763013082712135, -14.099999899993216
11.762452635280523, 1.6763013082706486, -14.099999899993216
11.762452635280523, 5.028903924812511, -14.099999899993216
11.762452635280523, 8.38150654135437, -14.099999899993216
11.762452635280505, 8.381506541354357, -14.099999899993216
11.649606670420345, 9.465962982619548, -14.099999899993216
11.239245233194827, 10.472621140768908, -14.099999899993216
10.472621140085336, 11.239245233634552, -14.099999899993216
9.465962981826971, 11.649606670600953, -14.099999899993216
