-2.2560709267376876e-16, -0.16614297813328452, 0.9861016736711297
0.02571856383823762, -0.16575313414021645, 0.9858318588870993
0.05222953903198758, -0.16161681864948946, 0.9854704862055099
0.07734845907774182, -0.1512122292489468, 0.9854704854047446
0.09901937105274103, -0.13539095565762355, 0.9858318585247867
0.11748080856476611, -0.11748084440436776, 0.9861016736711309
0.13539092075426912, -0.09901941153090768, 0.9858318592525726
0.151212199665632, -0.07734850460117182, 0.9854704863709738
0.16161680833272687, -0.05222958861885599, 0.98547048526937
0.1657531308438421, -0.025718606514112022, 0.9858318583279992
0.16614297813328605, -3.3789510462013317e-08, 0.9861016736711288
0.16575313586183688, 0.02571853550086394, 0.9858318593369044
0.16161682437706104, 0.052229517903102006, 0.9854704863860123
0.15121223650912, 0.07734844641757661, 0.9854704852844135
0.13539096036249665, 0.09901936573920227, 0.9858318584123394
0.11748084440418947, 0.11748080856496064, 0.986101673671129
0.09901940621697453, 0.13539092545951448, 0.9858318591401143
0.07734849194057411, 0.1512122069260879, 0.9854704862506339
0.05222956748952068, 0.16161681406046385, 0.9854704854498704
0.025718578176425436, 0.16575313256550991, 0.9858318587778058
1.510554375252097e-17, 0.1661429781332844, 0.9861016736711297
0.0, 0.16614297813328374, 0.9861016736711297
-0.02571856383833943, 0.16575313414021714, 0.9858318588870967
-0.05222953903204826, 0.16161681864947886, 0.9854704862055085
-0.07734845907771541, 0.15121222924897507, 0.9854704854047422
-0.09901937105264626, 0.13539095565772497, 0.9858318585247823
-0.11748080856462595, 0.11748084440453202, 0.9861016736711281
-0.13539092075407838, 0.09901941153115124, 0.9858318592525743
-0.15121219966543123, 0.07734850460154057, 0.9854704863709757
-0.16161680833259623, 0.05222958861935728, 0.985470485269365
-0.1657531308438077, 0.025718606514744696, 0.9858318583279886
-0.16614297813328474, 3.3790247464007325e-08, 0.986101673671129
-0.16575313586188914, -0.025718535500001093, 0.9858318593369183
-0.16161682437729347, -0.05222951790226161, 0.9854704863860188
-0.15121223650957624, -0.07734844641678719, 0.9854704852844055
-0.13539096036308193, -0.09901936573854198, 0.9858318584123253
-0.11748084440470526, -0.11748080856444262, 0.9861016736711292
-0.09901940621744727, -0.13539092545909198, 0.9858318591401248
-0.07734849194099284, -0.15121220692584147, 0.9854704862506388
-0.052229567489813646, -0.1616168140603813, 0.9854704854498684
-0.025718578176533443, -0.16575313256549654, 0.9858318587778052
-0.0, -0.1661429781332845, 0.9861016736711296
-5.212159457453327e-16, -0.39975988809496343, 0.9166198949784486
0.06006226046659817, -0.3978767680157776, 0.9154706998811931
0.12399943132909134, -0.3865210083162194, 0.9139068066057255
0.18563018564434255, -0.3609927996092688, 0.9139067965651143
0.23887033186228163, -0.32381229547477414, 0.9154706777692888
0.2826724846954419, -0.2826733707411315, 0.9166198949782576
0.32381141045763046, -0.23887138626114698, 0.9154707156884472
0.3609922158534907, -0.1856312379860642, 0.9139068133989089
0.38652070701521857, -0.12400048894992897, 0.9139067905364496
0.39787667596742027, -0.06006333820005891, 0.915470669178091
0.39975988809490687, -8.193572351577098e-07, 0.9166198949781073
0.3978768316195613, 0.060061544723635424, 0.9154707191962996
0.3865211607389399, 0.1239989022841593, 0.9139068139221559
0.3609929713044837, 0.18562987723096694, 0.9139067913895685
0.3238123964639239, 0.23887021210851145, 0.9154706732951773
0.28267335701025836, 0.2826724984263472, 0.9166198949782607
0.23887123389599288, 0.3238115389489861, 0.9154707099959535
0.18563089025458257, 0.36099240943911676, 0.913906807563349
0.12399992561786587, 0.386520867432437, 0.9139067991245279
0.06006261042913955, 0.3978767411621779, 0.9154706885917225
0.0, 0.3997598880949637, 0.9166198949784486
0.0, 0.3997598880949637, 0.9166198949784486
-0.06006226046657412, 0.3978767680157854, 0.9154706998811912
-0.12399943132903148, 0.3865210083162439, 0.9139068066057232
-0.185630185644221, 0.3609927996093648, 0.913906796565101
-0.2388703318620979, 0.3238122954749712, 0.915470677769267
-0.2826724846952235, 0.28267337074139914, 0.9166198949782424
-0.3238114104573726, 0.23887138626149934, 0.9154707156884465
-0.360992215853283, 0.18563123798648745, 0.9139068133989048
-0.38652070701510194, 0.12400048895037642, 0.9139067905364383
-0.3978766759673812, 0.06006333820048902, 0.9154706691780798
-0.3997598880949034, 8.193576165579203e-07, 0.9166198949781086
-0.3978768316195908, -0.060061544723220034, 0.9154707191963141
-0.3865211607390576, -0.1239989022837132, 0.9139068139221667
-0.36099297130471353, -0.18562987723054075, 0.9139067913895643
-0.3238123964642274, -0.23887021210814446, 0.9154706732951657
-0.28267335701055196, -0.28267249842605013, 0.9166198949782618
-0.2388712338963351, -0.3238115389486918, 0.9154707099959682
-0.18563089025491517, -0.36099240943894567, 0.9139068075633491
-0.12399992561807933, -0.38652086743237696, 0.9139067991245242
-0.06006261042921207, -0.39787674116218164, 0.9154706885917162
-0.0, -0.39975988809496343, 0.9166198949784486
-6.788778110607687e-16, -0.5311681118253918, 0.8472664498136628
0.07857162273532567, -0.5275993732192087, 0.8458518791605512
0.1633377572606406, -0.5109955784996351, 0.8439219725821145
0.24582990104064018, -0.476826381087721, 0.8439219525839677
0.31750929906236525, -0.4286286532709375, 0.8458518325357391
0.3755916614859156, -0.37559348615681054, 0.847266449813058
0.42862683228641607, -0.31751154767273954, 0.845851911234215
0.47682514765378525, -0.2458321764254421, 0.8439219866781977
0.510994905371894, -0.1633400284963711, 0.8439219405696085
0.5275991380357291, -0.07857388841382469, 0.8458518153929135
0.5311681118243889, -1.695510901806016e-06, 0.847266449812595
0.5275995361716032, 0.07857010696704016, 0.8458519183182699
0.5109959176996529, 0.16333661749945355, 0.8439219877916008
0.47682674771763756, 0.2458292256132338, 0.8439219421815137
0.42862886880073675, 0.31750903244855383, 0.8458518233970912
0.3755934643881931, 0.37559168325460296, 0.8472664498130733
0.3175112273712447, 0.42862709122022635, 0.8458519002551769
0.2458314362483928, 0.47682554943622296, 0.8439219752778668
0.1633388349292044, 0.5109952590666531, 0.8439219574198638
0.0785723563324279, 0.5275992986410051, 0.8458518575341013
0.0, 0.5311681118253933, 0.847266449813662
0.0, 0.5311681118253928, 0.8472664498136623
-0.07857162273532851, 0.5275993732192147, 0.8458518791605473
-0.16333775726053543, 0.5109955784996786, 0.8439219725821085
-0.24582990104039895, 0.4768263810878813, 0.8439219525839472
-0.31750929906201236, 0.42862865327127087, 0.8458518325357027
-0.3755916614855067, 0.3755934861572758, 0.847266449813033
-0.4286268322858276, 0.3175115476735224, 0.8458519112342192
-0.47682514765329154, 0.24583217642640431, 0.8439219866781964
-0.5109949053716129, 0.16334002849735507, 0.8439219405695882
-0.5275991380356402, 0.07857388841466112, 0.8458518153928913
-0.5311681118243853, 1.695511567956321e-06, 0.8472664498125974
-0.527599536171666, -0.0785701069663936, 0.8458519183182908
-0.5109959176998186, -0.16333661749885212, 0.8439219877916168
-0.47682674771790706, -0.24582922561272488, 0.8439219421815097
-0.4286288688010379, -0.3175090324481732, 0.8458518233970815
-0.3755934643884639, -0.3755916832543291, 0.8472664498130748
-0.3175112273715203, -0.42862709122000603, 0.8458519002551849
-0.24583143624870812, -0.47682554943605077, 0.8439219752778724
-0.16333883492955073, -0.5109952590665524, 0.8439219574198578
-0.07857235633254217, -0.5275992986409856, 0.8458518575341029
-0.0, -0.5311681118253925, 0.8472664498136624
-7.938570041235115e-16, -0.6284068269652124, 0.7778848628322276
0.09205817289821805, -0.6230942725145758, 0.776710255090129
0.1919984491434757, -0.6019414361973076, 0.7751148965896751
0.28987153855841713, -0.5614013002998218, 0.7751148761025332
0.3754973579155471, -0.5056906054381717, 0.776710207072122
0.44434941781771886, -0.44435203956180086, 0.7778848628314617
0.5056880192630948, -0.37550067370763807, 0.7767102878286588
0.5613995157938764, -0.289874901459631, 0.7751149109455774
0.6019404147799502, -0.19200178367694545, 0.7751148638230421
0.6230938684179079, -0.0920614618144663, 0.776710189445581
0.62840682696215, -2.440902986847257e-06, 0.7778848628308719
0.6230945484775404, 0.092055967018702, 0.7767102951511725
0.6019419495090261, 0.1919967771529828, 0.7751149121157075
0.5614018322783594, 0.28987053679772457, 0.7751148654303437
0.5056909168158268, 0.3754969582119148, 0.776710197579231
0.4443520125680854, 0.44434944481156335, 0.7778848628314781
0.37550020569675574, 0.5056883838587654, 0.7767102767132698
0.28987381760100217, 0.561400091379338, 0.7751148993979484
0.19200004579790333, 0.601940947089293, 0.7751148809246589
0.09205923969915955, 0.6230941430050865, 0.7767102325441383
0.0, 0.6284068269652122, 0.7778848628322278
9.100267674964285e-18, 0.6284068269652113, 0.7778848628322285
-0.09205817289776697, 0.6230942725146367, 0.7767102550901336
-0.1919984491425662, 0.6019414361975987, 0.7751148965896743
-0.28987153855716774, 0.5614013003005129, 0.7751148761024997
-0.37549735791415123, 0.5056906054393017, 0.7767102070720613
-0.44434941781635434, 0.4443520395632201, 0.7778848628314304
-0.5056880192615129, 0.3755006737097239, 0.7767102878286802
-0.561399515792455, 0.2898749014623644, 0.7751149109455846
-0.6019404147790428, 0.19200178367995796, 0.7751148638230005
-0.623093868417554, 0.09206146181732812, 0.7767101894455257
-0.6284068269621492, 2.4409054833361165e-06, 0.7778848628308727
-0.6230945484778718, -0.09205596701601948, 0.7767102951512247
-0.6019419495098364, -0.1919967771503361, 0.7751149121157339
-0.5614018322795508, -0.28987053679547525, 0.775114865430322
-0.5056909168171212, -0.3754969582102493, 0.7767101975791934
-0.4443520125692219, -0.44434944481042704, 0.7778848628314781
-0.37550020569800563, -0.5056883838577945, 0.7767102767132976
-0.28987381760223146, -0.5614000913786916, 0.775114899397957
-0.19200004579889848, -0.6019409470889877, 0.7751148809246494
-0.09205923969975366, -0.6230941430050058, 0.7767102325441327
-0.0, -0.6284068269652118, 0.7778848628322281
-8.862673362585434e-16, -0.7058058638178181, 0.7084053095512369
0.10281617841157208, -0.6987885752504621, 0.707900671391311
0.21462243516303067, -0.67361689410367, 0.7072322746473153
0.32455567537870206, -0.6280813159869283, 0.7072322631834629
0.4214137780077547, -0.5668219313729296, 0.7079006468565295
0.4990784953749381, -0.4990817296340207, 0.7084053095508264
0.5668187883615369, -0.4214179399484512, 0.7079006858662893
0.6280791218824539, -0.3245598876378188, 0.7072322786693861
0.6736155896432553, -0.21462658560773834, 0.7072322575646092
0.6987880098757905, -0.10282024658589939, 0.7079006386109896
0.705805863812135, -3.0110665486303205e-06, 0.7084053095504999
0.6987889591737023, 0.10281344579083002, 0.7079006892930321
0.6736175501421154, 0.21462036107939272, 0.7072322792058389
0.6280819675251179, 0.32455442516066435, 0.7072322582987907
0.5668223100444745, 0.4214132761405889, 0.7079006424126916
0.4990816967278057, 0.4990785282813601, 0.7084053095508294
0.4214173533691344, 0.5668192309575382, 0.7079006806721257
0.32455853616729347, 0.6280798261991914, 0.7072322733886918
0.2146244323523702, 0.6736162674952465, 0.7072322653861286
0.10281749778514236, 0.698788393289203, 0.7079006593820185
0.0, 0.70580586381782, 0.708405309551235
0.0, 0.705805863817819, 0.7084053095512359
-0.1028161784115487, 0.6987885752504692, 0.7079006713913076
-0.21462243516303586, 0.673616894103682, 0.7072322746473024
-0.32455567537875124, 0.6280813159869245, 0.7072322631834437
-0.42141377800782337, 0.5668219313729163, 0.7079006468564993
-0.499078495375045, 0.49908172963396213, 0.7084053095507923
-0.566818788361644, 0.42141793994836124, 0.7079006858662571
-0.6280791218825063, 0.3245598876377716, 0.7072322786693611
-0.6736155896432605, 0.21462658560776768, 0.7072322575645953
-0.6987880098757775, 0.10282024658604777, 0.7079006386109808
-0.7058058638121384, 3.0110667190159877e-06, 0.7084053095504963
-0.69878895917375, -0.10281344579051029, 0.7079006892930314
-0.6736175501422187, -0.21462036107905502, 0.7072322792058432
-0.628081967525223, -0.3245544251604593, 0.7072322582987915
-0.5668223100444691, -0.42141327614059515, 0.707900642412692
-0.49908169672765684, -0.4990785282815129, 0.7084053095508265
-0.42141735336873926, -0.5668192309578429, 0.7079006806721172
-0.3245585361666519, -0.6280798261995291, 0.7072322733886863
-0.21462443235161957, -0.6736162674954858, 0.7072322653861285
-0.10281749778456165, -0.6987883932892829, 0.7079006593820238
-0.0, -0.7058058638178183, 0.7084053095512367
-9.64500034999629e-16, -0.7693286120715355, 0.6388532590885678
0.11180622377266278, -0.7607149408194109, 0.639384193689379
0.23316376818177204, -0.7320245167255772, 0.6401365199080288
0.3527451069595743, -0.6824925738658374, 0.6401365292920432
0.4588451104794312, -0.6169675777923403, 0.6393842135540811
0.5439956743877618, -0.5439992827189764, 0.6388532590890051
0.6169641298973019, -0.45884980172682205, 0.6393841739324814
0.6824901542243039, -0.3527498257836482, 0.6401365087202039
0.7320230294507013, -0.23316839330299688, 0.6401365359970609
0.760714249952279, -0.11181075721464272, 0.6393842228978048
0.7693286120635863, -3.360143086108922e-06, 0.6388532590893041
0.7607154083479816, 0.11180317792876193, 0.6393841700472364
0.7320252631543066, 0.23316145721285939, 0.6401365080779599
0.6824932925203155, 0.35274370591808885, 0.6401365351235248
0.6169679940960062, 0.45884454368754085, 0.6393842185957697
0.5439992467050214, 0.5439957104019868, 0.6388532590889763
0.45884914127346194, 0.6169646150023712, 0.6393841798070878
0.35274831356291353, 0.6824909299200103, 0.6401365150149146
0.2331659963466022, 0.7320238010945139, 0.640136526671331
0.11180769433231255, 0.7607147178656335, 0.6393842017994359
0.0, 0.7693286120715358, 0.6388532590885673
0.0, 0.7693286120715358, 0.6388532590885675
-0.11180622377261651, 0.7607149408194219, 0.639384193689374
-0.23316376818155118, 0.7320245167256602, 0.6401365199080143
-0.35274510695925004, 0.6824925738660222, 0.6401365292920249
-0.4588451104790679, 0.6169675777926392, 0.6393842135540534
-0.5439956743873722, 0.5439992827194073, 0.6388532590889697
-0.6169641298967683, 0.4588498017275946, 0.6393841739324415
-0.682490154223813, 0.352749825784655, 0.6401365087201724
-0.7320230294503475, 0.23316839330414468, 0.6401365359970476
-0.7607142499521038, 0.11181075721586098, 0.6393842228978003
-0.7693286120635942, 3.3601441511619e-06, 0.6388532590892945
-0.7607154083481769, -0.11180317792753686, 0.6393841700472183
-0.7320252631547198, -0.23316145721159692, 0.6401365080779474
-0.6824932925208685, -0.3527437059170221, 0.6401365351235233
-0.6169679940965744, -0.4588445436867707, 0.639384218595774
-0.5439992467055756, -0.5439957104014398, 0.6388532590889703
-0.4588491412741231, -0.616964615001894, 0.6393841798070738
-0.35274831356368574, -0.6824909299196193, 0.6401365150149059
-0.2331659963474851, -0.7320238010942325, 0.6401365266713313
-0.11180769433293268, -0.7607147178655318, 0.6393842017994485
-0.0, -0.769328612071535, 0.6388532590885684
-1.0329584622566392e-15, -0.8221084670390109, 0.5693308953699664
0.11953374766838239, -0.8120585544056927, 0.5712027550571585
0.24865871054452277, -0.7803533350117172, 0.5737747974653696
0.3759620852519593, -0.7276228090661288, 0.5737748322989727
0.4896862405545564, -0.6587372105950589, 0.5712028301654207
0.581316605736856, -0.581320338084047, 0.5693308953714263
0.6587337076443353, -0.48969111288155753, 0.5712026929015385
0.7276203507932889, -0.3759669415311312, 0.5737747676459622
0.7803517835706393, -0.24866344867379875, 0.5737748540776036
0.8120577931661538, -0.11953841145628596, 0.5712028612888977
0.8221084670299255, -3.4744475276402335e-06, 0.5693308953724837
0.8120590683525059, 0.11953061490935535, 0.571202679970824
0.7803541132199731, 0.24865634191906635, 0.5737747655692934
0.727623538828322, 0.3759606440049377, 0.5737748512285477
0.6587376323944395, 0.48968565358321886, 0.5712028469310565
0.5813202998242403, 0.5813166439969712, 0.5693308953713595
0.4896904260063434, 0.6587342012427184, 0.5712027125205584
0.37596538262605306, 0.7276211401422712, 0.5737747881224017
0.2486609893148457, 0.7803525895529445, 0.5737748237514225
0.11953525997383187, 0.8120583084379589, 0.5712027882633882
0.0, 0.8221084670390122, 0.5693308953699644
0.0, 0.8221084670390116, 0.5693308953699653
-0.11953374766823893, 0.8120585544057185, 0.5712027550571518
-0.248658710544242, 0.7803533350118161, 0.5737747974653566
-0.37596208525160474, 0.7276228090663237, 0.5737748322989579
-0.4896862405542252, 0.6587372105953215, 0.5712028301654014
-0.581316605736643, 0.5813203380842946, 0.5693308953713909
-0.658733707644139, 0.4896911128818713, 0.5712026929014956
-0.7276203507931627, 0.37596694153142557, 0.5737747676459295
-0.7803517835706257, 0.24866344867389562, 0.5737748540775799
-0.8120577931661976, 0.11953841145611586, 0.5712028612888712
-0.8221084670299386, 3.4744471317578625e-06, 0.5693308953724651
-0.8120590683523974, -0.11953061491009308, 0.5712026799708239
-0.7803541132196959, -0.24865634191994046, 0.5737747655692916
-0.7276235388279082, -0.375960644005773, 0.5737748512285251
-0.6587376323939612, -0.4896856535838949, 0.5712028469310286
-0.581320299823718, -0.5813166439975032, 0.5693308953713497
-0.4896904260056384, -0.6587342012432327, 0.5712027125205698
-0.37596538262526097, -0.7276211401426746, 0.5737747881224091
-0.24866098931409641, -0.7803525895531923, 0.5737748237514102
-0.11953525997336259, -0.8120583084380366, 0.571202788263376
-0.0, -0.822108467039011, 0.5693308953699664
-1.0942552123306034e-15, -0.8660253957974257, 0.5000000138339122
0.12629920436185407, -0.8547380716961708, 0.503459372512494
0.2617307285373223, -0.8205322306021152, 0.508157342053069
0.39512967178227637, -0.7652768117041259, 0.5081574007580707
0.5150814095360049, -0.6936999873700556, 0.5034595009265265
0.6123706251939282, -0.6123742348951546, 0.5000000138361714
0.6936966617231642, -0.5150861144335621, 0.5034592696851189
0.7652744890052682, -0.3951343066795239, 0.508157294705702
0.8205307351151944, -0.2617352331066844, 0.508157436708259
0.8547373051186297, -0.12630367333991824, 0.5034595528335774
0.8660253957886632, -3.3571876867999487e-06, 0.5000000138378181
0.8547385881923636, 0.12629620456082416, 0.5034592481705501
0.8205329809481324, 0.261728474672763, 0.5081572913201586
0.7652775002057548, 0.3951282981899156, 0.5081574319523153
0.6937003847734551, 0.5150808471160727, 0.5034595287601074
0.6123741952354124, 0.612370664853984, 0.5000000138360705
0.5150854486184913, 0.6936971321918886, 0.503459302635513
0.3951328123636985, 0.7652752380281732, 0.5081573286438731
0.2617328857336434, 0.8205315149837463, 0.5081573864896755
0.1263006521769949, 0.854737823964445, 0.5034594298890339
0.0, 0.8660253957974261, 0.5000000138339111
0.0, 0.8660253957974261, 0.5000000138339111
-0.12629920436182, 0.8547380716961783, 0.5034593725124895
-0.2617307285371994, 0.8205322306021611, 0.5081573420530582
-0.3951296717820706, 0.7652768117042406, 0.5081574007580582
-0.5150814095358179, 0.6936999873702075, 0.5034595009265084
-0.6123706251937827, 0.6123742348953274, 0.5000000138361379
-0.6936966617230074, 0.5150861144338189, 0.5034592696850724
-0.7652744890050888, 0.39513430667992444, 0.5081572947056605
-0.8205307351150614, 0.26173523310714764, 0.5081574367082354
-0.8547373051185817, 0.12630367334031306, 0.5034595528335597
-0.8660253957886815, 3.35718801124771e-06, 0.5000000138377866
-0.8547385881924365, -0.1262962045605051, 0.5034592481705065
-0.8205329809481874, -0.26172847467264804, 0.5081572913201291
-0.7652775002056521, -0.39512829819014966, 0.5081574319522881
-0.6937003847730736, -0.5150808471166299, 0.5034595287600624
-0.6123741952347084, -0.6123706648547006, 0.5000000138360552
-0.5150854486171984, -0.6936971321928102, 0.5034593026355659
-0.39513281236205483, -0.7652752380289974, 0.5081573286439096
-0.26173288573201214, -0.82053151498429, 0.508157386489638
-0.12630065217618647, -0.8547378239645852, 0.5034594298889986
-0.0, -0.8660253957974255, 0.5000000138339121
-1.102212902209806e-15, -0.8660254037844348, 0.5000000000000068
0.1269111174774452, -0.8546398934756018, 0.5034721648121554
0.2620455230068227, -0.8204295772212076, 0.5081608531682774
0.39483489969401153, -0.7654266113374171, 0.5081609042814476
0.5145796709345541, -0.6940629855431989, 0.5034722776476847
0.6123708727729323, -0.6123739986133034, 0.5000000000016709
0.6940601335705183, -0.5145837132498838, 0.5034720777223256
0.7654246414398324, -0.39483883344592774, 0.5081608149786473
0.8204283071408794, -0.2620493410429577, 0.5081609348433845
0.8546392317497458, -0.1269149500524001, 0.5034723219874169
0.8660254037778974, -2.903442430696758e-06, 0.5000000000028997
0.8546403373601695, 0.12690854653496006, 0.5034720593769623
0.820430215386773, 0.2620436045741649, 0.5081608121276097
0.7654271955791724, 0.39483373299447216, 0.508160930766478
0.694063323539719, 0.5145791918633997, 0.5034723013416029
0.6123739626422976, 0.6123709087441749, 0.5000000000016033
0.5145831411630617, 0.6940605371968002, 0.5034721060166548
0.39483755871923354, 0.765425279784726, 0.5081608439176611
0.26204734059097784, 0.8204289725989584, 0.5081608920503559
0.126912363553605, 0.8546396783323997, 0.503472215913778
0.0, 0.8660254037844353, 0.5000000000000058
0.0, 0.8660254037844353, 0.5000000000000058
-0.1269111174773241, 0.8546398934756223, 0.5034721648121508
-0.26204552300663275, 0.8204295772212689, 0.5081608531682761
-0.39483489969382013, 0.7654266113375118, 0.5081609042814536
-0.5145796709343815, 0.6940629855433206, 0.5034722776476933
-0.612370872772739, 0.6123739986134991, 0.5000000000016682
-0.6940601335702582, 0.5145837132502592, 0.5034720777223006
-0.7654246414395829, 0.39483883344644516, 0.508160814978621
-0.8204283071406486, 0.26204934104369176, 0.5081609348433785
-0.8546392317496087, 0.12691495005328757, 0.503472321987426
-0.8660254037779146, 2.903443357108893e-06, 0.5000000000028699
-0.8546403373603654, -0.12690854653391914, 0.5034720593768924
-0.820430215387115, -0.26204360457317927, 0.5081608121275659
-0.7654271955795628, -0.39483373299371727, 0.5081609307664765
-0.6940633235400292, -0.5145791918629736, 0.5034723013416109
-0.6123739626425282, -0.6123709087439531, 0.5000000000015926
-0.5145831411631235, -0.6940605371967622, 0.5034721060166439
-0.39483755871919995, -0.7654252797847456, 0.5081608439176579
-0.26204734059092694, -0.8204289725989767, 0.5081608920503529
-0.12691236355354046, -0.8546396783324113, 0.5034722159137747
-0.0, -0.8660254037844348, 0.5000000000000068
-1.1103518410784346e-15, -0.866025403784435, 0.5000000000000064
0.12753438262004752, -0.8545394855404634, 0.5034851029593261
0.2623646896283847, -0.8203253741137486, 0.5081643929097548
0.3945358454529032, -0.7655784556334777, 0.5081644368928449
0.5140682532521613, -0.6944324900961468, 0.5034852010706339
0.612371065666131, -0.6123738057213549, 0.5000000000012713
0.6944300146582604, -0.5140717673090451, 0.5034850273816327
0.7655767606306345, -0.3945392335394466, 0.508164360006101
0.8203242799072014, -0.26236797471277035, 0.5081644631808198
0.8545389087043848, -0.1275377090789108, 0.5034852393796886
0.8660254037794414, -2.5410309996692037e-06, 0.5000000000021986
0.8545398718422612, 0.12753215487818206, 0.5034850115981002
0.8203259237723791, 0.26236303940026595, 0.5081643576084879
0.7655789563618794, 0.39453484455687177, 0.5081644596056876
0.6944327794787795, 0.5140678424508855, 0.5034852213752341
0.6123737706803032, 0.6123711007073842, 0.5000000000012141
0.5140712666484935, 0.6944303673446036, 0.5034850521277193
0.3945381288445479, 0.7655773132927352, 0.5081643850756564
0.2623662443549165, 0.8203248562620131, 0.5081644261671647
0.12753546290552636, 0.854539298211511, 0.5034851472622123
0.0, 0.8660254037844353, 0.5000000000000058
0.0, 0.8660254037844353, 0.5000000000000058
-0.12753438261998104, 0.8545394855404751, 0.5034851029593236
-0.2623646896282092, 0.8203253741138063, 0.5081643929097523
-0.39453584545265247, 0.7655784556336024, 0.5081644368928514
-0.5140682532518352, 0.6944324900963772, 0.5034852010706491
-0.6123710656657012, 0.6123738057217878, 0.5000000000012674
-0.6944300146577729, 0.5140717673097444, 0.503485027381591
-0.7655767606300824, 0.3945392335405678, 0.5081643600060622
-0.8203242799067166, 0.2623679747142603, 0.5081644631808329
-0.8545389087040997, 0.12753770908063086, 0.5034852393797369
-0.8660254037794555, 2.541032816485675e-06, 0.5000000000021743
-0.8545398718426422, -0.12753215487606262, 0.5034850115979905
-0.8203259237730914, -0.26236303939816485, 0.5081643576084229
-0.7655789563627579, -0.3945348445551378, 0.5081644596057106
-0.6944327794796417, -0.5140678424496745, 0.5034852213752813
-0.612373770681103, -0.6123711007065928, 0.5000000000012039
-0.5140712666492392, -0.6944303673440835, 0.5034850521276755
-0.3945381288451472, -0.7655773132924382, 0.5081643850756389
-0.26236624435530886, -0.8203248562618837, 0.5081644261671712
-0.1275354629058863, -0.8545392982114488, 0.5034851472622263
-0.0, -0.8660254037844349, 0.5000000000000064
-1.1186783034197617e-15, -0.866025403784435, 0.5000000000000062
0.12816932539247694, -0.8544367824276091, 0.5034981716582415
0.2626883537343625, -0.8202195844776529, 0.5081679466983696
0.3942324680665982, -0.765732369122622, 0.5081679840367505
0.5135469416586402, -0.6948086392544575, 0.5034982557372235
0.6123712522517404, -0.6123736191367941, 0.5000000000009398
0.6948065223574867, -0.5135499514854778, 0.5034981070657153
0.765730931612575, -0.39423534428938817, 0.5081679187874474
0.8202186552847281, -0.26269113974829644, 0.5081680062938372
0.8544362870008965, -0.12817216984349158, 0.5034982883126145
0.8660254037807334, -2.1907631693085715e-06, 0.500000000001618
0.8544371134470443, 0.12816742484103802, 0.5034980937142658
0.8202200503994023, 0.2626869567437632, 0.5081679168144153
0.7657327912249774, 0.3942316235043256, 0.5081680031957432
0.6948088826099669, 0.5135465956514236, 0.5034982728283409
0.6123735851757862, 0.6123712862129168, 0.5000000000008921
0.5135495191260926, 0.6948068264493806, 0.5034981284222407
0.39423440052406916, 0.7657314032992041, 0.5081679401977849
0.26268966474074784, 0.8202191472312381, 0.5081679747422638
0.12817024788489764, 0.8544366217555526, 0.5034982094904437
0.0, 0.8660254037844354, 0.5000000000000057
0.0, 0.8660254037844354, 0.5000000000000057
-0.12816932539278325, 0.8544367824275559, 0.5034981716582538
-0.26268835373504384, 0.8202195844774249, 0.5081679466983854
-0.3942324680676125, 0.7657323691221147, 0.5081679840367279
-0.5135469416599129, 0.6948086392535635, 0.5034982557371589
-0.6123712522531622, 0.6123736191353767, 0.5000000000009347
-0.6948065223590629, 0.5135499514832456, 0.5034981070658172
-0.7657309316140182, 0.39423534428651685, 0.5081679187875001
-0.8202186552858004, 0.26269113974511044, 0.5081680062937532
-0.854436287001461, 0.12817216984031168, 0.5034982883124662
-0.8660254037807444, 2.1907601799166975e-06, 0.5000000000015992
-0.8544371134464683, -0.12816742484440616, 0.5034980937143858
-0.8202200503982947, -0.26268695674711384, 0.5081679168144706
-0.7657327912234811, -0.39423162350733787, 0.508168003195661
-0.6948088826082631, -0.5135465956538576, 0.5034982728282096
-0.612373585174051, -0.6123712862146602, 0.5000000000008821
-0.5135495191241146, -0.6948068264507768, 0.5034981284223317
-0.39423440052223396, -0.7657314033001242, 0.5081679401978223
-0.2626896647394841, -0.820219147231661, 0.5081679747422343
-0.12817024788418538, -0.8544366217556767, 0.5034982094904142
-0.0, -0.866025403784435, 0.5000000000000062
-1.1271988456561458e-15, -0.8660254037844353, 0.500000000000006
0.12881626543516544, -0.8543317089632418, 0.5035113710923353
0.26301660871770943, -0.820112172707275, 0.508171514073731
0.39392467572067247, -0.7658883929406368, 0.5081715452651513
0.5130154562870771, -0.6951916063378297, 0.5035114418640255
0.6123714319408446, -0.612373439448552, 0.5000000000006698
0.6951898291900906, -0.5130179871222004, 0.5035113169331336
0.7658871950763957, -0.3939270748507896, 0.5081714908547225
0.8201113973212949, -0.26301893047655983, 0.5081715637407114
0.8543312912287576, -0.12881865313726043, 0.5035114690166511
0.8660254037817929, -1.8537633191724353e-06, 0.5000000000011462
0.8543319871562111, 0.1288146753081347, 0.5035113058780105
0.8201125598169112, 0.2630154495782429, 0.5081714892767089
0.7658887414306103, 0.3939239777480723, 0.508171561094255
0.6951918063640355, 0.513015171428673, 0.503511455925601
0.6123734067258576, 0.6123714646636768, 0.5000000000006306
0.5130176197791472, 0.6951900871385794, 0.5035113350664442
0.39392628264241863, 0.765887590619861, 0.5081715088216078
0.26301769565433536, 0.8201118097094043, 0.5081715373255855
0.12881703851163806, 0.854331573712496, 0.5035114027974154
0.0, 0.8660254037844355, 0.5000000000000056
0.0, 0.8660254037844355, 0.5000000000000056
-0.128816265434308, 0.8543317089633923, 0.5035113710922997
-0.26301660871599014, 0.8201121727078491, 0.5081715140736943
-0.39392467571824313, 0.7658883929418497, 0.5081715452652065
-0.5130154562842498, 0.6951916063398172, 0.5035114418641622
-0.6123714319380676, 0.6123734394513346, 0.5000000000006635
-0.6951898291871986, 0.5130179871263282, 0.5035113169329207
-0.7658871950737682, 0.393927074856069, 0.5081714908545903
-0.8201113973193042, 0.2630189304825467, 0.5081715637408254
-0.854331291227697, 0.1288186531433678, 0.5035114690168881
-0.8660254037818009, 1.8537690036419072e-06, 0.5000000000011322
-0.8543319871572879, -0.12881467530202442, 0.5035113058777467
-0.8201125598188606, -0.26301544957242995, 0.5081714892765711
-0.7658887414330524, -0.3939239777431971, 0.5081715610943535
-0.695191806366548, -0.5130151714251057, 0.5035114559257667
-0.6123734067281306, -0.6123714646614116, 0.5000000000006212
-0.5130176197812198, -0.6951900871371289, 0.5035113350663347
-0.39392628264404217, -0.765887590619053, 0.508171508821567
-0.26301769565529687, -0.8201118097090844, 0.5081715373256046
-0.12881703851201923, -0.8543315737124298, 0.5035114027974299
-0.0, -0.8660254037844353, 0.500000000000006
-1.1359203334588063e-15, -0.8660254037844353, 0.5000000000000057
0.12947553371227205, -0.8542241868127286, 0.503524701314697
0.26334955048632275, -0.8200031021563083, 0.5081750945419135
0.3936123740653909, -0.766046569274333, 0.5081751200970301
0.5124735069895033, -0.6955815704610184, 0.5035247595390545
0.6123716040910353, -0.6123732672990518, 0.5000000000004562
0.6955801134287614, -0.5124755853549553, 0.5035246570104855
0.7660455927453065, -0.393614331886934, 0.5081750757058976
0.820002469007559, -0.2633514437805417, 0.5081751350471722
0.8542238427996192, -0.12947749114296664, 0.5035247815946846
0.8660254037826378, -1.5312589910656964e-06, 0.5000000000007743
0.8542244148023596, 0.12947423643986072, 0.5035246481095851
0.8200034155418358, 0.26334861337042004, 0.5081750744926403
0.7660468492979708, 0.3936118126501891, 0.5081751328261591
0.6955817299722976, 0.512473279455861, 0.503524770763565
0.6123732359787433, 0.6123716354114532, 0.5000000000004244
0.5124752795681531, 0.6955803278003463, 0.5035246720953266
0.3936136815722646, 0.7660459171121191, 0.5081750904510965
0.2633504335309409, 0.8200028068522072, 0.5081751134339098
0.12947616614885263, 0.8542240756643834, 0.50352472725252
0.0, 0.8660254037844356, 0.5000000000000052
0.0, 0.8660254037844356, 0.5000000000000052
-0.1294755337126585, 0.854224186812661, 0.5035247013147124
-0.26334955048710995, 0.8200031021560449, 0.5081750945419305
-0.3936123740665684, 0.7660465692737463, 0.5081751200970029
-0.5124735069909014, 0.6955815704600407, 0.5035247595389822
-0.6123716040924837, 0.6123732672976095, 0.500000000000449
-0.6955801134302994, 0.512475585352772, 0.5035246570105834
-0.7660455927466897, 0.393614331884176, 0.5081750757059488
-0.8200024690085779, 0.26335144377751474, 0.5081751350470967
-0.854223842800143, 0.1294774911400185, 0.5035247815945538
-0.8660254037826434, 1.5312563372700643e-06, 0.5000000000007647
-0.8542244148018954, -0.12947423644253298, 0.5035246481096854
-0.8200034155410266, -0.2633486133728588, 0.5081750744926822
-0.7660468492969928, -0.39361181265216366, 0.5081751328261037
-0.6955817299712825, -0.5124732794573185, 0.5035247707634838
-0.612373235977751, -0.6123716354124528, 0.5000000000004158
-0.5124752795670375, -0.695580327801133, 0.5035246720953752
-0.3936136815711771, -0.7660459171126642, 0.5081750904511173
-0.2633504335299862, -0.8200028068525278, 0.5081751134338875
-0.12947616614852875, -0.8542240756644408, 0.5035247272525059
-0.0, -0.8660254037844353, 0.5000000000000058
-1.1448499601984467e-15, -0.8660254037844355, 0.5000000000000054
0.13014749595160485, -0.8541141302670014, 0.503538163177103
0.26368732325599115, -0.8198923197932243, 0.5081786885517493
0.39329553085338953, -0.7662069091443572, 0.5081787065493802
0.5119208650835901, -0.6959786662296825, 0.5035382051495405
0.6123718289397658, -0.6123730424510244, 0.5000000000002419
0.6959776147370732, -0.5119223674836312, 0.5035381310832855
0.766206203519878, -0.3932969470079106, 0.5081786744462148
0.8198918575088121, -0.2636887037230165, 0.5081787180900286
0.8541138751909281, -0.13014894066996713, 0.503538222430851
0.8660254037834361, -1.1441097072529523e-06, 0.5000000000004277
0.854114300305689, 0.13014653286657893, 0.503538123676978
0.8198925606142954, 0.2636866041170182, 0.5081786731638478
0.7662071346251169, 0.39329507832307997, 0.5081787168077885
0.6959788064227657, 0.5119206647715085, 0.5035382150246785
0.6123730424524978, 0.612371828938292, 0.5000000000002425
0.5119221671758728, 0.6959777549277741, 0.5035381409582129
0.3932964944814149, 0.7662064289996364, 0.5081786847047557
0.2636879845888601, 0.8198920983294387, 0.508178702702519
0.13014797758637062, 0.854114045231069, 0.5035381829307455
0.0, 0.8660254037844357, 0.5000000000000051
0.0, 0.8660254037844357, 0.5000000000000051
-0.1301474959505527, 0.8541141302671876, 0.5035381631770591
-0.2636873232540036, 0.8198923197938902, 0.5081786885517062
-0.3932955308506069, 0.7662069091457446, 0.5081787065494422
-0.5119208650806022, 0.6959786662317767, 0.5035382051496837
-0.6123718289371283, 0.6123730424536686, 0.5000000000002339
-0.6959776147344772, 0.511922367487351, 0.5035381310830922
-0.7662062035175897, 0.39329694701251716, 0.5081786744461
-0.8198918575070329, 0.263688703728346, 0.5081787180901339
-0.8541138751899664, 0.13014894067543417, 0.5035382224310692
-0.8660254037834393, 1.14411422626402e-06, 0.5000000000004219
-0.8541143003063831, -0.13014653286266617, 0.503538123676812
-0.8198925606153527, -0.2636866041138739, 0.5081786731637736
-0.766207134626251, -0.3932950783208149, 0.5081787168078316
-0.6959788064240606, -0.5119206647696671, 0.5035382150247608
-0.612373042453865, -0.6123718289369313, 0.5000000000002344
-0.5119221671771838, -0.6959777549268611, 0.5035381409581419
-0.3932964944824221, -0.766206428999137, 0.5081786847047293
-0.26368798458942533, -0.8198920983292507, 0.508178702702529
-0.13014797758689567, -0.8541140452309768, 0.503538182930766
-0.0, -0.8660254037844356, 0.5000000000000054
-1.1539952667327924e-15, -0.8660254037844357, 0.500000000000005
0.13083245668753965, -0.8540014630888979, 0.5035517543600904
0.26402992735639375, -0.8197798205350462, 0.5081822933787686
0.3929739036330223, -0.7663695281025584, 0.5081823073064291
0.5113570586860785, -0.6963831969384666, 0.5035517863672846
0.612371968404078, -0.6123729029870368, 0.5000000000001442
0.696382395940378, -0.5113582051286446, 0.5035517298867612
0.7663689872837998, -0.39297499017219345, 0.5081822826789294
0.8197794651343417, -0.2640309871724085, 0.5081823160606989
0.8540012676722325, -0.13083355834415417, 0.5035517995452172
0.8660254037838455, -8.811327248774847e-07, 0.5000000000002509
0.8540015933550523, 0.13083172231109333, 0.5035517242390742
0.8197800034280589, 0.2640293819622496, 0.5081822817062047
0.7663696989866915, 0.39297356031523906, 0.5081823150880135
0.6963833037308658, 0.511356905837253, 0.503551793897545
0.6123729029870582, 0.612371968404057, 0.5000000000001436
0.5113580522802822, 0.6963825027328289, 0.5035517374169983
0.39297464685488426, 0.7663691581682208, 0.5081822904606295
0.264030441779662, 0.8197796480275653, 0.5081823043883342
0.13083282396786663, 0.8540013979393489, 0.5035517694241884
0.0, 0.8660254037844358, 0.5000000000000047
0.0, 0.8660254037844358, 0.5000000000000047
-0.1308324566870915, 0.8540014630889778, 0.5035517543600714
-0.26402992735556824, 0.8197798205353234, 0.5081822933787503
-0.3929739036318869, 0.7663695281031245, 0.5081823073064533
-0.5113570586849222, 0.6963831969392781, 0.5035517863673367
-0.6123719684026518, 0.6123729029884704, 0.5000000000001352
-0.6963823959386138, 0.5113582051311804, 0.5035517298866257
-0.7663689872819774, 0.39297499017586773, 0.5081822826788367
-0.8197794651327571, 0.26403098717714574, 0.508182316060794
-0.854001267671345, 0.1308335583491666, 0.5035517995454202
-0.8660254037838465, 8.811371960334315e-07, 0.5000000000002491
-0.8540015933558368, -0.13083172230667764, 0.5035517242388914
-0.8197800034294195, -0.2640293819582007, 0.5081822817061135
-0.766369698988455, -0.3929735603117048, 0.508182315088087
-0.6963833037329451, -0.5113569058342844, 0.5035517938976838
-0.6123729029891508, -0.6123719684019708, 0.5000000000001358
-0.5113580522822738, -0.696382502731442, 0.503551737416894
-0.3929746468565648, -0.766369158167387, 0.5081822904605874
-0.2640304417808587, -0.8197796480271655, 0.5081823043883575
-0.13083282396850132, -0.854001397939237, 0.5035517694242134
-0.0, -0.8660254037844357, 0.500000000000005
-1.1633641626454715e-15, -0.866025403784436, 0.5000000000000046
0.13153079229767242, -0.8538860950236306, 0.5035654747923474
0.2643774961847156, -0.8196655545754804, 0.5081859090466508
0.3926474441581595, -0.7665344445969854, 0.5081859205472503
0.5107818334938031, -0.6967953116969813, 0.5035654993839586
0.6123720855794447, -0.6123727858118765, 0.5000000000000829
0.6967947182150738, -0.5107826844064255, 0.5035654574910218
0.7665340326830671, -0.3926482726047221, 0.5081859017713523
0.8196652829381921, -0.2643783050716064, 0.5081859263628994
0.8538859506893853, -0.13153160212677925, 0.5035655080098789
0.8660254037841312, -6.354841008095634e-07, 0.5000000000001288
0.8538861843119775, 0.1315302913158443, 0.5035654542435378
0.8196656732014792, 0.26437714293720765, 0.5081859014844127
0.7665345481556161, 0.39264723587938016, 0.50818592526766
0.6967953656111867, 0.5107817561934634, 0.5035655031896983
0.6123727595213372, 0.6123721118700237, 0.5000000000000697
0.510782543216037, 0.6967948166905389, 0.5035654644422666
0.3926479929927998, 0.7665341717096793, 0.5081859081085212
0.26437788103671245, 0.8196654253360818, 0.5081859172853556
0.13153104643748584, 0.853886049728803, 0.5035654852167692
0.0, 0.8660254037844362, 0.5000000000000044
0.0, 0.8660254037844362, 0.5000000000000044
-0.13153079229656947, 0.8538860950238275, 0.5035654747923012
-0.2643774961829363, 0.8196655545760785, 0.508185909046612
-0.39264744415593417, 0.7665344445980932, 0.5081859205472988
-0.5107818334916284, 0.696795311698502, 0.5035654993840603
-0.6123720855774789, 0.6123727858138499, 0.5000000000000735
-0.6967947182131665, 0.5107826844091707, 0.5035654574908761
-0.7665340326813497, 0.3926482726081883, 0.5081859017712647
-0.8196652829368183, 0.264378305075707, 0.5081859263629821
-0.85388595068872, 0.13153160213051188, 0.503565508010032
-0.8660254037841303, 6.354868178470175e-07, 0.5000000000001301
-0.8538861843123712, -0.13153029131363295, 0.503565454243448
-0.8196656732019906, -0.26437714293568876, 0.5081859014843783
-0.7665345481560282, -0.39264723587855827, 0.5081859252676735
-0.69679536561108, -0.5107817561936229, 0.5035655031896841
-0.6123727595210714, -0.6123721118702949, 0.500000000000063
-0.5107825432158174, -0.6967948166906955, 0.5035654644422722
-0.39264799299266023, -0.766534171709751, 0.5081859081085206
-0.264377881036639, -0.8196654253361073, 0.5081859172853522
-0.13153104643743097, -0.8538860497288135, 0.5035654852167656
-0.0, -0.866025403784436, 0.5000000000000046
-1.1729649490619408e-15, -0.8660254037844362, 0.5000000000000042
0.13224293882020496, -0.8537679236436191, 0.5035793261140283
0.2647302291568973, -0.8195494496157503, 0.5081895368905756
0.3923161546815336, -0.7667016518550207, 0.5081895432008393
0.510194955144516, -0.6972151443050859, 0.5035793386316835
0.6123722491875621, -0.6123726222039473, 0.500000000000028
0.6972148317420431, -0.5101954040839115, 0.5035793165436491
0.7667014228311302, -0.39231661579853244, 0.5081895327504369
0.8195492973224732, -0.2647306820085694, 0.5081895465881977
0.853767846495449, -0.13224336960184774, 0.5035793437849416
0.866025403784345, -3.516816981977044e-07, 0.5000000000000389
0.8537679750684822, 0.13224265167180052, 0.5035793143351645
0.8195495205426822, 0.2647300182519303, 0.5081895323740864
0.766701717840866, 0.39231602182540826, 0.5081895462117958
0.697215185974793, 0.5101948952936153, 0.5035793415763514
0.6123726222028717, 0.6123722491886405, 0.5000000000000244
0.5101953442303307, 0.6972148734136777, 0.5035793194884431
0.39231648293913773, 0.7667014888186883, 0.5081895357614833
0.2647304711006018, 0.8195493682505264, 0.508189542071673
0.13224308245071031, 0.8537678979209493, 0.5035793320059693
0.0, 0.8660254037844363, 0.5000000000000041
0.0, 0.8660254037844363, 0.5000000000000041
-0.132242938822136, 0.8537679236432746, 0.5035793261141055
-0.26473022915984146, 0.819549449614761, 0.5081895368906372
-0.3923161546851325, 0.7667016518532348, 0.5081895432007553
-0.5101949551478077, 0.6972151443027983, 0.5035793386315157
-0.6123722491904573, 0.6123726222010604, 0.500000000000018
-0.6972148317446254, 0.510195404080214, 0.50357931654382
-0.7667014228331944, 0.39231661579438704, 0.5081895327505228
-0.8195492973239401, 0.2647306820042132, 0.5081895465881017
-0.8537678464962767, 0.1322433695972177, 0.5035793437847544
-0.8660254037843422, 3.5167763768607174e-07, 0.5000000000000433
-0.8537679750678429, -0.13224265167535856, 0.5035793143353139
-0.8195495205415433, -0.2647300182553156, 0.5081895323741593
-0.7667017178393196, -0.39231602182852676, 0.5081895462117213
-0.6972151859732815, -0.5101948952957924, 0.5035793415762385
-0.6123726222016682, -0.6123722491898488, 0.5000000000000188
-0.5101953442294246, -0.6972148734143121, 0.503579319488483
-0.3923164829384029, -0.7667014888190553, 0.508189535761497
-0.26473047110007697, -0.8195493682507047, 0.508189542071659
-0.13224308245062413, -0.8537678979209653, 0.5035793320059648
-0.0, -0.8660254037844362, 0.5000000000000042
-1.182806343180809e-15, -0.8660254037844365, 0.5000000000000037
0.132969189755252, -0.8536468704373331, 0.503593303339489
0.26508805969133453, -0.8194315225150031, 0.5081931724431441
0.39197970047903197, -0.7668713102573586, 0.5081931797225645
0.5095958296532561, -0.6976430771383364, 0.5035933154053603
0.612372253978933, -0.6123726174125798, 0.5000000000000274
0.6976427761697298, -0.5095962627247081, 0.5035932941126228
0.7668710639951407, -0.39198019685256336, 0.5081931684727635
0.8194313570077087, -0.2650885511187648, 0.5081931829710619
0.8536467957081648, -0.13296960499338079, 0.5035933203737785
0.86602540378435, -3.426512644007427e-07, 0.5000000000000362
0.8536469202569185, 0.13296891292842167, 0.5035932919832354
0.8194315906067482, 0.265087857511815, 0.5081931681117824
0.7668713734673352, 0.39197957307097075, 0.5081931826101392
0.6976431172690172, 0.5095957719081456, 0.503593318244503
0.6123726174141272, 0.6123722539773891, 0.5000000000000231
0.5095962049832571, 0.6976428162979255, 0.5035932969515791
0.39198006944770425, 0.766871127203621, 0.5081931713602817
0.26508834894147476, 0.8194314250988196, 0.5081931786397771
0.13296932816728513, 0.8536468455277549, 0.5035933090175584
0.0, 0.8660254037844365, 0.5000000000000037
0.0, 0.8660254037844365, 0.5000000000000037
-0.13296918975527688, 0.8536468704373295, 0.5035933033394886
-0.26508805969125526, 0.819431522515031, 0.5081931724431406
-0.39197970047899344, 0.7668713102573795, 0.5081931797225623
-0.5095958296532734, 0.6976430771383286, 0.5035933154053535
-0.6123722539789981, 0.6123726174125228, 0.5000000000000173
-0.6976427761698318, 0.5095962627245724, 0.5035932941126188
-0.7668710639954902, 0.39198019685186825, 0.5081931684727723
-0.8194313570080793, 0.26508855111766594, 0.5081931829710374
-0.8536467957084396, 0.13296960499183663, 0.5035933203737203
-0.8660254037843459, 3.4265011619146535e-07, 0.5000000000000431
-0.8536469202568129, -0.13296891292898838, 0.5035932919832645
-0.8194315906069708, -0.26508785751115005, 0.5081931681117701
-0.7668713734680279, -0.39197957306957776, 0.5081931826101684
-0.6976431172701619, -0.5095957719065032, 0.5035933182445795
-0.6123726174151792, -0.6123722539763413, 0.5000000000000178
-0.5095962049840611, -0.6976428162973695, 0.5035932969515358
-0.39198006944823355, -0.7668711272033603, 0.5081931713602669
-0.2650883489417514, -0.8194314250987281, 0.5081931786397806
-0.13296932816765358, -0.8536468455276893, 0.5035933090175725
-0.0, -0.8660254037844365, 0.5000000000000037
-1.1928975046729142e-15, -0.8660254037844368, 0.5000000000000033
0.13370985800140808, -0.8535228521091223, 0.5036074014554915
0.2654509846119824, -0.8193117688375602, 0.5081968124779979
0.3916378653488078, -0.7670435206732522, 0.5081968317671915
0.5089840117010264, -0.6980793862287723, 0.5036074327838995
0.6123720052877232, -0.6123728661034639, 0.5000000000001217
0.6980786386854836, -0.5089850893560255, 0.503607379834987
0.7670428966213385, -0.3916391246230966, 0.5081968032241064
0.819311346143999, -0.26545223782470423, 0.5081968393384251
0.8535226626752844, -0.13371090538431937, 0.5036074444257136
0.8660254037839418, -8.115840068002128e-07, 0.5000000000002017
0.8535229694176438, 0.13370920939689343, 0.5036073748456682
0.8193119276991231, 0.2654505136137345, 0.508196802382848
0.7670436678155051, 0.3916375684298171, 0.5081968384971688
0.6980794801492375, 0.5089838763054598, 0.5036074394363517
0.6123728661028756, 0.6123720052883161, 0.500000000000116
0.5089849539597725, 0.6980787326067387, 0.5036073864874677
0.3916388277037186, 0.7670430437643085, 0.5081968099542166
0.2654517668259979, 0.8193115050064116, 0.5081968292434388
0.13371025677867132, 0.8535227799848443, 0.5036074178158272
0.0, 0.8660254037844368, 0.5000000000000033
0.0, 0.8660254037844368, 0.5000000000000033
-0.13370985800147625, 0.8535228521091109, 0.5036074014554927
-0.2654509846120408, 0.8193117688375414, 0.5081968124779975
-0.3916378653488919, 0.7670435206732128, 0.5081968317671862
-0.508984011701207, 0.6980793862286518, 0.5036074327838841
-0.6123720052880873, 0.612372866103108, 0.5000000000001116
-0.6980786386857698, 0.5089850893556233, 0.5036073798349966
-0.7670428966214556, 0.39163912462286893, 0.508196803224105
-0.8193113461439645, 0.26545223782480554, 0.5081968393384275
-0.8535226626752074, 0.13371090538472105, 0.5036074444257377
-0.8660254037839367, 8.11584594898732e-07, 0.5000000000002108
-0.8535229694177844, -0.13370920939609202, 0.5036073748456431
-0.8193119276993991, -0.26545051361290967, 0.508196802382834
-0.7670436678158888, -0.3916375684290433, 0.5081968384971857
-0.6980794801497283, -0.5089838763047559, 0.5036074394363829
-0.6123728661035587, -0.6123720052876365, 0.500000000000112
-0.5089849539604664, -0.6980787326062601, 0.5036073864874299
-0.3916388277041669, -0.7670430437640879, 0.5081968099542039
-0.26545176682604504, -0.8193115050063969, 0.5081968292434376
-0.13371025677844045, -0.8535227799848865, 0.5036074178158167
-0.0, -0.8660254037844368, 0.5000000000000033
-1.2032480641162044e-15, -0.866025403784437, 0.5000000000000027
0.1344656757540647, -0.8533957077724779, 0.5036216317827447
0.26581973698092193, -0.8191899354224832, 0.5082004694349478
0.39129135942844767, -0.7672179249042411, 0.5082004798721345
0.5083599152596725, -0.6985237501250842, 0.50362165071447
0.6123722630176485, -0.61237260837387, 0.5000000000000266
0.6985234709457937, -0.5083603184861325, 0.5036216309160269
0.7672177074036708, -0.3912917988260189, 0.5082004699109927
0.8191897785172945, -0.26582020147900737, 0.5082004793961199
0.8533956280883197, -0.13446611411173232, 0.5036216497683881
0.8660254037844027, -2.2086593931141109e-07, 0.5000000000000134
0.8533957074201798, 0.1344656776929393, 0.5036216318620451
0.819189920426751, 0.26581978137393714, 0.5082004703869581
0.7672179041176956, 0.39129140142173024, 0.5082004789201491
0.6985237234444248, 0.5083599537953186, 0.5036216488223656
0.6123725753693986, 0.6123722960221475, 0.5000000000000137
0.5083602799513672, 0.6985234976258807, 0.5036216328080774
0.39129175683460415, 0.76721772818932, 0.508200470862934
0.2658201570889419, 0.8191897935120543, 0.5082004784441748
0.13446602504192023, 0.8533956442791004, 0.5036216461143075
0.0, 0.866025403784437, 0.5000000000000029
0.0, 0.866025403784437, 0.5000000000000029
-0.13446567575324572, 0.8533957077726272, 0.5036216317827099
-0.2658197369793001, 0.8191899354230325, 0.5082004694349105
-0.39129135942616416, 0.7672179249053739, 0.5082004798721824
-0.5083599152569027, 0.6985237501270066, 0.5036216507145993
-0.6123722630147644, 0.6123726083767626, 0.5000000000000164
-0.6985234709433887, 0.5083603184896165, 0.503621630915846
-0.7672177074017745, 0.3912917988298567, 0.5082004699109003
-0.8191897785159096, 0.2658202014831044, 0.5082004793962094
-0.8533956280875378, 0.13446611411600512, 0.5036216497685725
-0.8660254037843963, 2.2087020181764112e-07, 0.5000000000000244
-0.8533957074208622, -0.1344656776891545, 0.5036216318618993
-0.8191899204278335, -0.2658197813707231, 0.5082004703868945
-0.7672179041190166, -0.3912914014190606, 0.5082004789202103
-0.6985237234458946, -0.5083599537931985, 0.5036216488224671
-0.6123725753708795, -0.6123722960206691, 0.5000000000000105
-0.5083602799527402, -0.6985234976249318, 0.5036216328080074
-0.39129175683573164, -0.7672177281887631, 0.5082004708629064
-0.2658201570897398, -0.819189793511786, 0.5082004784441897
-0.13446602504232574, -0.8533956442790274, 0.5036216461143231
-0.0, -0.866025403784437, 0.5000000000000027
-1.2138681536519632e-15, -0.8660254037844374, 0.5000000000000022
0.13523723647656413, -0.8532652989230525, 0.5036359990349536
0.26619419608300765, -0.819066056408094, 0.5082041373422833
0.390939441563217, -0.7673948838886194, 0.5082041373422811
0.5077225120383551, -0.6989768460010203, 0.5036359990349463
0.6123724356960071, -0.6123724356955746, 0.500000000000009
0.6989768460013466, -0.507722512037878, 0.5036359990349745
0.7673948838888479, -0.39093944156274757, 0.5082041373422974
0.8190660564082424, -0.266194196082566, 0.5082041373422751
0.853265298923124, -0.13523723647618655, 0.503635999034934
0.8660254037844398, 2.7721744745479347e-13, 0.4999999999999981
0.8532652989230246, 0.1352372364767277, 0.5036359990349569
0.8190660564080674, 0.26619419608308914, 0.5082041373422834
0.7673948838886274, 0.39093944156320215, 0.5082041373422805
0.6989768460010981, 0.5077225120382444, 0.5036359990349497
0.6123724356957527, 0.6123724356958354, 0.5000000000000011
0.5077225120381642, 0.6989768460011563, 0.50363599903495
0.39093944156312277, 0.7673948838886681, 0.5082041373422804
0.26619419608299866, 0.8190660564080977, 0.508204137342282
0.13523723647654837, 0.8532652989230558, 0.5036359990349524
0.0, 0.8660254037844373, 0.5000000000000023
0.0, 0.8660254037844373, 0.5000000000000023
-0.13523723647661978, 0.853265298923043, 0.5036359990349547
-0.26619419608316697, 0.8190660564080413, 0.5082041373422846
-0.39093944156337584, 0.7673948838885437, 0.5082041373422737
-0.5077225120384785, 0.6989768460009399, 0.5036359990349333
-0.6123724356961119, 0.6123724356954783, 0.4999999999999986
-0.6989768460014434, 0.5077225120377477, 0.5036359990349712
-0.7673948838889298, 0.39093944156258803, 0.5082041373422964
-0.8190660564083083, 0.26619419608236583, 0.508204137342274
-0.8532652989231798, 0.13523723647584823, 0.5036359990349303
-0.8660254037844325, -6.967627630017237e-13, 0.5000000000000105
-0.8532652989229268, -0.13523723647722816, 0.5036359990349883
-0.8190660564078873, -0.2661941960836088, 0.5082041373423015
-0.7673948838883844, -0.3909394415636913, 0.5082041373422717
-0.6989768460008324, -0.507722512038631, 0.503635999034929
-0.6123724356954466, -0.6123724356961433, 0.49999999999999895
-0.5077225120378284, -0.6989768460013894, 0.503635999034965
-0.390939441562773, -0.7673948838888419, 0.508204137342287
-0.2661941960827159, -0.8190660564081944, 0.5082041373422742
-0.13523723647640287, -0.8532652989230829, 0.5036359990349455
-0.0, -0.8660254037844374, 0.5000000000000022
-1.2247684400675104e-15, -0.8660254037844377, 0.5000000000000017
0.13602450385436568, -0.8531316001806025, 0.5036504811121081
0.2665744199865573, -0.8189401055437743, 0.5082078139312523
0.3905823706181719, -0.7675742629788143, 0.508207794681289
0.5070718815409494, -0.6994385812998548, 0.5036504521389491
0.6123726971673935, -0.6123721742240431, 0.5000000000000497
0.6994391674372754, -0.5070710316492476, 0.5036504938117491
0.767574798525237, -0.3905812861515811, 0.5082078192797888
0.8189404783434757, -0.2665733197521637, 0.508207790305176
0.8531317604502313, -0.1360236312533656, 0.503650445300843
0.8660254037842583, 4.930319425717508e-07, 0.5000000000000694
0.8531315302298782, 0.13602488470485416, 0.503650496742193
0.8189400134764763, 0.2665746917018192, 0.5082078197659191
0.7675741782924487, 0.3905825421054012, 0.508207790791478
0.699438526342202, 0.5070719612287494, 0.5036504482315871
0.6123721742275092, 0.6123726971639348, 0.500000000000041
0.5070711113453686, 0.6994391124740321, 0.5036504899039721
0.3905814576452611, 0.7675747138359487, 0.5082078153898902
0.2665735914715995, 0.818940386275115, 0.5082077961400219
0.13602401210378567, 0.8531316904999253, 0.5036504609309207
0.0, 0.8660254037844377, 0.5000000000000019
0.0, 0.8660254037844377, 0.5000000000000019
-0.1360245038504686, 0.8531316001813195, 0.5036504811119464
-0.2665744199779669, 0.8189401055466866, 0.5082078139310653
-0.39058237060529316, 0.7675742629851771, 0.5082077946815768
-0.5070718815245031, 0.6994385813112023, 0.5036504521397482
-0.6123726971490693, 0.6123721742423753, 0.50000000000004
-0.6994391674198109, 0.5070710316745796, 0.5036504938104989
-0.767574798510777, 0.39058128618086746, 0.5082078192791207
-0.818940478332596, 0.2665733197842651, 0.5082077903058696
-0.8531317604437633, 0.13602363128854492, 0.5036504453022982
-0.8660254037842503, -4.929940869876124e-07, 0.500000000000083
-0.853131530236844, -0.13602488466688958, 0.5036504967406469
-0.8189400134872608, -0.2665746916699769, 0.5082078197652432
-0.7675741783042479, -0.39058254208150445, 0.5082077907920229
-0.6994385263535073, -0.5070719612123568, 0.5036504482323909
-0.6123721742368298, -0.6123726971546153, 0.5000000000000397
-0.5070711113501734, -0.6994391124707189, 0.5036504899037358
-0.3905814576481486, -0.7675747138345234, 0.5082078153898237
-0.2665735914736211, -0.8189403862744312, 0.5082077961400636
-0.13602401210487025, -0.8531316904997266, 0.5036504609309642
-0.0, -0.8660254037844377, 0.5000000000000017
-1.2359601605324271e-15, -0.866025403784438, 0.5000000000000011
0.13682769681720905, -0.8529945388615642, 0.503665065352011
0.26695939607560126, -0.8188124197618604, 0.5082114737888913
0.39021828885238957, -0.7677569720948844, 0.5082114902723157
0.5064057494835077, -0.6999104837196103, 0.5036650987207949
0.6123717033543228, -0.6123731680361272, 0.5000000000003224
0.6999096887035531, -0.5064069045781737, 0.5036650421207015
0.7677564023971878, -0.39021944386830293, 0.5082114640631791
0.81881203787455, -0.26696052135288306, 0.5082114979717827
0.8529943374723343, -0.1368287874959804, 0.5036651101203192
0.866025403783329, -1.2206971313877485e-06, 0.500000000000432
0.8529946572796031, 0.13682705548735474, 0.5036650390280358
0.8188125650515242, 0.26695896796084984, 0.5082114645883358
0.7677570833466761, 0.3902180632979306, 0.5082114953904695
0.699910512258926, 0.5064057080181082, 0.5036651007525997
0.61237305474472, 0.6123718166460609, 0.5000000000002234
0.5064066069860211, 0.6999098935273969, 0.5036650567027393
0.39021894451281963, 0.7677566486984664, 0.5082114753944469
0.26695980273906467, 0.8188122817519825, 0.508211482528319
0.13682782509524408, 0.8529945151754609, 0.5036650706176533
0.0, 0.8660254037844379, 0.5000000000000012
0.0, 0.8660254037844379, 0.5000000000000012
-0.13682793742515442, 0.852994494434495, 0.5036650752279914
-0.2669598510721643, 0.8188122653490424, 0.508211483567124
-0.3902189310457012, 0.767756655341001, 0.5082114756999783
-0.5064065796496975, 0.6999099123421793, 0.5036650580422051
-0.6123729333296424, 0.612371938061424, 0.5000000000001447
-0.6999104980577752, 0.5064057286516328, 0.5036650997412128
-0.7677570573010789, 0.39021811610326385, 0.5082114941923368
-0.8188125335259158, 0.26695906085526594, 0.5082114665846742
-0.8529946408527683, 0.1368271444521879, 0.503665042679673
-0.8660254037836592, -1.0181232878368983e-06, 0.5000000000003135
-0.8529943424959927, -0.13682876029011984, 0.5036651090032918
-0.8188120489981674, -0.26696048857568344, 0.508211497267481
-0.7677564231856627, -0.39021940172149966, 0.5082114650195059
-0.6999096949908892, -0.5064068954432228, 0.5036650425682899
-0.6123717688313016, -0.6123731025593495, 0.5000000000002592
-0.506405661854825, -0.6999105440318871, 0.5036651030142593
-0.390218177786588, -0.7677570268765919, 0.5082114927926471
-0.2669592620945353, -0.818812465231215, 0.5082114709094252
-0.1368275391971218, -0.8529945679650913, 0.5036650588826938
-0.0, -0.8660254037844379, 0.5000000000000011
-1.247455161239998e-15, -0.8660254037844383, 0.5000000000000006
0.13764826825272664, -0.8528538120620028, 0.5036797886537988
0.26735130521703776, -0.8186822526325342, 0.508215159969934
0.38984965130515714, -0.767941792020822, 0.5082151645170536
0.5057263222037683, -0.7003909903692442, 0.5036798066627642
0.612371773008406, -0.6123730983822522, 0.5000000000002618
0.7003904133698844, -0.5057271622710882, 0.5036797655264649
0.7679414132461135, -0.389850420185399, 0.5082151470615862
0.8186820077822358, -0.26735202554258075, 0.5082151754640216
0.8528536522604953, -0.13764912905187263, 0.5036798239925787
0.8660254037832634, -1.2582859193949727e-06, 0.5000000000004522
0.8528539506652972, 0.13764752163643468, 0.5036797580029814
0.8186824770092376, 0.26735064512084067, 0.5082151457714433
0.7679420051709053, 0.3898492186278414, 0.5082151743399156
0.7003911326503224, 0.5057261150531487, 0.5036798168063199
0.6123731045421766, 0.6123717668484727, 0.5000000000002561
0.505726968888732, 0.7003905461946017, 0.5036797749958228
0.3898500021318328, 0.7679416191925428, 0.5082151565525626
0.2673513598311888, 0.8186822340683243, 0.5082151611446787
0.13764818176902888, 0.852853828116709, 0.5036797851039441
0.0, 0.8660254037844383, 0.5000000000000006
0.0, 0.8660254037844383, 0.5000000000000006
-0.1376484832463938, 0.8528537721500571, 0.5036797974798924
-0.2673517092898245, 0.8186821152817377, 0.508215168661492
-0.38985022557570725, 0.7679415091171858, 0.508215151479557
-0.505727043196831, 0.7003904951556056, 0.5036797713578303
-0.6123725793623274, 0.6123722920292176, 0.5000000000000127
-0.7003911561981405, 0.5057260807699571, 0.5036798184844126
-0.7679420733583711, 0.3898490802124322, 0.5082151774824978
-0.818682553643401, 0.26735041966999723, 0.5082151409218306
-0.8528540270948691, 0.13764710993033696, 0.5036797411013172
-0.8660254037820445, -1.7921290175348372e-06, 0.5000000000009354
-0.8528534857619673, -0.13765002592394115, 0.5036798608112104
-0.8186816693757194, -0.26735302109837256, 0.5082151968780139
-0.7679409660581231, -0.3898513279371379, 0.5082151264527321
-0.7003898118385065, -0.5057280380521622, 0.5036797226420101
-0.6123710308316846, -0.6123738405557537, 0.5000000000011361
-0.5057252856867034, -0.7003917022988346, 0.5036798574174304
-0.3898485364411625, -0.7679423412364081, 0.5082151898271318
-0.26735031449069013, -0.8186825893954447, 0.5082151386593071
-0.13764762557556198, -0.8528539313694911, 0.5036797622706447
-0.0, -0.8660254037844384, 0.5000000000000006
-1.2592659392331872e-15, -0.8660254037844388, 0.49999999999999983
0.1384861377687584, -0.8527093969031107, 0.5036946238337529
0.26774915331670157, -0.8185499338843061, 0.5082188471871029
0.3894751357118237, -0.7681293679589224, 0.508218843355186
0.5050320199264821, -0.7008811456577418, 0.5036946282326908
0.6123719067532412, -0.6123729646377544, 0.5000000000001673
0.7008809420061284, -0.5050323170549744, 0.5036946136923504
0.7681293048497392, -0.3894752639784725, 0.5082188404417487
0.8185499084759961, -0.2677492279438472, 0.508218848793915
0.8527093458383469, -0.1384864113361404, 0.5036946350668984
0.8660254037839488, -8.150665179851601e-07, 0.5000000000001842
0.852709435234089, 0.13848593241945414, 0.5036946154017089
0.8185499942347941, 0.2677489760598319, 0.5082188433707768
0.7681293858585655, 0.3894750993313684, 0.508218844181681
0.7008809288707064, 0.505032336219563, 0.50369461275454
0.6123717951345409, 0.6123730762561901, 0.5000000000002303
0.5050314267714635, 0.7008815522061499, 0.5036946572580235
0.38947427247847155, 0.7681297926814523, 0.5082188629640919
0.2677482700441363, 0.8185502346117078, 0.5082188281690184
0.13848551905644413, 0.8527095123925643, 0.5036945984293485
0.0, 0.8660254037844387, 0.5
0.0, 0.8660254037844387, 0.5
-0.13848625699172162, 0.8527093746487465, 0.5036946287291203
-0.2677493759952197, 0.8185498580689121, 0.5082188519816381
-0.3894754523104665, 0.7681292121878384, 0.5082188361633682
-0.5050324200742882, 0.700880871396201, 0.5036946086517203
-0.6123723594839003, 0.6123725119076758, 0.5000000000000041
-0.7008813534012656, 0.5050317168287861, 0.5036946430640087
-0.7681296683122069, 0.3894745252543964, 0.5082188572223993
-0.818550205270981, 0.267748356221323, 0.5082188300246404
-0.8527095815226812, 0.1384851487063948, 0.5036945832219972
-0.8660254037823042, -1.6947139957845485e-06, 0.5000000000008249
-0.8527091050322788, -0.13848770139630034, 0.5036946880373259
-0.8185494412309269, -0.2677506002931493, 0.5082188783419953
-0.7681287081887366, -0.3894764766668785, 0.5082188128940693
-0.7008801618323794, -0.5050334553267573, 0.5036945579917792
-0.6123709510287292, -0.612373920358239, 0.5000000000012509
-0.5050306807023857, -0.7008820635605184, 0.5036946937664071
-0.3894736821917512, -0.76813008310994, 0.508218876372686
-0.26774785487050934, -0.8185503759653632, 0.508218819229673
-0.13848529677461616, -0.8527095538838593, 0.5036945893023234
-0.0, -0.8660254037844387, 0.49999999999999983
-1.2714056877256027e-15, -0.8660254037844392, 0.4999999999999991
0.13934173580722256, -0.8525611745514138, 0.5037095634487634
0.26815286546299655, -0.8184154819074386, 0.5082225297231511
0.38909424956785954, -0.7683199340922184, 0.5082225337681842
0.5043222228584928, -0.7013813280535425, 0.5037095672993691
0.6123729187731023, -0.6123719526179926, 0.5000000000001384
0.701381613137762, -0.504321806020134, 0.5037095876840751
0.7683200854237685, -0.3890939415989613, 0.5082225407687043
0.8184155806691227, -0.2681525758681978, 0.5082225234808797
0.852561246368744, -0.13934135319812505, 0.5037095477346932
0.8660254037834475, 1.1601542349277335e-06, 0.5000000000003708
0.8525609886004397, 0.1393427264666878, 0.5037096041346351
0.8184151923786603, 0.26815371443490704, 0.5082225480225793
0.7683195712897246, 0.3890949878917142, 0.5082225169851494
0.7013808896802357, 0.5043228638279703, 0.5037095359547162
0.6123714238672245, 0.6123734475222284, 0.5000000000005687
0.5043212924041433, 0.7013819644101278, 0.5037096128008728
0.38909347014930007, 0.7683203170872598, 0.5082225514851818
0.26815211955048124, 0.8184157362887791, 0.5082225136448405
0.13934118285073174, 0.8525612783435133, 0.5037095407385426
0.0, 0.866025403784439, 0.49999999999999944
0.0, 0.866025403784439, 0.49999999999999944
-0.1393416677010921, 0.8525611873351793, 0.503709560651679
-0.2681527390580653, 0.8184155250158214, 0.5082225269984935
-0.389094097744417, 0.7683200086961833, 0.5082225372192332
-0.504321814546882, 0.7013816073065674, 0.5037095872665088
-0.6123715993315803, 0.6123732720585457, 0.5000000000003928
-0.7013810572188641, 0.504322618860769, 0.5037095479340886
-0.7683196926695267, 0.38909474087683343, 0.5082225226002818
-0.818415310265654, 0.2681533687606888, 0.5082225405716155
-0.85256109935595, 0.13934213641571383, 0.5037095799010367
-0.8660254037843238, -3.855978305719224e-07, 0.5000000000000503
-0.8525611088846359, -0.1393420856496858, 0.503709577816618
-0.8184153726517189, -0.268153185828793, 0.5082225366286082
-0.7683197868114277, -0.3890945492928833, 0.5082225269550832
-0.7013811350676769, -0.5043225050337874, 0.5037095535004498
-0.6123716977214143, -0.6123731736690362, 0.5000000000003051
-0.5043215316007844, -0.7013818008187767, 0.5037096011037002
-0.3890936581238544, -0.7683202247193417, 0.5082225472123578
-0.2681522517061668, -0.8184156912192914, 0.5082225164934766
-0.1393412540548382, -0.8525612649782908, 0.5037095436628551
-0.0, -0.8660254037844392, 0.4999999999999991
-1.2838883452629788e-15, -0.8660254037844395, 0.49999999999999856
0.14021581813798398, -0.8524089625805475, 0.5037246121208
0.2685629126533132, -0.8182787287332596, 0.5082262134619283
0.3887070359930952, -0.7685134604457977, 0.508226230416227
0.5035960101242143, -0.7018921174891715, 0.5037246410426429
0.6123725637123836, -0.6123723076791654, 0.5000000000000164
0.7018917959577188, -0.503596481292868, 0.5037246180173152
0.7685131474186803, -0.3887076738511557, 0.5082262159057299
0.8182784925119407, -0.2685636041497213, 0.5082262283850543
0.8524088450287167, -0.14021644086671314, 0.5037246377014737
0.866025403784397, 2.478248027679722e-07, 0.5000000000000108
0.8524089279614424, 0.14021600153171415, 0.5037246196545122
0.8182786840287808, 0.26856304351794025, 0.5082262162861216
0.7685134173222203, 0.38870712386646483, 0.5082262284172115
0.7018920836505591, 0.5035960597110606, 0.503724638619326
0.6123722940224929, 0.6123725773690584, 0.500000000000006
0.503596501418711, 0.7018917822236086, 0.5037246170337525
0.3887077310655902, 0.7685131193408327, 0.5082262146041504
0.26856366633267487, 0.818278471269666, 0.5082262297270085
0.140216530047593, 0.8524088281941418, 0.5037246413648061
0.0, 0.8660254037844394, 0.49999999999999867
0.0, 0.8660254037844394, 0.49999999999999867
-0.14021576729628332, 0.8524089721778942, 0.5037246100322481
-0.2685628188941012, 0.8182787607622026, 0.5082262114384973
-0.3887069025716195, 0.7685135259219525, 0.508226233451389
-0.5035958391665019, 0.7018922341525914, 0.5037246493973376
-0.6123723655906232, 0.612372505800954, 0.5000000000000046
-0.7018916209599013, 0.5035967377328506, 0.5037246054850931
-0.7685129946330477, 0.388707985183371, 0.5082262088232259
-0.8182783768075114, 0.2685639428534689, 0.5082262356945608
-0.8524087698119331, 0.14021683932406565, 0.5037246540697365
-0.8660254037843439, 3.5120011054415916e-07, 0.5000000000000406
-0.8524088911377523, -0.14021619660603624, 0.503724627667384
-0.8182786455674285, -0.26856315610675124, 0.5082262187159525
-0.7685133925943886, -0.38870717425461276, 0.5082262272709441
-0.7018920902234153, -0.5035960500794254, 0.503724639089856
-0.6123724455709886, -0.6123724258205997, 0.5000000000000007
-0.5035960759194958, -0.7018920725897394, 0.5037246378272213
-0.3887073853002921, -0.768513289024271, 0.5082262224699823
-0.2685634326636469, -0.818278551093172, 0.5082262246842224
-0.1402164033361264, -0.8524088521134662, 0.5037246361595625
-0.0, -0.8660254037844395, 0.49999999999999856
-1.296728649110302e-15, -0.8660254037844399, 0.4999999999999977
0.14110897703287573, -0.8522526059566373, 0.5037397663882175
0.2689795864801381, -0.8181395666496366, 0.5082299002806889
0.3883137678933122, -0.76870980447076, 0.5082299225498482
0.5028536868446722, -0.7024132531786108, 0.5037398052425094
0.6123725586826411, -0.6123723127089111, 0.500000000000015
0.7024127902980407, -0.5028543666814284, 0.5037397720402275
0.7687093760050643, -0.3883146421400637, 0.508229902644009
0.8181392457388601, -0.26898052428268654, 0.5082299205462626
0.8522524421962165, -0.141109839566517, 0.503739801830366
0.8660254037843983, 2.463829227324394e-07, 0.5000000000000093
0.8522525709760405, 0.14110916127770282, 0.5037397739589679
0.8181395202842924, 0.2689797219745024, 0.5082299032086831
0.768709756931728, 0.38831386489265995, 0.5082299203412649
0.7024132100850567, 0.5028537501366227, 0.503739802151409
0.6123722819966317, 0.6123725893949138, 0.5000000000000061
0.5028543645390746, 0.7024127917567163, 0.5037397721448438
0.3883146715215209, 0.768709361605288, 0.5082299019750057
0.26898053842734887, 0.8181392408985868, 0.5082299208519878
0.14110986565711633, 0.8522524372427316, 0.5037398029023064
0.0, 0.8660254037844398, 0.499999999999998
0.0, 0.8660254037844398, 0.499999999999998
-0.14110897827785762, 0.8522526057202673, 0.5037397664393729
-0.2689795887608133, 0.8181395658692058, 0.5082299003299698
-0.38831377113975085, 0.7687098028796956, 0.5082299224759249
-0.5028536910330961, 0.702413250326845, 0.5037398050379468
-0.6123725635978964, 0.612372307793657, 0.500000000000011
-0.7024127945763515, 0.5028543603978427, 0.5037397723471083
-0.7687093797178871, 0.38831463456437854, 0.5082299028165053
-0.8181392660059452, 0.268980465055821, 0.5082299192664749
-0.8522524595852105, 0.1411097479785451, 0.5037397980668101
-0.8660254037844137, -1.7342396639448295e-07, 0.5000000000000129
-0.8522524012830963, -0.14111005505699478, 0.503739810685048
-0.8181392555507915, -0.2689804956091726, 0.5082299199266418
-0.7687094490967141, -0.3883144930030895, 0.5082299060397567
-0.7024128553536176, -0.5028542711338208, 0.5037397767066362
-0.6123718744396398, -0.6123729969512949, 0.5000000000001713
-0.502854017213681, -0.7024130282403314, 0.5037397891077402
-0.38831440233612247, -0.768709493532362, 0.5082299081041569
-0.2689803493428975, -0.8181393056023115, 0.5082299167659655
-0.14110976245582926, -0.8522524568365549, 0.5037397986616855
-0.0, -0.86602540378444, 0.49999999999999784
0.0, 0.8660254037844404, 0.49999999999999717
0.14202267044197275, 0.8520917812707053, 0.5037550569189825
0.26940372030495796, 0.8179977014806983, 0.5082336036294159
0.3879146711475725, 0.7689088472988896, 0.5082336002803863
0.5020946866810563, 0.7029450678378151, 0.5037550567578867
0.6123725884700413, 0.6123722829215061, 0.5000000000000042
0.7029452906596738, 0.5020943586619957, 0.5037550727676954
0.7689091646630545, 0.38791402271750436, 0.5082336150593417
0.8179980037498555, 0.26940283851553376, 0.5082335845465398
0.8520919603164798, 0.14202173290649303, 0.503755018383197
0.8660254037844383, -8.380383716586531e-08, 0.4999999999999938
0.8520916864814436, -0.1420231667831437, 0.503755077320414
0.8179974904373993, -0.2694043359660352, 0.5082336169526928
0.7689085015136616, -0.3879153776455458, 0.5082335841777174
0.7029445301208926, -0.502095478260305, 0.5037550181225725
0.6123723812777548, -0.6123724901138238, 0.5000000000000067
0.5020942809073432, -0.7029453434779221, 0.5037550765628515
0.38791396626809266, -0.7689091922914234, 0.5082336163457783
0.26940286078717135, -0.8179979961153534, 0.5082335850285322
0.1420217821462376, -0.8520919509129428, 0.5037550204071242
-1.309942193294489e-15, -0.8660254037844404, 0.49999999999999717
-0.0, -0.8660254037844404, 0.49999999999999706
-0.14202256321480283, -0.8520918017484711, 0.5037550525115768
-0.26940352514176424, -0.8179977683808934, 0.5082335994058925
-0.3879143931887322, -0.7689089833416433, 0.5082336066156372
-0.5020943254804129, -0.7029453131996619, 0.503755074387344
-0.6123721591919042, -0.612372712199526, 0.5000000000000414
-0.7029449226164194, -0.5020949004634478, 0.5037550463235048
-0.7689088472292649, -0.3879146712898682, 0.5082336002771132
-0.8179977361497593, -0.26940361916734046, 0.5082336014407224
-0.8520917760190383, -0.142022697940703, 0.5037550580494106
-0.8660254037835029, -1.1303985766206455e-06, 0.5000000000003427
-0.8520919117405233, 0.14202198726476714, 0.503755028838171
-0.8179978918512967, 0.2694031649502509, 0.5082335916108088
-0.768909101098056, 0.38791415259186385, 0.5082336120993138
-0.7029453681488503, 0.5020942445888761, 0.5037550783354972
-0.6123726430741867, 0.6123722283173115, 0.5000000000000254
-0.5020946741649706, 0.7029450763400165, 0.5037550573686586
-0.3879142814985045, 0.7689090380067345, 0.5082336091612372
-0.26940304266208215, 0.8179979337704075, 0.5082335889645199
-0.14202188207078184, 0.8520919318298986, 0.503755024514361
0.0, 0.8660254037844404, 0.49999999999999717
0.0, 0.8660254037844408, 0.4999999999999964
0.14295567712525067, 0.8519266727363439, 0.5037704027213623
0.2698335392819438, 0.8178537326128775, 0.5082372803423253
0.38750782179465043, 0.769111521398243, 0.5082373025471916
0.5013170656876413, 0.7034888238708719, 0.5037704579856888
0.6123714944153758, 0.6123733769743952, 0.5000000000004549
0.7034875023130418, 0.5013190157870202, 0.5037703628635685
0.7691107185841911, 0.38750946434313327, 0.508237265067613
0.8178531977529971, 0.26983509682622, 0.5082373141023606
0.8519263376866419, 0.14295742110362203, 0.5037704744298017
0.866025403782642, 1.572465376165987e-06, 0.500000000000639
0.851926862867761, -0.14295468745694156, 0.5037703620285571
0.8178539219871294, -0.2698329878106906, 0.508237268388915
0.7691116181088319, -0.3875076239253635, 0.508237307062098
0.7034887386416115, -0.5013171914528256, 0.5037704518511239
0.612372947561943, -0.6123719238291029, 0.5000000000001413
0.5013182500164254, -0.7034880212671101, 0.5037704002163632
0.3875083582680852, -0.7691112591912238, 0.5082372903060768
0.26983344522824215, -0.8178537649107741, 0.5082372783036773
0.1429550670559013, -0.8519267899406786, 0.503770377636889
-1.323545491783241e-15, -0.8660254037844409, 0.49999999999999617
-0.0, -0.8660254037844408, 0.49999999999999617
-0.14295582321040698, -0.8519266446709014, 0.503770408728038
-0.2698338033977853, -0.8178536419158382, 0.5082372860671334
-0.38750833496912646, -0.7691112705788465, 0.508237290837703
-0.5013178168485125, -0.7034883148194864, 0.5037704213455575
-0.6123712287159655, -0.6123736426726204, 0.5000000000007645
-0.7034875146661531, -0.5013189975586424, 0.5037703637528085
-0.7691107645644301, -0.3875093702683203, 0.5082372672142091
-0.8178532878983201, -0.2698348343181924, 0.5082373084124985
-0.8519264413065595, -0.14295688175008275, 0.5037704522528432
-0.86602540378023, -2.403334135442185e-06, 0.5000000000015137
-0.8519269434091613, 0.14295426822221413, 0.5037703447907338
-0.8178540386619355, 0.2698326480449105, 0.5082372610242514
-0.7691117855358984, 0.38750728137033663, 0.5082373148783479
-0.7034889339724604, 0.5013169032204856, 0.5037704659105311
-0.6123731789443507, 0.6123716924460977, 0.5000000000002923
-0.5013184421743883, 0.7034878910439485, 0.503770390843271
-0.38750850508191803, 0.7691111874343557, 0.5082372869560955
-0.26983354826359995, 0.8178537295285888, 0.5082372805370081
-0.14295512404477773, 0.8519267789921936, 0.5037703799801337
0.0, 0.8660254037844408, 0.4999999999999963
-1.3375560473382738e-15, -0.8660254037844414, 0.49999999999999556
0.14390904381902545, -0.8517570313013877, 0.5037858143454822
0.27027052314319483, -0.8177071440796284, 0.508240957461165
0.38709525126175126, -0.7693168234278788, 0.5082409779242913
0.5005232968766977, -0.7040427845739815, 0.5037858540818662
0.6123730332473478, -0.6123718381435058, 0.5000000000001864
0.7040425952822025, -0.5005235768755534, 0.5037858404322245
0.7693166124463977, -0.38709568353478285, 0.508240968048364
0.8177069594525149, -0.2702710598216314, 0.5082409691138793
0.8517569143180337, -0.14390964905691767, 0.5037858392409782
0.8660254037834688, 1.159236598733047e-06, 0.500000000000336
0.8517568742148803, 0.1439098565382002, 0.5037858477754723
0.8177069493428284, 0.2702710892085471, 0.5082409697520172
0.7693166367707289, 0.387095633697581, 0.5082409691869033
0.7040426328868583, 0.5005235212511298, 0.5037858431438008
0.6123717692361075, 0.6123731021545791, 0.5000000000002169
0.5005236600947425, 0.7040425390222876, 0.5037858363753525
0.3870959232256658, 0.7693164954592885, 0.5082409625721919
0.2702713934956535, 0.8177068446623518, 0.5082409763589102
0.14391019674927394, 0.8517568084569697, 0.503785861769445
0.0, 0.8660254037844412, 0.49999999999999556
-0.0, -0.8660254037844414, 0.49999999999999545
-0.14391012057055586, -0.851756823181249, 0.5037858586359433
-0.27027125670222607, -0.8177068917218676, 0.508240973388767
-0.387095728222417, -0.7693165906354896, 0.5082409670273966
-0.5005234029961597, -0.7040427128324654, 0.5037858489086872
-0.6123714554611742, -0.6123734159284411, 0.5000000000004958
-0.7040423721686143, -0.500523906903165, 0.5037858243436216
-0.769316414696986, -0.3870960886967659, 0.508240958791635
-0.8177067611102005, -0.2702716363663584, 0.5082409816322532
-0.8517567417045396, -0.14391054210420504, 0.5037858759752403
-0.8660254037813994, -2.0467198485435366e-06, 0.5000000000010753
-0.8517570762767321, 0.14390881112928372, 0.503785804774082
-0.817707241799872, 0.2702702390874975, 0.5082409512934123
-0.7693171077213761, 0.3870946687811107, 0.5082409912319736
-0.70404341679138, 0.5005223617039062, 0.5037858996707463
-0.6123729583722319, 0.6123719130187939, 0.5000000000001438
-0.5005234309333054, 0.7040426939457896, 0.5037858475466616
-0.38709536849062925, 0.7693167662114311, 0.5082409752460835
-0.2702705505850868, 0.8177071346391276, 0.5082409580570042
-0.1439090591004578, 0.8517570283477232, 0.5037858149740587
0.0, 0.8660254037844412, 0.49999999999999556
0.0, 0.8660254037844417, 0.4999999999999946
0.14488589246287942, 0.8515821989772866, 0.5038013860146118
0.2707156180765134, 0.8175576000792971, 0.5082446504214592
0.3866759108938814, 0.7695252567448853, 0.5082446449950119
0.49970988926860926, 0.7046092511637083, 0.5038013792574136
0.6123711449804716, 0.6123737264077193, 0.5000000000008299
0.7046086311159903, 0.49971080872114165, 0.5038013344604328
0.7695248592719646, 0.38667672643014817, 0.5082446263363023
0.8175572151038172, 0.2707167350769723, 0.5082446747197211
0.8515819032022685, 0.14488741328492807, 0.5038014485985571
0.8660254037826871, 1.5588724960750564e-06, 0.5000000000006039
0.851582416056544, -0.14488477627069618, 0.5038013400818715
0.8175578809740391, -0.27071480306209916, 0.5082446326920605
0.769525640061944, -0.38667512440103713, 0.5082446629888975
0.7046097650408587, -0.4997091272517257, 0.5038014163838607
0.612372734581501, -0.6123721368099048, 0.500000000000046
0.49970973134949054, -0.7046093576589186, 0.5038013869513521
0.38667533203081583, -0.7695255388684128, 0.5082446582386648
0.2707146702069733, -0.8175579267624898, 0.5082446298019773
0.14488456478716974, -0.8515824571860368, 0.50380133137917
-1.3519924266465163e-15, -0.8660254037844417, 0.49999999999999456
0.0, 0.8660254037844417, 0.4999999999999946
-0.1448844778035421, 0.8515824741026969, 0.5038013277996838
-0.27071451507950706, 0.8175579802270657, 0.508244626427381
-0.3866750267964369, 0.7695256876319839, 0.5082446652218764
-0.49970934282303164, 0.7046096196673888, 0.5038014058808804
-0.6123725003327137, 0.6123723710588639, 0.5000000000000054
-0.7046085692119036, 0.49971090051684436, 0.5038013299881198
-0.7695248732156088, 0.38667669782043007, 0.5082446269909688
-0.8175573670993946, 0.27071629406476894, 0.5082446651262983
-0.8515821013545771, 0.14488639442298779, 0.5038014066709514
-0.8660254037844425, -4.0180127828376634e-08, 0.49999999999999184
-0.8515824768784171, -0.1448844635310888, 0.5038013272123532
-0.8175579994426533, -0.2707144593254583, 0.5082446252145234
-0.7695256924734246, -0.3866750168625861, 0.508244665449245
-0.7046096464228769, -0.4997093031479227, 0.5038014078138784
-0.612372673758087, -0.6123721976333858, 0.5000000000000288
-0.4997097838991773, -0.7046093222211808, 0.5038013843911563
-0.3866758981923137, -0.7695252629353274, 0.5082446452855974
-0.27071573747574257, -0.8175575589282831, 0.5082446530187914
-0.14488595941337276, -0.8515821859565739, 0.5038013887697114
-0.0, -0.8660254037844417, 0.49999999999999456
0.0, 0.8660254037844423, 0.4999999999999938
0.1458839661082925, 0.8514025547263204, 0.5038169888342489
0.2711672937171284, 0.8174056174318265, 0.5082483206160384
0.38624884100796114, 0.7697372784490272, 0.5082483201997736
0.4988767340765942, 0.7051882259210143, 0.5038170007249098
0.6123723384142049, 0.6123725329773779, 0.4999999999999884
0.7051880948248425, 0.4988769289721479, 0.503816991234543
0.7697373820640838, 0.38624862809866617, 0.5082483250784298
0.8174057475771966, 0.27116691680596616, 0.5082483124002584
0.8514026111255403, 0.14588367792831167, 0.5038169769695345
0.8660254037840268, -7.626801154790386e-07, 0.5000000000001318
0.8514023627189554, -0.1458849471940873, 0.5038170292266414
0.817405211735718, -0.2711684686418137, 0.5082483462262711
0.7697364909063835, -0.38625045925439166, 0.5082482831184957
0.7051868957740526, -0.49887871154885216, 0.503816904432466
0.6123722898619578, -0.612372581529589, 0.5000000000000092
0.49887640126494004, -0.7051884497858691, 0.5038170169312914
0.3862479970609008, -0.769737689166375, 0.5082483395381155
0.2711658667996861, -0.8174061101376769, 0.5082482895124849
0.1458821676019913, -0.8514029067071361, 0.503816914787886
-1.3668743424074387e-15, -0.8660254037844421, 0.4999999999999938
0.0, 0.8660254037844423, 0.4999999999999938
-0.14588225355153023, 0.851402889886275, 0.5038169183265151
-0.2711660190165414, 0.8174060575782407, 0.5082482928305009
-0.3862482142593061, 0.7697375834641463, 0.5082483345612395
-0.498876691951985, 0.7051882542559076, 0.5038170027763549
-0.6123726546830193, 0.6123722167084694, 0.5000000000000269
-0.705187189063169, 0.4988782755295427, 0.503816925664329
-0.7697367375464845, 0.38624995245785937, 0.5082482947316163
-0.8174054219762978, 0.27116785977076713, 0.508248332954563
-0.851402514114136, 0.14588417362188233, 0.5038169973778068
-0.866025403784394, -2.6919873061014256e-07, 0.5000000000000047
-0.8514024260872266, -0.14588462340667707, 0.503817015895927
-0.817405432217506, -0.27116783011153694, 0.5082483323080491
-0.7697369504502984, -0.386249514982148, 0.5082483047561792
-0.7051875197129954, -0.4988777839669989, 0.5038169496009539
-0.61237133475961, -0.6123735366295068, 0.5000000000006035
-0.49887761073459713, -0.7051876362378596, 0.5038169580363488
-0.3862495029382569, -0.7697369563116295, 0.5082483050321543
-0.2711676109239161, -0.8174055079019334, 0.5082483275303502
-0.14588414522456683, -0.8514025196717345, 0.5038169962086624
-0.0, -0.8660254037844424, 0.49999999999999384
0.0, 0.8494326832143148, 0.5276969932521218
0.14410961428350832, 0.8351548159718715, 0.5308002001036246
0.26657946625799084, 0.8020990965723601, 0.534389771091671
0.37867040751656206, 0.7556694469183983, 0.534389754266755
0.48864337223732035, 0.6924440981312476, 0.5308001749545139
0.6006380628353948, 0.6006411580844155, 0.5276969932530946
0.692443553074261, 0.4886441806933985, 0.5308001417486345
0.7556691121405558, 0.37867109403056787, 0.5343897412024272
0.8020987487739227, 0.2665804756733075, 0.5343897895778894
0.8351545289813189, 0.1441110923056285, 0.5308002503734057
0.8494326832125775, 1.5593860298977462e-06, 0.5276969932526138
0.8351550327369199, -0.14410849804025275, 0.5308001621013098
0.8020993850670494, -0.26657862860509896, 0.5343897559329576
0.7556698746500525, -0.37866952900102013, 0.534389771938535
0.6924446364666502, -0.48864257450011633, 0.5308002070595554
0.6006394759348557, -0.600639744989767, 0.5276969932521215
0.48864233924458633, -0.6924447951735836, 0.5308002165924506
0.3786688826457011, -0.7556701899940694, 0.5343897840249036
0.2665775739319178, -0.8020997487951894, 0.5343897361095806
0.14410740659730586, -0.8351552446779954, 0.5308001249534859
-1.3553969690778226e-15, -0.8494326832143148, 0.5276969932521215
0.0, 0.8494326832143148, 0.5276969932521218
-0.14410740659360805, 0.8351552446787142, 0.5308001249533594
-0.2665775739244206, 0.8020997487977682, 0.5343897361094495
-0.37866888263423026, 0.7556701899996557, 0.5343897840251325
-0.4886423392293889, 0.6924447951838307, 0.5308002165930734
-0.6006394759174181, 0.6006397450071796, 0.5276969932521501
-0.6924446364539489, 0.4886425745189011, 0.5308002070588319
-0.7556698746403109, 0.3786695290209595, 0.5343897719381815
-0.8020993850591992, 0.26657862862786247, 0.5343897559333848
-0.8351550327315758, 0.144108498067722, 0.5308001621022606
-0.8494326832125773, -1.5593557556237902e-06, 0.5276969932526144
-0.8351545289854714, -0.14411109228424357, 0.5308002503726782
-0.8020987487790382, -0.26658047565844656, 0.5343897895776242
-0.7556691121465785, -0.3786710940182079, 0.5343897412026687
-0.6924435530834627, -0.4886441806797505, 0.5308001417491948
-0.6006380628505082, -0.6006411580692912, 0.527696993253107
-0.48864337225322874, -0.6924440981205034, 0.5308001749538852
-0.3786704075303195, -0.7556694469116847, 0.5343897542664999
-0.26657946626806045, -0.8020990965688913, 0.5343897710918543
-0.14410961428965235, -0.8351548159706718, 0.5308002001038443
-0.0, -0.8494326832143148, 0.5276969932521215
0.0, 0.802146676414675, 0.5971270463786503
0.13693239607037286, 0.7892767249956616, 0.5985747825347717
0.2525696576164252, 0.7588710488765287, 0.6002693555634495
0.35801042433604374, 0.7151959546651998, 0.6002693416269561
0.4612781452177633, 0.6549280323325565, 0.5985747615874446
0.5672021231110744, 0.5672045856840677, 0.597127046378955
0.6549279553777152, 0.46127825851839754, 0.5985747584746622
0.7151959284806166, 0.3580104766219688, 0.6002693416406167
0.7588708941198516, 0.25257011277622604, 0.6002693596960794
0.7892765403134407, 0.1369333871763403, 0.5985747993252473
0.802146676413814, 1.1103887581481317e-06, 0.5971270463787746
0.7892768836203394, -0.13693154470655128, 0.598574768134143
0.758871287047134, -0.2525689571941972, 0.6002693491735707
0.7151963827791048, -0.3580095523001419, 0.6002693516426906
0.6549286540953378, -0.46127723888351785, 0.5985747797333825
0.5672030017167639, -0.567203707081134, 0.5971270463786682
0.4612765888408913, -0.6549290999751035, 0.598574792814659
0.3580084749428067, -0.7151969133543762, 0.6002693620346607
0.25256742426514933, -0.7588718096035143, 0.6002693335404995
0.13692993431681477, -0.7892771835431512, 0.5985747410525971
-1.2907796403717762e-15, -0.8021466764146755, 0.5971270463786496
0.0, 0.802146676414675, 0.5971270463786503
-0.13692981069458302, 0.7892772065758735, 0.5985747389615864
-0.2525672076984157, 0.758871883243978, 0.6002693315647266
-0.35800812132547044, 0.7151970884504769, 0.6002693643165274
-0.4612760265896037, 0.6549294862303574, 0.5985748034788531
-0.5672024264223816, 0.5672042823740314, 0.5971270463788446
-0.6549267054098676, 0.46128007981156366, 0.5985747225785716
-0.7151950843955525, 0.3580121913909532, 0.6002693246134487
-0.758870451752798, 0.2525714162806351, 0.6002693704783699
-0.7892763620207162, 0.13693434696581158, 0.5985748148530726
-0.8021466764118279, 2.0178108491317927e-06, 0.5971270463790657
-0.7892774755368069, -0.13692836710753953, 0.5985747145440643
-0.7588722544037187, -0.2525661161645796, 0.6002693216063583
-0.7151974936270028, -0.358007296704592, 0.6002693733782555
-0.6549298743162065, -0.46127545987440066, 0.598574815579321
-0.5672048130535814, -0.5672018957403403, 0.5971270463790899
-0.4612782440394806, -0.6549279646697022, 0.5985747594657285
-0.3580104855346875, -0.715195923165408, 0.6002693426577747
-0.25256987745392634, -0.758870974123151, 0.6002693575689902
-0.136932521564234, -0.7892767016137932, 0.5985747846574492
-0.0, -0.8021466764146755, 0.5971270463786494
-1.2053225564425406e-15, -0.745346105704889, 0.6666777202746139
0.12778556048407202, -0.734240707610725, 0.6667544029244004
0.23548808073392805, -0.7069712236409309, 0.6668860868063571
0.33338544888428645, -0.6664211015507703, 0.6668860906332361
0.428825187276398, -0.6095469788714545, 0.6667544070390872
0.5270381740149618, -0.5270403973325224, 0.6666777202746105
0.609543959365524, -0.4288294878898003, 0.6667544014981619
0.6664189571136524, -0.33338974464232624, 0.6668860860498413
0.7069697579695067, -0.2354924648157652, 0.66688609247122
0.7342399045298056, -0.12779014604115632, 0.666754408437501
0.7453461057015659, -2.22311546966292e-06, 0.6666777202746225
0.7342405292170832, 0.12778657978431687, 0.666754404021484
0.7069709442136977, 0.23548891243667927, 0.6668860893413376
0.6664208044935767, 0.33338604132498684, 0.6668860913137926
0.6095464899892171, 0.4288258827170851, 0.6667544066999017
0.5270397733871943, 0.5270387979621824, 0.6666777202746109
0.42882678129390556, 0.6095458592312756, 0.6667544054141037
0.3333873427313715, 0.6664201546794556, 0.6668860900810014
0.2354904116915035, 0.7069704435555847, 0.6668860906783001
0.12778807133399037, 0.7342402679910871, 0.6667544058235503
0.0, 0.7453461057048889, 0.6666777202746139
-0.0, -0.7453461057048891, 0.666677720274614
-0.1277886683735638, -0.7342401633982825, 0.6667544065757456
-0.23549145574608182, -0.7069700949222311, 0.6668860915900429
-0.3333890597423543, -0.6664192991138812, 0.6668860866839794
-0.42882906670821136, -0.6095442549787523, 0.6667544021366206
-0.5270402374002697, -0.527038333947831, 0.6666777202746181
-0.6095470607219605, -0.4288250706563674, 0.6667544072158653
-0.6664212926068023, -0.33338506626401515, 0.6668860909873715
-0.7069714535758802, -0.23548739213593556, 0.6668860862050003
-0.7342409022564724, -0.12778444937051422, 0.666754401524786
-0.7453461057027815, 1.770737140484959e-06, 0.6666777202746185
-0.7342399399916639, 0.12778994733105842, 0.6667544074711191
-0.7069698383904299, 0.23549222745468998, 0.666886091034022
-0.6664190739179368, 0.3333895107267123, 0.6668860862664349
-0.6095441011537928, 0.4288292858738251, 0.6667544018044127
-0.5270383508177102, 0.5270402205304352, 0.6666777202746306
-0.428825321955271, 0.609546884346171, 0.6667544068349558
-0.3333855491297419, 0.6664210514945641, 0.666886090540461
-0.23548815158633912, 0.7069711999820224, 0.6668860868682361
-0.127785601000105, 0.7342407005130641, 0.6667544029754335
0.0, 0.7453461057048889, 0.6666777202746139
0.0, 0.6767540871017967, 0.7362091452780343
0.11626252358958013, 0.6677155831766787, 0.7352815281180468
0.21456387258046394, 0.6440704048416402, 0.7342585771990682
0.3037078253364332, 0.60714569120278, 0.7342585828462023
0.38993677094881407, 0.5543558210880983, 0.7352815367515714
0.4785381487998845, 0.47853665956991404, 0.7362091452779217
0.5543568172435593, 0.389935393663409, 0.7352815161175708
0.6071465808611465, 0.30370607519643883, 0.7342585711024382
0.6440711263215513, 0.21456166552429812, 0.734258589276508
0.6677159654276328, 0.11626014205226835, 0.7352815575567161
0.6767540871017879, -9.258928004845631e-08, 0.7362091452780364
0.6677155550014701, -0.11626270383908666, 0.7352815252031726
0.6440703875954533, -0.21456392979360317, 0.7342585756081902
0.6071456888692349, -0.3037078299267942, 0.7342585828770813
0.5543558246239845, -0.38993676605957894, 0.7352815366786107
0.47853667480145434, -0.47853813356839264, 0.7362091452779205
0.3899354175095306, -0.5543567999982318, 0.7352815164733765
0.30370610852684393, -0.607146563917516, 0.7342585713266372
0.21456171118436299, -0.6440711114389699, 0.734258588988517
0.11626020575332996, -0.6677159551952474, 0.7352815567766485
-1.095171999454596e-15, -0.6767540871017963, 0.7362091452780347
-0.0, -0.6767540871017963, 0.7362091452780346
-0.11626270316736499, -0.6677155543301229, 0.7352815259190414
-0.2145641870147024, -0.6440703023525911, 0.7342585752159531
-0.30370826754806746, -0.6071454664007416, 0.7342585858210834
-0.38993736046617605, -0.5543553947507086, 0.7352815455480014
-0.4785389299986051, -0.47853587836803296, 0.7362091452775666
-0.5543574567439891, -0.38993450938711677, 0.7352815029234484
-0.6071471053979779, -0.303705043359591, 0.7342585641617031
-0.6440715362729645, -0.2145604077805195, 0.7342585972094848
-0.6677162250321003, -0.11625852588943725, 0.7352815773476831
-0.6767540870984595, 2.3021341413238216e-06, 0.7362091452775025
-0.6677152376896501, 0.11626467917731718, 0.735281501013625
-0.6440697726709586, 0.21456581636168748, 0.7342585637094212
-0.6071446057443134, 0.3037099648906939, 0.7342585954155905
-0.5543541360075681, 0.3899391006273919, 0.7352815717078754
-0.4785362951003091, 0.4785385132682673, 0.7362091452777982
-0.389935030129571, 0.5543570810981852, 0.7352815099770638
-0.30370587225728385, 0.6071466855219505, 0.7342585685003288
-0.2145615706146856, 0.6440711572566716, 0.7342585898751277
-0.11626012547309528, 0.6677159680907716, 0.735281557759736
1.246352455958891e-17, 0.6767540871017957, 0.7362091452780352
-9.539790496655071e-16, -0.5923950301260323, 0.8056476452407575
0.10165277316085027, -0.5856525305847353, 0.8041628113313897
0.18844790662315802, -0.5661454247310307, 0.8024753856321515
0.26707015094025927, -0.5335792696206505, 0.8024753563243173
0.34223732190044986, -0.4859998853540145, 0.8041627490342315
0.4188860269533421, -0.41888705893289707, 0.805647645240642
0.48599792542794606, -0.34223993098623584, 0.8041628231386161
0.5335778739871129, -0.26707283728297876, 0.8024753902625377
0.5661445443805158, -0.18845068578762805, 0.802475354072853
0.5856521235069201, -0.10165563296381519, 0.8041627462886859
0.5923950301255323, -9.357602487395056e-07, 0.8056476452405815
0.5856523387498292, 0.10165412137059583, 0.8041627806142407
0.5661450737460694, 0.18844901039308712, 0.802475374048901
0.5335788457222292, 0.26707096641647193, 0.8024753667839938
0.485999301101198, 0.34223810021544343, 0.8041627708928532
0.41888625827602344, 0.41888682761049845, 0.805647645240725
0.34223920491647125, 0.4859984704663784, 0.8041628027473556
0.2670721276888329, 0.5335782428498334, 0.8024753811607207
0.18844995165630263, 0.5661447763286422, 0.8024753628346037
0.10165483111342964, 0.5856522377102688, 0.8041627644800865
0.0, 0.5923950301260305, 0.8056476452407588
-0.0, -0.5923950301260323, 0.8056476452407575
-0.10165483110858345, -0.5856522377109541, 0.8041627644802001
-0.18844995164907755, -0.5661447763309276, 0.802475362834688
-0.2670721276796382, -0.533578242854612, 0.8024753811606036
-0.34223920490554655, -0.48599847047458833, 0.8041628027470433
-0.41888625826364434, -0.4188868276228754, 0.8056476452407261
-0.48599930109185235, -0.3422381002278973, 0.8041627708932009
-0.5335788457151687, -0.2670709664300639, 0.8024753667841649
-0.5661450737421315, -0.1884490104055524, 0.802475374048752
-0.5856523387484163, -0.10165412138055321, 0.8041627806140111
-0.5923950301255345, 9.357519147918805e-07, 0.8056476452405799
-0.5856521235076126, 0.10165563295884422, 0.8041627462888098
-0.5661445443825619, 0.18845068578113267, 0.8024753540729348
-0.5335778739915588, 0.2670728372744023, 0.8024753902624361
-0.48599792543499154, 0.34223993097681277, 0.8041628231383683
-0.4188860269628302, 0.4188870589233802, 0.8056476452406571
-0.34223732190875183, 0.48599988534776156, 0.8041627490344775
-0.26707015094808906, 0.5335792696165651, 0.8024753563244281
-0.18844790662991612, 0.5661454247288881, 0.8024753856320762
-0.10165277316512467, 0.5856525305841341, 0.8041628113312873
0.0, 0.5923950301260305, 0.8056476452407588
0.0, 0.4841162342193273, 0.8750036981437835
0.0825707989389119, 0.47979462667578915, 0.8734867940476433
0.15444581825126294, 0.4650297240402939, 0.8717189025045321
0.2196157220637244, 0.4380354973091287, 0.8717188983379752
0.2808792603254555, 0.3976527218805663, 0.8734867794649224
0.34232154287104477, 0.3423222013267718, 0.8750036981437168
0.3976522221041402, 0.2808798962594585, 0.8734868024949863
0.4380352696913945, 0.2196161488483977, 0.8717189051932885
0.465029609374376, 0.15444619479813845, 0.8717188969601903
0.47979456527728115, 0.08257131146403132, 0.8734867793238171
0.48411623421926353, 3.56520678068379e-07, 0.8750036981437462
0.4797946394873389, -0.0825706922197806, 0.8734867970985941
0.4650297005412146, -0.15444589565104191, 0.8717189013271972
0.4380353743174199, -0.21961595229673367, 0.8717189021372638
0.3976524267211485, -0.28087963602030874, 0.873486793026592
0.34232164071239723, -0.34232210348551123, 0.8750036981437435
0.2808792137536157, -0.3976527583047727, 0.8734867778585758
0.21961528306043648, -0.4380357321990596, 0.8717188909064194
0.15444495158946644, -0.4650299883072328, 0.8717189150772755
0.08256968986870042, -0.479794759892873, 0.8734868257130881
-7.692980295992073e-16, -0.48411623421932887, 0.8750036981437828
-0.0, -0.4841162342193288, 0.8750036981437828
-0.08257091269754459, -0.4797946130191388, 0.8734867907954358
-0.15444602071924185, -0.46502966256965, 0.8717188994247795
-0.21961600201145087, -0.43803534775951736, 0.8717189029576594
-0.2808796207106909, -0.3976524387489312, 0.8734867924739594
-0.34232202018372576, -0.3423217240142042, 0.8750036981437712
-0.3976526468007929, -0.2808793556822557, 0.8734867829817718
-0.43803561864123985, -0.2196154956347024, 0.8717188944141971
-0.46502989669532174, -0.15444525333724982, 0.8717189104872803
-0.4797947095922241, -0.08257010887681253, 0.8734868137341197
-0.4841162342191613, -5.921422396761437e-07, 0.875003698143675
-0.4797946532591169, 0.08257058532267074, 0.8734867996389157
-0.46502974381409373, 0.1544457569893872, 0.8717189028099446
-0.43803544850480713, 0.2196158134224782, 0.8717188998455728
-0.39765251701237836, 0.28087952109280195, 0.8734867888779991
-0.3423217421890096, 0.34232200200891755, 0.8750036981437781
-0.28087929037069426, 0.3976526981117814, 0.8734867806242266
-0.2196153425765729, 0.438035700405363, 0.8717188918885247
-0.15444499463327896, 0.46502997523895867, 0.8717189144225217
-0.08256971405259549, 0.47979475698967383, 0.8734868250217016
0.0, 0.4841162342193273, 0.8750036981437835
