-2.2560709267376876e-16, -0.16614297813328452, 0.9861016736711297
0.026686341744440185, -0.17139349350488006, 0.9841135128312669
0.05479144002024386, -0.17273574176664133, 0.9819931133978883
0.08287557379712716, -0.16755445606244132, 0.9802341180609287
0.1094892335001334, -0.15606691330322814, 0.9789048330730246
0.1349058933144768, -0.14024403362741977, 0.9775805486084553
0.16049952968285303, -0.12204699543150138, 0.9755799901620144
0.184103641223894, -0.09989738822249779, 0.9733362804159114
0.2027501247243028, -0.07287362521852218, 0.971506838635386
0.21526058459218622, -0.042015370390618825, 0.9702271671901386
0.22293065347894875, -0.008645845671782067, 0.9690316412206437
0.22821623981187908, 0.026595480780872798, 0.9670737732595098
0.22911053495186268, 0.06321657300899253, 0.9647142262770054
0.2226564550008083, 0.09978337553019312, 0.9627795605248588
0.20839100577812142, 0.13460730317591563, 0.9615147235792407
0.18799666325986986, 0.1673298681044466, 0.9604549498977886
0.16389652966737162, 0.1991165831141205, 0.9585953373782414
0.13562128543207058, 0.22869452777250154, 0.9561269515542308
0.10190930059906789, 0.2528285722350239, 0.9540522835330509
0.06340815288863491, 0.26960409688850007, 0.9527675011056667
0.021677991334101983, 0.2795298247072382, 0.9518504748998846
-0.02211662158319839, 0.28520895262565515, 0.9501446857126803
-0.06733126024351399, 0.2863180174969244, 0.9475744547463931
-0.1126345584868169, 0.27943874618934234, 0.9453250047606485
-0.15608861032663263, 0.2631742194698664, 0.9439855014187541
-0.19651896824923307, 0.23871758419570488, 0.9432182214547183
-0.2347653409236125, 0.20898093458277722, 0.9417218114253239
-0.27082628686329524, 0.17498193988538913, 0.9390567350843988
-0.30122671292962155, 0.13500158679619673, 0.9365977288909944
-0.32311488166592844, 0.08911137393040704, 0.9351687252216001
-0.3359404780480213, 0.03909643857632021, 0.9345581822012415
-0.34239016484076656, -0.013251460050972365, 0.9333267186155512
-0.34435819023149467, -0.06713550243474327, 0.9305737953031561
-0.337901305892648, -0.12142911459985542, 0.9278704534699979
-0.32041652991253383, -0.1739331385327184, 0.9263171697368465
-0.29240678874481846, -0.22247318629344034, 0.9258703611953891
-0.25730020427245276, -0.2674457964845272, 0.9249594110700754
-0.21797934396505578, -0.3104989052609149, 0.922125633316971
-0.17215048975127994, -0.3479445535641481, 0.9191431735519657
-0.11912504318314829, -0.37579298962608, 0.9174308319600808
-0.06087599853270562, -0.391921996014789, 0.917146454581835
0.0, -0.39975988809496343, 0.9166198949784486
-5.212159457453327e-16, -0.39975988809496343, 0.9166198949784486
0.062238782674861826, -0.4007329599351891, 0.9137306132874307
0.12452317419480066, -0.3928419514698513, 0.9105269261660742
0.18403634800926208, -0.3719531595765924, 0.9087859553473848
0.2384723511037703, -0.33964591246983317, 0.9084442018389742
0.28813859536209363, -0.2994899245604024, 0.9080099999410067
0.3349426359438785, -0.25488087357873745, 0.905399255148237
0.3753207128691529, -0.2037715059578618, 0.9021850967868308
0.40506156982962915, -0.14555034377526033, 0.9002512158479341
0.42301251393655, -0.08240722181183169, 0.8997499587878226
0.4312181750333813, -0.01666179162122072, 0.8993912659419124
0.43320578067920495, 0.050350521903626794, 0.8970680806788779
0.4262680577808427, 0.11749130013846376, 0.8938536283103673
0.406963176749112, 0.18240409053134538, 0.8917164831133425
0.3754385655980342, 0.2426910670127293, 0.8910453620205139
0.3343000459697587, 0.29766403928331253, 0.8907636964877885
0.28702682847337657, 0.34851717330503756, 0.8887457327741343
0.23342994311875315, 0.3933580617012264, 0.8855325183046179
0.17258799312133427, 0.4281960506218755, 0.8831817522324722
0.10591882210001764, 0.4510048049693061, 0.8823304083148815
0.03575793416600831, 0.4624598782052909, 0.8821272967125654
-0.036001370398206424, 0.4656433162492643, 0.8804322210894319
-0.10808849389976427, 0.4602940813949139, 0.8772217607461288
-0.17851647763880582, 0.4429073636219968, 0.8746470147502112
-0.24480903506088686, 0.41248345656427854, 0.8736051007323299
-0.3053150085001439, 0.370678390590217, 0.873482077287133
-0.36052349407225315, 0.32104726459641675, 0.8721275264333246
-0.41014320300164064, 0.26518914701036145, 0.8689213558530712
-0.4503963658773948, 0.20188099406773727, 0.8661122848910356
-0.47839709583996853, 0.1318013370981006, 0.864869442752723
-0.49348499352408387, 0.057288434552176984, 0.8648280205560959
-0.49829741151445034, -0.019217859319480564, 0.8638316607167766
-0.4949200658818226, -0.09631476403438571, 0.860631309719825
-0.4797856781169565, -0.17237349610307717, 0.8575775548555384
-0.4507805235945624, -0.24482621467409404, 0.8561234264556394
-0.40862493407559936, -0.3110914794767077, 0.8561651365925971
-0.3569421608473672, -0.37096157381058537, 0.8555446316899226
-0.2990490865511686, -0.4256760850796387, 0.852351617463288
-0.23342934943387114, -0.47166250439914653, 0.8490428149673129
-0.16005478779410323, -0.5051894829046101, 0.8473670465388354
-0.08119788451562497, -0.5238333677000653, 0.8474797535247849
0.0, -0.5311681118253925, 0.8472664498136624
-6.788778110607687e-16, -0.5311681118253918, 0.8472664498136628
0.08203986553372829, -0.5293119753859701, 0.844094723949404
0.16337661119490396, -0.5156992040549573, 0.8405960448395927
0.2407574619504415, -0.48645067343103626, 0.8388872904380698
0.31179500697072016, -0.4437641227344253, 0.8388112419135794
0.3762471912639175, -0.39101214423482694, 0.8386250373247564
0.43508831285918054, -0.3312924121354754, 0.8358563916138386
0.4846435735249067, -0.26326046623358595, 0.8324253348452632
0.5211644014608868, -0.1872223578765449, 0.8304961794016359
0.5437245472775283, -0.10573525525362662, 0.8301649584523182
0.5538440419126563, -0.02132654061377553, 0.8299909870094755
0.5541002289247113, 0.06424705823048636, 0.8275968858127403
0.5421265522095985, 0.14927545197135256, 0.8242448572557322
0.5155308112995274, 0.23109406219288442, 0.8221050792798876
0.47492359179298616, 0.3072188616776252, 0.8215284543122139
0.42267722302488897, 0.37649123155368036, 0.8213643086867971
0.36181959152219023, 0.43911142930368197, 0.8193299959739453
0.2927113616749093, 0.49293358208885546, 0.816054606495332
0.21544575238129599, 0.5345511996555632, 0.8137139806452643
0.1318659596965575, 0.5622621063417401, 0.8129017253821657
0.04443606196566159, 0.576294497302128, 0.8127450121950582
-0.04461436262189203, 0.5786436626023127, 0.8110557354337004
-0.13345063692863662, 0.5690730867277353, 0.807854573278479
-0.2197754180303192, 0.5452965350101009, 0.8053228721927326
-0.3010567297825255, 0.5069346624027913, 0.8042847741195498
-0.3753151386846969, 0.45544369782465666, 0.804133108562202
-0.4420331750868626, 0.3937669275362464, 0.802774078886461
-0.5003720609992885, 0.32374828920289866, 0.7996447594292222
-0.5472524396695883, 0.24532439591108157, 0.796931773225858
-0.5802803652439887, 0.1597202944827666, 0.795677606698426
-0.5985195245820655, 0.0693285772597986, 0.7955285769777929
-0.6034124933095386, -0.023198670686483423, 0.7944850422633805
-0.5965388923339136, -0.11590218289699036, 0.7914251720818227
-0.5757477908314775, -0.20680151211535602, 0.7885406729890846
-0.5397972402563878, -0.2933085508629369, 0.7870802123667825
-0.4893115235059753, -0.37271887043846436, 0.7869314296101216
-0.42713438065044906, -0.44385350416199215, 0.7861886338842178
-0.35637119582147203, -0.506958922314477, 0.7831958053468632
-0.2768582847233893, -0.5592680914240262, 0.7801495616217782
-0.18929828914894709, -0.5977794494493925, 0.7784925863224657
-0.09591842528081197, -0.6198797489715786, 0.778329242198808
0.0, -0.6284068269652118, 0.7778848628322281
-7.938570041235115e-16, -0.6284068269652124, 0.7778848628322276
0.09655526108488785, -0.6240425438952009, 0.7749655860711305
0.19180254268036073, -0.605713710473441, 0.7718236552214605
0.28239338170688055, -0.5704290742794168, 0.770147857655181
0.3660576674280162, -0.5206830852101116, 0.7697557523880175
0.44187250674274303, -0.45915577202171015, 0.7692687442140849
0.5094217004094206, -0.38809039634738307, 0.7667309306447169
0.5653715765231481, -0.3072488670637835, 0.7637134136975879
0.6069842985622101, -0.21800282741698584, 0.7618694862883891
0.633564405962263, -0.12301821856158969, 0.7612179178274213
0.6457844870835723, -0.024794264010252143, 0.7606739439144268
0.6446388917130347, 0.0745940032249187, 0.7584627090621869
0.6284727603422392, 0.17289989624026708, 0.7555764591179784
0.596414505865823, 0.2673818286721359, 0.7535911246276685
0.5494441061970867, 0.3556432378787606, 0.7527068074651111
0.4893958038247493, 0.436052441916808, 0.7521004737535842
0.4183625979422178, 0.5075171285855429, 0.7501731482313412
0.33734882544947986, 0.5677826147650555, 0.7474127847700107
0.24764725771011997, 0.6144724722219455, 0.7453127631779886
0.15139576909401115, 0.646307465003777, 0.7442224179456443
0.050996685120063265, 0.6629420038295, 0.7435483431240836
-0.051137504971004145, 0.6648078274937239, 0.7418622587503788
-0.15264455075682315, 0.65169144720131, 0.7392223838617638
-0.25105979255738636, 0.6229427123426872, 0.7370343945184601
-0.3439472244477308, 0.5788365098641052, 0.73576475105482
-0.4290811045275299, 0.5204760187894651, 0.7350175591177467
-0.5047724212140993, 0.44978611495183407, 0.7335300207012604
-0.5695623732318743, 0.3687304320091942, 0.73100525580186
-0.6214179152376704, 0.2786021833418194, 0.7287560304540351
-0.6585907537291226, 0.18112598690090803, 0.7273338111996138
-0.6798794951473965, 0.07860727997967816, 0.7265081070520866
-0.6851967584147416, -0.026272830174494763, 0.7251764474402813
-0.6753698845196819, -0.1310365310019687, 0.7227614082196199
-0.650013636089895, -0.2334272535216761, 0.7204776653977883
-0.6088601803852903, -0.3309695544851695, 0.7189295908786699
-0.5523963514341697, -0.42095843514563264, 0.7180199952032665
-0.4823608902992824, -0.5011875112634934, 0.7168015429378201
-0.4013936191435521, -0.5707107390227061, 0.7144908361971088
-0.3108675941839589, -0.6278205846461956, 0.712199293907949
-0.2122089072919615, -0.6704144144043989, 0.710552088615312
-0.10751392777460082, -0.6958271517643284, 0.7095482707476678
0.0, -0.7058058638178183, 0.7084053095512367
-8.862673362585434e-16, -0.7058058638178181, 0.7084053095512369
0.10802432683217848, -0.6991743113315362, 0.706201315865548
0.21421020285868936, -0.6767632722270572, 0.7039663278831579
0.3152996543303843, -0.636750944247826, 0.7023228202570624
0.40918310306030237, -0.5817343013301975, 0.7011300359445662
0.49424951122593325, -0.5135282997940919, 0.6998737220534067
0.5685630857676667, -0.43332714670635153, 0.6979027019628806
0.6293292590043271, -0.34213939688446593, 0.6958321067731731
0.675012338572501, -0.24238589520226894, 0.6941404119728347
0.7051063969196337, -0.13673332879615077, 0.6927604555593214
0.7193559835269977, -0.027551696462392278, 0.6913752600836707
0.7169880868030944, 0.08282750320223337, 0.6895664692028666
0.697201903475261, 0.19166296211363004, 0.6876570154329451
0.6607570670214382, 0.29625824954069657, 0.6859580064886839
0.608929402551564, 0.39435203402465974, 0.6844317516829819
0.5429257344286038, 0.48387014431942543, 0.6829099317315593
0.4637506179742358, 0.5623798094070823, 0.6811971029267735
0.37306631997931505, 0.6275928233186197, 0.679441047100326
0.2733614997835282, 0.6783005800037039, 0.6777755993305685
0.16699949613565118, 0.7136466488348491, 0.6761439241932599
0.056252903984606764, 0.7327016511860055, 0.6744777408235771
-0.05636786079582453, 0.7342306153922789, 0.6727946043515962
-0.16801730410446952, 0.7180451379257715, 0.6711842029891705
-0.276143907523116, 0.6852075682051955, 0.6695931928228159
-0.3784580955311255, 0.6366149853756271, 0.6678969720244232
-0.47253354195670144, 0.5729916156208112, 0.6660786845195152
-0.5555281564831822, 0.4951313864097817, 0.6643589704929274
-0.6253660284593668, 0.40505618821658795, 0.6628864776524971
-0.6811444980750039, 0.30541006044044655, 0.6614107811739907
-0.7217821596722602, 0.19836404638264782, 0.659690895476782
-0.7458430651384274, 0.08610364214756529, 0.6577127653245745
-0.7516773739512783, -0.028758684956644513, 0.6558902054078559
-0.7392931035492525, -0.14327325856804823, 0.6545478768766716
-0.7101023909901634, -0.2549566066901766, 0.6532283696777536
-0.6647909245278923, -0.36150120980002615, 0.6515256955898816
-0.6037258611172721, -0.4602396311737057, 0.6493799812082416
-0.5274693808023214, -0.5480080423646244, 0.6473883043688567
-0.43810892669715795, -0.6226487487346326, 0.6461683992786464
-0.33853156169509946, -0.6835440424450223, 0.6450459617941412
-0.23082701593550453, -0.7295130717294921, 0.6434013763224123
-0.11697205492619824, -0.7579329171032854, 0.6410872308226879
0.0, -0.769328612071535, 0.6388532590885684
-9.64500034999629e-16, -0.7693286120715355, 0.6388532590885678
0.11739170113992929, -0.7606900891629986, 0.6377565187730357
0.23246825549803937, -0.7347258981533336, 0.6368892261566819
0.34217344991988924, -0.6908773498427204, 0.635280794218854
0.4445257120429625, -0.6317231387476396, 0.6328828658189265
0.5372788117096055, -0.5581890964268528, 0.6304659374533926
0.6170358993885121, -0.4704282698521477, 0.6293463757453627
0.6815990140904351, -0.37068177734958396, 0.6286678521426965
0.7306343458224225, -0.26231011092068535, 0.6271879067679805
0.7637692293835653, -0.14795244138155758, 0.6247393864205704
0.7798515989553401, -0.02980971979104126, 0.6221213864360725
0.7764113180125191, 0.08957201697694843, 0.6209010179113801
0.7535111939777315, 0.20700851012834465, 0.6203940582919978
0.7134504322312424, 0.31991394880736906, 0.6190950105725491
0.6577442764260766, 0.42614862007650456, 0.6166483213766698
0.5869812982907078, 0.5232402113884072, 0.613819605033791
0.5011094647876012, 0.6075129891632854, 0.6124129041099884
0.4024117753615909, 0.6766825912033694, 0.6120678425573908
0.2944575508487157, 0.730671176766126, 0.6110021106838266
0.17979984835091034, 0.7689993313579222, 0.6086096756339652
0.06057191777156821, 0.7901935720644809, 0.6055605874447036
-0.06066717271582371, 0.7914628705763986, 0.6038820214541792
-0.18064246139768192, 0.7726463148791148, 0.6036892177032213
-0.2967622889272392, 0.7363930140705588, 0.6029092226794951
-0.4068832396419879, 0.6841587856613268, 0.6006234437879359
-0.5084003134882638, 0.6163192457881105, 0.5973443166220246
-0.5974444218709967, 0.5325920339873449, 0.5953083923336988
-0.6713729263523347, 0.4350301415088938, 0.5952581726833382
-0.7303385684836333, 0.32749717286654223, 0.5948163175803689
-0.7738794820264369, 0.21255352714958126, 0.5926896205816365
-0.8003548025242322, 0.09228661733913004, 0.5891708201022087
-0.806695152464233, -0.030809824528379715, 0.5866920062549912
-0.7921313856975478, -0.1533701388065037, 0.5867747088452455
-0.7597050418352292, -0.2727184482476986, 0.5867234142286042
-0.7109665428924996, -0.38672949442608023, 0.5848082189252578
-0.6462028457968217, -0.4927590374789246, 0.5810400813446983
-0.5648758974444619, -0.586830101645426, 0.5780328473755885
-0.468536799969776, -0.6656698930742341, 0.5782388304478199
-0.36142895782812945, -0.729636468532547, 0.5786305276662282
-0.2462135105197825, -0.7784098104261351, 0.5769792490023595
-0.1248111534333639, -0.809465496884832, 0.572972788626921
0.0, -0.822108467039011, 0.5693308953699664
-1.0329584622566392e-15, -0.8221084670390109, 0.5693308953699664
0.1251599074880129, -0.8117577010189131, 0.5696611322040541
0.24757435790932233, -0.7827368255627573, 0.5705381257327327
0.3644547265878647, -0.735725395234134, 0.5689735531264464
0.4738712714290805, -0.6732119519444718, 0.565037767525334
0.5730308816676838, -0.5952936372628606, 0.5611459315491476
0.6572582436355924, -0.5012228844210262, 0.5611104245332715
0.7249176577510212, -0.39435519618680837, 0.5621845640501423
0.7767559354736894, -0.27882182138661205, 0.5609714346766377
0.812472456744623, -0.1572553762727764, 0.5571747656258912
0.8301138082907864, -0.03168245019502479, 0.5530111865181564
0.8257497700283509, 0.09516623609985686, 0.5525309244253691
0.8002274704814857, 0.21972355473757685, 0.5537695505439681
0.7571640747923827, 0.33954401628634767, 0.5529692941551543
0.6982710853928534, 0.45256060381021634, 0.5493731961637287
0.6235835886098161, 0.5559545890416039, 0.5449266468347229
0.532145143830919, 0.6450002748045791, 0.5439012473623042
0.4267862479718151, 0.7174300110464369, 0.5452930895604686
0.31196851084020116, 0.7741463034362338, 0.5449671482693927
0.19041968700763606, 0.8149757354984218, 0.5416330698070936
0.06415757774924996, 0.8379672136097708, 0.5368922951857218
-0.0642368536461826, 0.8390232562107103, 0.5352213648921482
-0.1911208635766001, 0.8180124141822007, 0.536755206639816
-0.3138877433833209, 0.7789115359789216, 0.5369650267617585
-0.43051010515477106, 0.7236536746797266, 0.5339543765546593
-0.5382105806176063, 0.6523268817781198, 0.5289080987923209
-0.6322890649612609, 0.5637352048466164, 0.5264913279874825
-0.7096190346741293, 0.45995720858772793, 0.5281558840497491
-0.7712279502029535, 0.34586078819119187, 0.5289628757662879
-0.8171846102487869, 0.22433586054891824, 0.5263371053882184
-0.8456690058610019, 0.097425410281057, 0.5209741128279353
-0.8524483545112029, -0.03251476474140009, 0.5177111090316605
-0.8360917681068445, -0.161766310200809, 0.5194951189252124
-0.8009677314796659, -0.28748588699459215, 0.5209607287342608
-0.7493596071873492, -0.4077197053208143, 0.5187812814722316
-0.6815234203900867, -0.5197987748187543, 0.513090305406664
-0.5959929852872138, -0.6191245145155438, 0.5088806812702454
-0.4938680065250517, -0.7014846110551036, 0.5107729214329115
-0.38049863292071684, -0.7680008252366409, 0.5129586117593637
-0.25900392256315663, -0.8190991879083747, 0.5112869204962682
-0.13134291498926481, -0.8523825893263102, 0.5052903708778707
0.0, -0.8660253957974255, 0.5000000138339121
-1.0942552123306034e-15, -0.8660253957974257, 0.5000000138339122
0.1315017326190608, -0.8534253818080567, 0.5036396375919143
0.2596215338097119, -0.8210638890165086, 0.5080838141227202
0.38187464266199944, -0.770769228627666, 0.5081576513420418
0.4962941752461031, -0.7049154545750864, 0.504194613404821
0.5996963538249489, -0.6229679844133382, 0.5004506150264683
0.6865398365184908, -0.5236386526219498, 0.5031544968305011
0.7556950632134503, -0.41118375586579314, 0.5075273557778873
0.808720501206919, -0.29026042862340923, 0.5081580898625826
0.8453416761193632, -0.16353333906639017, 0.5047491949366026
0.863081528195428, -0.03291093158547688, 0.5009011458500542
0.8571927276127362, 0.09873270973847979, 0.5027034800215033
0.8291539742350803, 0.2275915257256081, 0.5069708612427775
0.7834244102347268, 0.3513385691587773, 0.5081584974841221
0.7218472992477992, 0.46792722889620153, 0.5053037830000061
0.6441556082582442, 0.5743412257116587, 0.5013515752972005
0.5489866373075886, 0.6653438668491689, 0.502252598089447
0.43955514555903147, 0.7387706224289785, 0.5064143432853405
0.3208012356123275, 0.7960766784913212, 0.5081589017981292
0.1955633392137374, 0.8372514550236463, 0.5058583911276084
0.06582141381759196, 0.8601318957530195, 0.5018018764721077
-0.06582137705331745, 0.8601314067141644, 0.5018018160738168
-0.19556362001404037, 0.8372525799809518, 0.5058578322129418
-0.32080243468205427, 0.796079583123054, 0.5081593358030863
-0.43955568924151767, 0.7387715412720737, 0.5064130076479625
-0.5489825668810597, 0.6653391125215689, 0.5022520136691517
-0.6441521254823512, 0.5743382427622106, 0.5013511968683693
-0.7218539008497842, 0.46793120077079736, 0.5053013090707955
-0.7834329219895391, 0.3513421285748066, 0.5081597403895072
-0.8291526343931794, 0.22759121952084008, 0.5069676209989507
-0.857176837915681, 0.09873147768560607, 0.5027020499600011
-0.8630755316031113, -0.03291046466797856, 0.5009007033118954
-0.845359799886791, -0.16353783759837032, 0.5047447681344245
-0.8087347069710304, -0.290266220974876, 0.5081601513057196
-0.7556880853888912, -0.41117949662114794, 0.5075222581201819
-0.686518408463235, -0.5236203033200555, 0.5031519502843581
-0.5996933924420536, -0.6229645193845754, 0.5004503115059974
-0.4963118580399205, -0.7049447957545969, 0.5041882211008175
-0.3818830875795921, -0.7707891855762725, 0.5081605914749976
-0.2596169980288743, -0.8210452951736054, 0.5080769302892666
-0.13151365526185663, -0.8534735088497079, 0.5036320682922774
0.0, -0.8660254037844348, 0.5000000000000068
-1.102212902209806e-15, -0.8660254037844348, 0.5000000000000068
0.13151425178958884, -0.8534759156327462, 0.5036316663305621
0.25961654262956685, -0.8210434311395687, 0.50807620742547
0.3818846227870386, -0.7707928196151279, 0.5081611578370573
0.49631635544100433, -0.704952267699603, 0.5041866724641705
0.5996926824310269, -0.6229636978825634, 0.5004500835717501
0.6865098790187751, -0.5236129890513561, 0.5031507992053432
0.7556848913781844, -0.41117754713436605, 0.5075196836504793
0.8087442409836643, -0.2902701131081676, 0.5081615985463066
0.845374620731312, -0.16354152621529075, 0.504741275626573
0.863070267993021, -0.03291006133959261, 0.500900084448044
0.8571589450967119, 0.09873009977068421, 0.5027002959585062
0.8291513290148667, 0.227590929435353, 0.5069631220929587
0.7834481034510539, 0.3513484725178417, 0.5081620125669004
0.7218686290683465, 0.46794004710612724, 0.5052958892025916
0.6441427276177681, 0.5743301937531391, 0.501349975914582
0.5489682385402274, 0.6653223849073088, 0.5022499308816994
0.43955847989525354, 0.7387762515335632, 0.5064065356645583
0.320811053518012, 0.7961004529094929, 0.5081624236879286
0.19556717724672898, 0.837266760670769, 0.5058505245951301
0.06581966652924176, 0.8601093073912944, 0.501799734694951
-0.065819628059339, 0.8601088009054714, 0.5017996736203147
-0.1955674689086201, 0.837267924390311, 0.505849949436393
-0.32081226302582205, 0.7961033830713862, 0.508162859718585
-0.4395590651965168, 0.7387772428351664, 0.5064051727651202
-0.5489641077660976, 0.6653175559736357, 0.502249329639701
-0.6441391851686893, 0.5743271622997037, 0.5013495802654719
-0.7218754560055287, 0.46794414624536623, 0.50529334920257
-0.7834567177432736, 0.35135207449874295, 0.5081632714428308
-0.8291501420259124, 0.22759066251316, 0.5069598229803641
-0.8571428223961222, 0.09872884292349976, 0.5026988154724622
-0.8630641967385486, -0.03290958661275872, 0.5008996168147635
-0.8453932880940856, -0.16354617654758322, 0.5047367281626118
-0.8087586226093577, -0.29027597829199875, 0.5081636880662495
-0.7556780292864855, -0.4111733600567425, 0.5075144984399673
-0.6864881063223893, -0.5235943609906097, 0.5031481621368926
-0.5996896944742207, -0.6229602001529126, 0.500449762939574
-0.496334493146259, -0.7049824196571615, 0.5041800971440178
-0.3818931590046683, -0.7708129972347513, 0.5081641299534699
-0.2596119961970438, -0.8210248301423201, 0.5080692089618413
-0.13152650267540072, -0.8535251973920422, 0.5036238666719645
0.0, -0.8660254037844349, 0.5000000000000064
-1.1103518410784346e-15, -0.866025403784435, 0.5000000000000064
0.13152711921858073, -0.85352767602145, 0.5036234530853794
0.2596115344278989, -0.8210229437380048, 0.5080684685499401
0.38189469842597434, -0.770816641528818, 0.5081646922848408
0.4963390828321439, -0.7049900587880866, 0.504178499115486
0.5996889456220367, -0.6229593313805045, 0.5004495441573776
0.6864793746984371, -0.5235868820388152, 0.5031469823844511
0.755674835961417, -0.41117141174649874, 0.5075118616602109
0.8087682135392276, -0.29027989409497484, 0.5081651334020775
0.8454084899916089, -0.16354997340029762, 0.5047331347909064
0.8630588042870074, -0.03290917020161031, 0.500898994741381
0.857124559844119, 0.09872742687632884, 0.5026970093991066
0.8291489770765306, 0.22759040983286233, 0.5069552166734183
0.7834720285797037, 0.35135847189656055, 0.5081655515014304
0.7218906540257438, 0.4679532567217302, 0.5052877849420426
0.6441296082410909, 0.5743189678478196, 0.5013483282544817
0.5489495192254744, 0.6653005077221779, 0.5022471782086835
0.4395620472104158, 0.7387822876217598, 0.5063985448184465
0.32082096717600606, 0.7961244584453857, 0.5081659671815608
0.19557118469922255, 0.8372826782913919, 0.505842459403614
0.06581787681292617, 0.8600863116315527, 0.5017975244906989
-0.06581783666216845, 0.8600857882818687, 0.5017974626821464
-0.19557148814457137, 0.8372838838619063, 0.5058418675428966
-0.3208221877344495, 0.7961274152715206, 0.5081664042954815
-0.43956267587989994, 0.738783354389543, 0.5063971506356568
-0.5489453261799955, 0.6652956016591862, 0.5022465559191647
-0.6441260057107437, 0.5743158877248852, 0.5013479120829731
-0.7218977162797644, 0.46795748843553664, 0.5052851723389142
-0.7834807460954819, 0.3513621166360952, 0.5081668205577389
-0.8291479466953874, 0.22759018337967274, 0.506951849403376
-0.8571081942609049, 0.09872614408513497, 0.5026954704552637
-0.8630526561220004, -0.032908687174573875, 0.5008984960416285
-0.8454277199726404, -0.16355478141509394, 0.5047284537893669
-0.8087827713531033, -0.2902858322458941, 0.5081672411266155
-0.7556680937123275, -0.4111672989909211, 0.5075065754034618
-0.6864572457083642, -0.5235679660275139, 0.5031442422143424
-0.5996859308820586, -0.6229558000793249, 0.5004491972493597
-0.49635769104141914, -0.7050210508692505, 0.5041717211570174
-0.3819033277642212, -0.7708370439003891, 0.5081676833556547
-0.2596069802431947, -0.8210043459468785, 0.5080613369639188
-0.13153971262064024, -0.8535781621657951, 0.5036153964896789
0.0, -0.866025403784435, 0.5000000000000062
-1.1186783034197617e-15, -0.866025403784435, 0.5000000000000062
0.13154034980536713, -0.8535807145576905, 0.5036149703285185
0.2596065128138028, -0.8210024399824348, 0.5080605781823098
0.38190487253456795, -0.7708407010744426, 0.5081682411617352
0.49636237773002656, -0.7050288658156508, 0.5041700701802195
0.5996851442520776, -0.622954885188509, 0.5004489852168884
0.6864483111437205, -0.5235603220573318, 0.5031430298459727
0.7556649095542041, -0.4111653567769073, 0.5075038728386387
0.808792424305701, -0.29028977371925296, 0.5081686826903393
0.8454433206083244, -0.1635586917321477, 0.5047247518320258
0.8630471352877487, -0.032908257519248404, 0.5008978660420721
0.8570895592293689, 0.09872468931197377, 0.5026936060270697
0.8291469375543221, 0.22758997244484042, 0.5069471286611136
0.7834961917349896, 0.35136856989134413, 0.5081691046849575
0.7219134048415006, 0.46796687429060385, 0.5052794522554013
0.6441162471174747, 0.574307546156017, 0.5013466220668275
0.5489304740690488, 0.6652782281079319, 0.5022443278981195
0.439565859853264, 0.7387887532968855, 0.5063903552742008
0.3208309793108646, 0.796148701744988, 0.508169524711671
0.19557537031740635, 0.8372992372910414, 0.5058341797973959
0.06581604358242216, 0.8600629021692103, 0.501795236008043
-0.06581600174393332, 0.8600623620409862, 0.5017951733378374
-0.19557568628816935, 0.8373004872177807, 0.505833570729225
-0.3208322111173496, 0.7961516856640487, 0.5081699628822973
-0.43956653317477107, 0.7387898980473334, 0.5063889282647673
-0.5489262161087409, 0.665273241588749, 0.5022436839805922
-0.6441125830861805, 0.5743044163386609, 0.501346184915546
-0.7219207116405479, 0.4679712434031522, 0.5052767641751628
-0.7835050123827373, 0.35137225729591604, 0.5081703834699285
-0.8291460679899414, 0.22758978785976264, 0.5069436898698954
-0.8570729404880482, 0.09872337936074284, 0.5026920072236859
-0.8630409071043743, -0.03290776576051029, 0.5008973359300355
-0.8454631319727266, -0.16356366345276002, 0.5047199314181414
-0.8088071578198939, -0.29029578471957745, 0.5081708077941824
-0.7556582915381784, -0.4111613206411552, 0.5074984810372887
-0.6864258128292007, -0.523541107945339, 0.5031401838159811
-0.5996821009429966, -0.6229513180086708, 0.5004486119338389
-0.4963814709324617, -0.7050607263096696, 0.5041630802409227
-0.381913595166473, -0.7708613288717807, 0.508171250363787
-0.25960195227261895, -0.820983850879399, 0.5080533086890613
-0.13155329898753548, -0.8536324465594682, 0.5036066449184704
0.0, -0.8660254037844353, 0.500000000000006
-1.1271988456561458e-15, -0.8660254037844353, 0.500000000000006
0.13155395743335907, -0.8536350744941278, 0.5036062055405873
0.259601479778225, -0.8209819277808021, 0.5080525313220332
0.38191514612359645, -0.7708650009448662, 0.5081718040181477
0.49638625892116517, -0.7050687251892468, 0.5041613740378001
0.5996812766871819, -0.6229503571575687, 0.5004484060615404
0.6864166729869482, -0.5235332973932032, 0.5031389368968192
0.755655123420918, -0.4111593885273929, 0.5074957112082862
0.8088168759195801, -0.2902997531497839, 0.5081722459603275
0.8454791473766103, -0.16356769224787385, 0.5047161159998325
0.8630352555568815, -0.0329073225541505, 0.5008966969834142
0.857053926757658, 0.0987218848507614, 0.502690081805218
0.8291452274077968, 0.22758962230888435, 0.5069388510824654
0.7835205955857681, 0.35137876756042896, 0.508172671657777
0.7219369098520834, 0.4679809145881406, 0.5052708812740331
0.6441026376143316, 0.5742959236279673, 0.5013448553117951
0.548911094613443, 0.6652555349647249, 0.5022413765737106
0.4395699284042467, 0.7387956684491748, 0.5063819590464456
0.3208410910290257, 0.7961731854403642, 0.5081730958083867
0.1955797422232214, 0.8373164637875582, 0.5058256768037173
0.06581416533473616, 0.8600390678974899, 0.5017928665316795
-0.06581412180185864, 0.8600385110830158, 0.5017928028673508
-0.19558007148814233, 0.8373177606488402, 0.5058250499864955
-0.3208423342791242, 0.796176196881106, 0.5081735350051223
-0.439570647764329, 0.7387968938985634, 0.5063804975942865
-0.5489067690381522, 0.6652504645769366, 0.5022407104062105
-0.6440989105561126, 0.5742927430075655, 0.5013443967266303
-0.7219444707572817, 0.4679854260747028, 0.505268114660178
-0.7835295192437133, 0.3513824975267884, 0.5081739596953323
-0.8291445232544711, 0.22758948111463995, 0.5069353372481932
-0.8570370442626797, 0.09872054646842755, 0.5026884216616798
-0.8630289440172317, -0.03290682160574007, 0.5008961351297647
-0.8454995596121604, -0.1635728339660752, 0.504711149940976
-0.8088317845945254, -0.29030583685973643, 0.5081743875757855
-0.755648634455954, -0.4111554315322472, 0.5074902091517577
-0.6863937918534162, -0.5235137746979261, 0.5031359821228168
-0.5996782028932821, -0.6229467516289041, 0.5004480063240558
-0.4964058521720424, -0.7051014836014013, 0.5041541622201268
-0.3819239622032056, -0.7708858548071146, 0.5081748304834588
-0.259596914420646, -0.8209633533302284, 0.5080451189086189
-0.13156727630842793, -0.8536880956418988, 0.5035975987439539
0.0, -0.8660254037844353, 0.5000000000000058
-1.1359203334588063e-15, -0.8660254037844353, 0.5000000000000057
0.13156795666559137, -0.8536908009849055, 0.5035971454675866
0.25959643744010896, -0.8209614154376154, 0.5080443226911486
0.38192552007857017, -0.7708895435462195, 0.5081753802798263
0.4964107457131669, -0.705109674524066, 0.5041523983490895
0.599677340779093, -0.622945744508262, 0.5004478062035841
0.6863844435973895, -0.5235057953624985, 0.5031346987861419
0.7556454889366329, -0.41115351330475536, 0.5074873703414553
0.8088415704345591, -0.29030983331517024, 0.5081758225439179
0.8455160058807384, -0.16357698633744427, 0.5047072158795434
0.8630231585931138, -0.03290636445735095, 0.5008954864653996
0.8570176444079092, 0.09871901106700784, 0.5026864326247173
0.8291438640631701, 0.22758936465789947, 0.5069303764594288
0.783545242473598, 0.35138906582810625, 0.5081762518233146
0.7219611983523817, 0.46799539281233965, 0.5052620615695752
0.644088772663616, 0.5742840948743311, 0.5013430260331242
0.5488913719827788, 0.665232416616514, 0.5022383206820437
0.4395742641145175, 0.7388030542703271, 0.5063733477245875
0.3208513035259817, 0.7961979123734322, 0.5081766800344157
0.19558430895494194, 0.8373343850801567, 0.5058169409254275
0.06581224049319231, 0.8600147972438461, 0.5017904132502803
-0.06581219521862466, 0.8600142234165427, 0.5017903485232151
-0.19558465222881674, 0.8373357311674452, 0.5058162956711587
-0.3208525582602554, 0.7962009513714363, 0.5081771200993291
-0.43957503101660356, 0.7388043633366379, 0.5063718503232892
-0.5488869768323207, 0.6652272598737747, 0.5022376317077812
-0.6440849820124227, 0.574280863170202, 0.5013425447962275
-0.7219690250525126, 0.46800005284218166, 0.5052592131756497
-0.7835542705964389, 0.3513928388877728, 0.5081775491175732
-0.8291433323818274, 0.22758926900266527, 0.5069267844482885
-0.8570004909669151, 0.098717643319452, 0.5026847092135444
-0.8630167637782112, -0.03290585416119655, 0.5008948912280142
-0.8455370427823187, -0.16358230554276898, 0.5047020977781423
-0.8088566561984842, -0.29031599063430946, 0.5081779805576616
-0.7556391367050279, -0.41114963967001766, 0.5074817536781404
-0.6863611688166745, -0.5234859558194052, 0.5031316316709494
-0.5996742366490907, -0.6229421006337172, 0.5004473788712958
-0.4964308560635413, -0.70514336399267, 0.504144954394766
-0.3819344300416867, -0.7709106248038736, 0.508178423323687
-0.2595918688815683, -0.8209428617947276, 0.5080367620397241
-0.13158165988918882, -0.8537451566933256, 0.5035882439873366
0.0, -0.8660254037844356, 0.5000000000000054
-1.1448499601984467e-15, -0.8660254037844355, 0.5000000000000054
0.13158236316410626, -0.8537479426329943, 0.5035877762003375
0.2595913874694694, -0.8209409092852405, 0.5080359462592947
0.38193599415179014, -0.770914328536846, 0.508178968470163
0.4964358566838137, -0.7051517505552941, 0.504143129812451
0.5996733325018602, -0.6229410421894147, 0.5004471860296904
0.686351603982332, -0.5234778014222543, 0.5031303108901763
0.7556360173382682, -0.41114773726410186, 0.5074788432661439
0.8088665094267646, -0.2903200149483525, 0.5081794115873093
0.8455539331317037, -0.163586585919629, 0.5046980393762074
0.8630108379124215, -0.03290538236555918, 0.5008942332542522
0.8569806941939058, 0.09871606549817644, 0.5026826541438965
0.8291428663512089, 0.22758920515016143, 0.5069216970430319
0.7835701351503161, 0.35139946577814934, 0.5081798446785016
0.7219863015689791, 0.4680103251372051, 0.5052529820942445
0.6440746453199295, 0.5742720546489024, 0.5013411318998369
0.5488712973077655, 0.665208861358194, 0.5022351565962614
0.4395788784670419, 0.7388109325293829, 0.5063645124143825
0.32086161782058886, 0.7962228849552229, 0.5081802767818131
0.1955890795223909, 0.837353029838917, 0.5058079621406832
0.06581026741986189, 0.859990078315449, 0.5017878732253439
-0.06581022041538648, 0.859989487770483, 0.5017878072625257
-0.19558943767824905, 0.8373544280904539, 0.5058072978864935
-0.320862884259731, 0.7962259520225352, 0.508180717701011
-0.4395796943714828, 0.738812328130269, 0.5063629771584339
-0.5488668293806712, 0.6652036141881654, 0.5022344440663178
-0.6440707888246975, 0.5742687701520341, 0.5013406279175098
-0.721994403523834, 0.4680151385308536, 0.5052500484594278
-0.7835792666788821, 0.3514032814550823, 0.5081811504281527
-0.829142511459138, 0.22758915655979703, 0.5069180227174638
-0.8569632572277174, 0.09871466686206926, 0.5026808659486768
-0.8630043547750105, -0.03290486209572026, 0.5008936047827711
-0.8455756145016508, -0.163592089169976, 0.5046927621181321
-0.8088817709565148, -0.2903262454076867, 0.5081815848300634
-0.755629807317308, -0.41114394982516755, 0.5074731067631705
-0.6863279213555032, -0.5234576340698144, 0.5031271282374867
-0.5996701963373582, -0.6229373577457074, 0.5004467308140675
-0.49645650084849813, -0.7051864039782361, 0.5041354426371683
-0.3819449990384567, -0.7709356400239644, 0.5081820278443373
-0.2595868183016527, -0.8209223864459989, 0.508028232419749
-0.13159646564199023, -0.8538036785026657, 0.5035785657763608
0.0, -0.8660254037844357, 0.500000000000005
-1.1539952667327924e-15, -0.8660254037844357, 0.500000000000005
0.13159719201323328, -0.8538065450363054, 0.5035780825232261
0.25958633403167597, -0.8209204256831091, 0.5080273975046811
0.3819465725578122, -0.7709393664909627, 0.5081825705157436
0.4964616180483712, -0.7051950032836398, 0.5041335553725033
0.5996692570817979, -0.6229362562714935, 0.5004465412785009
0.6863181457396398, -0.5234493097110908, 0.5031257663423887
0.7556267277495939, -0.41114207127644, 0.5074701244079162
0.8088917003357738, -0.290330301263489, 0.5081830140591731
0.8455929740897417, -0.1635965051432289, 0.5046885740127666
0.8629982926579194, -0.0329043759010151, 0.5008929339157516
0.8569430625750093, 0.09871304611483811, 0.5026787413735133
0.8291422558691484, 0.22758915020181367, 0.5069128051930574
0.7835952773921557, 0.3514099688992983, 0.5081834500061602
0.7220122531310464, 0.4680257289770742, 0.5052436311335523
0.6440602486226777, 0.5742597977438275, 0.5013391702369943
0.548850861419824, 0.6651848570804143, 0.5022318806193555
0.439583783165986, 0.7388193255941, 0.5063554436111074
0.320872034809483, 0.796248105328519, 0.5081838853197107
0.19559406342202337, 0.83737242817537, 0.5057987299128144
0.06580824446600744, 0.8599648994438629, 0.5017852432957577
-0.06580819576332042, 0.8599642926892539, 0.5017851758856275
-0.19559443743862703, 0.8373738819249115, 0.5057980461248125
-0.32087331335419844, 0.7962512014280576, 0.5081843272173092
-0.43958464989132584, 0.7388208112933633, 0.5063538684405446
-0.5488463169252072, 0.6651795146299979, 0.5022311436295246
-0.6440563231156009, 0.5742564579647251, 0.501338643981024
-0.7220206389991648, 0.4680307000376982, 0.5052406085821428
-0.7836045102328516, 0.3514138263088157, 0.5081847630647173
-0.8291420812112864, 0.22758915003547936, 0.5069090438035364
-0.856925325550123, 0.09871161461457328, 0.5026768871285188
-0.8629917122211788, -0.03290384467630629, 0.5008922736953255
-0.8456153173441212, -0.16360219848097507, 0.5046831298768544
-0.8089071333400762, -0.29033660314505244, 0.5081852003890713
-0.7556206624438283, -0.41113837102084533, 0.5074642617063317
-0.6862940348973453, -0.5234287986329111, 0.5031224658405067
-0.5996660826203498, -0.6229325235467067, 0.5004460600950138
-0.4964828104566171, -0.7052306500428878, 0.5041256127812513
-0.3819556711275287, -0.770960905521773, 0.508185644198677
-0.25958176584363835, -0.8209019394428201, 0.5080195243445255
-0.13161170982290693, -0.8538637103444392, 0.5035685481754655
0.0, -0.866025403784436, 0.5000000000000046
-1.1633641626454715e-15, -0.866025403784436, 0.5000000000000046
0.1316120308207317, -0.8538642155138687, 0.5035681530573375
0.2595812792824794, -0.8208999726278636, 0.5080186698902658
0.3819572547819809, -0.7709646564846215, 0.5081861846936035
0.4964880492905283, -0.7052394717813224, 0.5041236599815685
0.5996651086437434, -0.6229313794513148, 0.5004458731410291
0.6862840456924199, -0.5234203024065806, 0.5031210606548703
0.7556176304107094, -0.41113652073538187, 0.507461205442236
0.8089171420884017, -0.2903406918905818, 0.5081866282002587
0.8456331660911549, -0.16360675636816463, 0.504678806042389
0.8629855123506687, -0.032903343803243015, 0.500891588415803
0.8569047265062945, 0.09870994983575192, 0.5026746899686636
0.8291420514289882, 0.2275892056692353, 0.5069036916959023
0.783620670408966, 0.35142057565118884, 0.5081870667450317
0.7220390858900071, 0.4680416211291478, 0.5052339963371002
0.6440455744802345, 0.5742473180029952, 0.5013371391169573
0.54883005452516, 0.6651603907817796, 0.5022284886288562
0.4395889913166793, 0.73882825837268, 0.5063461314105654
0.3208825557861883, 0.7962735765378783, 0.5081875051680096
0.19559927066023314, 0.8373926115463317, 0.5057892329638259
0.06580616978749215, 0.859939247293108, 0.5017825203738097
-0.06580611934098202, 0.8599386240376881, 0.5017824514294483
-0.19559966132837808, 0.8373941232565145, 0.5057885287965808
-0.3208838465906666, 0.7962767019808938, 0.5081879479607379
-0.4395899109576672, 0.7388298381746385, 0.5063445146003419
-0.5488254312946431, 0.6651549502342202, 0.5022277264281155
-0.6440415790165098, 0.5742439223485596, 0.5013365894740218
-0.7220477678490792, 0.46804675613888785, 0.5052308808865194
-0.7836300057995323, 0.35142447523818815, 0.5081883869993583
-0.8291420657010389, 0.2275892565876283, 0.5068998395570758
-0.8568866808958455, 0.09870848431072671, 0.5026727674553036
-0.8629788332089974, -0.03290280131579844, 0.5008908951674885
-0.8456561958852974, -0.16361264780638826, 0.504673187188944
-0.8089327474487251, -0.2903470656484463, 0.5081888270835174
-0.7556117184119173, -0.4111329122819928, 0.5074552112448969
-0.6862594928747084, -0.5233994371188786, 0.5031176384856964
-0.5996618936270897, -0.6229275955112954, 0.5004453659134228
-0.4965098067967774, -0.7052761455925666, 0.5041154493231863
-0.38196644615546965, -0.7709864211506448, 0.5081892708538444
-0.25957671349836287, -0.820881527842361, 0.508010630667705
-0.13161023282853448, -0.853827502359402, 0.5035623506761031
0.0, -0.8660254037844362, 0.5000000000000042
-1.1729649490619408e-15, -0.8660254037844362, 0.5000000000000042
0.1316100825978453, -0.8538252852865198, 0.5035620599333327
0.2595762248362898, -0.8208795556717056, 0.5080097559388461
0.38196803976196086, -0.7709901961932789, 0.5081898087714183
0.4965151710788947, -0.7052851974767623, 0.5041134277357407
0.5996608831365198, -0.6229264065939402, 0.5004451818555056
0.6862492843284471, -0.5233907647570689, 0.5031161882792355
0.7556087397990298, -0.41113109352356403, 0.5074520784557005
0.8089428371229789, -0.2903511879506347, 0.5081902533265387
0.8456745530731091, -0.16361735386612064, 0.5046687211555198
0.8629724923805135, -0.0329022853292229, 0.5008901944948051
0.8568656687452878, 0.09870677413870955, 0.5026704947569198
0.8291422767999104, 0.22758937869867174, 0.5068943478802043
0.7836463183214901, 0.35143128763308323, 0.5081906947188932
0.7220668370538682, 0.4680580207099716, 0.5052240645377422
0.6440306163274252, 0.5742346106115224, 0.5013350352123362
0.5488088673807986, 0.6651354501353419, 0.5022249766703394
0.43959451649075165, 0.7388377567512766, 0.5063365655719033
0.32089318185792715, 0.7962993011198566, 0.508191135650025
0.19560471171174232, 0.8374136125684133, 0.5057794592015568
0.06580404139313761, 0.8599131074052422, 0.5017797013477007
-0.0658039893816591, 0.8599124696733975, 0.5017796304068997
-0.19560512007200107, 0.8374151858860279, 0.5057787341912213
-0.32089448515380525, 0.7963024565909241, 0.5081915793623858
-0.4395954907818569, 0.7388394342488083, 0.5063349045573027
-0.5488041610600269, 0.6651299058627198, 0.5022241880163649
-0.6440265457796436, 0.5742311549673957, 0.5013344635906414
-0.722075823150711, 0.4680633235656887, 0.5052208520952131
-0.7836557519237669, 0.3514352276730478, 0.5081920202523301
-0.8291424813326973, 0.22758948166905824, 0.5068903989979072
-0.8568472934555129, 0.09870527205367371, 0.50266850282169
-0.8629657000480435, -0.03290173006941152, 0.5008894713137519
-0.8456982856682012, -0.16362344931703734, 0.5046629187141048
-0.8089586076294029, -0.29035763059030223, 0.508192461565806
-0.7556029819994841, -0.4111275767557026, 0.5074459451489849
-0.6862242659048468, -0.5233695268347056, 0.503112642185903
-0.599657619824243, -0.622922561912519, 0.5004446509704585
-0.4965375101173284, -0.705322931787493, 0.5041049353585961
-0.3819773235278939, -0.771012185842251, 0.5081929059101037
-0.2595716639439074, -0.8208611614582951, 0.508001544280992
-0.13160597897063903, -0.8537750615195543, 0.5035566035388312
0.0, -0.8660254037844365, 0.5000000000000037
-1.182806343180809e-15, -0.8660254037844365, 0.5000000000000037
0.13160576701255336, -0.8537724739629154, 0.5035563167271724
0.25957117679714586, -0.8208591985711416, 0.5080006511954909
0.38197893377996184, -0.7710160014662442, 0.5081934463056409
0.4965430159201992, -0.705332242470168, 0.504102843439156
0.5996565906913046, -0.6229213496693926, 0.5004444606677281
0.6862138565861905, -0.5233606937999146, 0.5031111408194043
0.755600084481179, -0.41112580599249243, 0.5074427383218181
0.8089688000955482, -0.2903617957935372, 0.5081938926930659
0.8457171932186636, -0.16362831589749613, 0.5046583048044055
0.8629592393097252, -0.03290120071315339, 0.5008887457289491
0.8568258801530473, 0.09870351736685432, 0.5026661497070347
0.8291429626924527, 0.22758967821973775, 0.5068847661196408
0.7836722291688404, 0.351442107962881, 0.5081943349835636
0.7220955482333132, 0.46807494913601555, 0.5052138216084958
0.6440153684245831, 0.5742216715488225, 0.501332854096195
0.548787290962142, 0.6651100231192344, 0.5022213409184888
0.43960037279417874, 0.7388478477373578, 0.5063267354554895
0.3209039138698195, 0.7963252809096217, 0.5081947758259131
0.19561039737959737, 0.8374354644245002, 0.5057693956069447
0.06580185719715989, 0.8598864647495952, 0.5017767829825146
-0.06580180434384006, 0.8598858201192399, 0.5017767086929606
-0.19561082500768026, 0.8374371056347116, 0.5057686502230931
-0.3209052298664162, 0.79632846745115, 0.5081952205752641
-0.4396014025953727, 0.7388496253689952, 0.5063250261897005
-0.5487824943831908, 0.6651043657468225, 0.5022205235353487
-0.644011212613477, 0.5742181474475085, 0.5013322656803941
-0.7221048377656958, 0.46808041878830015, 0.5052105081031171
-0.7836817449546052, 0.35144608220358553, 0.5081956600658313
-0.8291433443392892, 0.22758983082628098, 0.5068807102661892
-0.8568071336600431, 0.09870197387775531, 0.5026640886675074
-0.8629522954552704, -0.03290062902306792, 0.5008880040908014
-0.8457416213982285, -0.1636346151005522, 0.5046523079971246
-0.8089847057453119, -0.2903682945395754, 0.5081960995605715
-0.755594460032396, -0.41112236750119724, 0.5074364524970647
-0.6861883253608022, -0.5233390458167689, 0.5031074723339116
-0.5996532514792963, -0.622917410742893, 0.5004439180538764
-0.49656593850583675, -0.7053710463845148, 0.5040940524575079
-0.38198829986965616, -0.7710381915355644, 0.5081965451247534
-0.2595666184047771, -0.8208408438227327, 0.5079922563238389
-0.13160155500878512, -0.8537212773852649, 0.5035506683490488
0.0, -0.8660254037844368, 0.5000000000000033
-1.1928975046729142e-15, -0.8660254037844368, 0.5000000000000033
0.13160133955714834, -0.8537186613368762, 0.5035503679898596
0.25956613987699423, -0.8208389191284717, 0.5079913495667477
0.38198993854147517, -0.7710420769743604, 0.508197097278143
0.49657160887655505, -0.7053806567314339, 0.5040918895491605
0.5996522288170438, -0.6229162054164097, 0.50044370897405
0.6861777419858281, -0.523330074150937, 0.5031059121837371
0.7555916776259926, -0.41112066505518524, 0.5074331755054263
0.8089950270388182, -0.2903725138727244, 0.5081975434913065
0.8457611262093672, -0.1636396560647917, 0.5046475404166504
0.8629457360830499, -0.03290008805848577, 0.5008872439691482
0.8567853292781279, 0.09870017534017972, 0.5026616503312027
0.8291441237781572, 0.22759010943864572, 0.5068749336708434
0.7836983970698012, 0.35145303428003444, 0.5081979840639155
0.7221252533107938, 0.46809242330874606, 0.5052032532008717
0.6439998180956752, 0.5742084908427422, 0.5013305962402155
0.5487653120262341, 0.6650840920565735, 0.502217576043983
0.43960657384946955, 0.7388585580796396, 0.5063166278733177
0.32091475302868744, 0.7963515190365655, 0.5081984251142785
0.19561634053313093, 0.8374582082995662, 0.5057590300643648
0.06579961556094643, 0.8598593093226643, 0.5017737610194053
-0.0657995617220451, 0.8598586564776656, 0.5017736834468763
-0.19561678679358796, 0.837459914057616, 0.5057582620378764
-0.3209160811786728, 0.7963547352145044, 0.5081988702347537
-0.4396076637734956, 0.7388604442067663, 0.5063148699788974
-0.5487604248313369, 0.6650783212824904, 0.5022167301004254
-0.6439955789192925, 0.5742049003384058, 0.5013299865553695
-0.7221348670586816, 0.4680980707144303, 0.5051998329797894
-0.7837080101554669, 0.3514570486896431, 0.5081993130062978
-0.8291447148661637, 0.22759032029495826, 0.5068707718812464
-0.8567662248126093, 0.09869859165814404, 0.5026595157562953
-0.8629386638754306, -0.032899501728738755, 0.5008864734113738
-0.8457863037929314, -0.1636461750790917, 0.5046413410446328
-0.8090110965176672, -0.2903790809675909, 0.5081997574148771
-0.7555862272315332, -0.41111732863450656, 0.5074267380815549
-0.6861517067227116, -0.5233080240131042, 0.5031021127033178
-0.5996488301495448, -0.6229121917259166, 0.5004431452736662
-0.496595148700977, -0.7054205937390191, 0.5040827870123568
-0.3819993959147902, -0.7710644896943696, 0.508200203619808
-0.25956159143439894, -0.8208206323523857, 0.5079827678572199
-0.13159701520427683, -0.8536664647529802, 0.5035445206093654
0.0, -0.866025403784437, 0.5000000000000027
-1.2032480641162044e-15, -0.866025403784437, 0.5000000000000027
0.13159679349669745, -0.853663792615454, 0.5035442105190452
0.25956110814850564, -0.8208186917135036, 0.5079818359024738
0.38200103730213814, -0.7710683819580105, 0.5082007467755818
0.49660095212802025, -0.705430451665393, 0.5040805436906616
0.5996477564396497, -0.6229109240766246, 0.5004429443410564
0.686140866803633, -0.5232988474174329, 0.5031005054460413
0.7555834911913988, -0.4111156524460819, 0.5074233695408072
0.8090214800179449, -0.2903833260361683, 0.5082011916472882
0.8458063663387229, -0.16365138134805934, 0.5046364090146527
0.8629319357954717, -0.032898942714093445, 0.5008857010112204
0.8567439583942602, 0.09869674098104139, 0.5026569944617517
0.8291457645932877, 0.22759067538619038, 0.5068648339668944
0.7837248119082816, 0.351464062708315, 0.5082016370577052
0.7221559862200642, 0.4681104600615234, 0.5051923440959512
0.6439839495082242, 0.5741950560333889, 0.501328262956014
0.5487429147143711, 0.6650576360985466, 0.5022136772151727
0.4396131342669862, 0.7388699166814208, 0.5063062291252212
0.320925700529275, 0.7963780187326642, 0.5082020829220327
0.19562255371210124, 0.8374818833562021, 0.5057483488087047
0.06579731457378798, 0.8598316288799726, 0.5017706313267168
-0.06579725840510237, 0.8598309543060457, 0.5017705524734474
-0.1956230190143692, 0.8374836530369807, 0.5057475551605571
-0.3209270422574441, 0.796381266960741, 0.5082025290537738
-0.4396142902261506, 0.7388719212464454, 0.5063044231684297
-0.5487379400503816, 0.6650517557289986, 0.5022128029346731
-0.6439796347099858, 0.5741914058559552, 0.50132762467758
-0.7221659508262184, 0.46811629926047715, 0.5051888114756592
-0.7837345413839729, 0.35146812460951943, 0.5082029754529402
-0.8291465979804324, 0.22759095303720672, 0.5068605672611719
-0.8567245138914099, 0.09869511862547158, 0.5026547813557033
-0.8629247642750437, -0.032898344241405954, 0.5008848891276471
-0.8458323521256839, -0.16365813789434625, 0.5046299985281428
-0.8090377452481003, -0.29038997530386357, 0.5082034221647383
-0.7555782550379906, -0.4111124417361447, 0.5074167809997159
-0.6861143411621644, -0.5232764072177077, 0.5030965652762612
-0.5996443201957551, -0.6229068618678621, 0.5004423475403176
-0.49662514703470867, -0.7054715931489495, 0.5040711162013585
-0.3820105980206907, -0.771091047594774, 0.5082038691043864
-0.2595565784454751, -0.8208005071323928, 0.5079730643415783
-0.13159235388675025, -0.8536105807034091, 0.5035381547689708
0.0, -0.8660254037844374, 0.5000000000000022
-1.2138681536519632e-15, -0.8660254037844374, 0.5000000000000022
0.13159212325292524, -0.8536078261363481, 0.5035378385151881
0.2595560899969264, -0.8207985476539208, 0.5079721054294662
0.38201224514425514, -0.7710949531431862, 0.5082044050496766
0.4966310927069257, -0.7054817151512942, 0.5040687889971013
0.5996432039475447, -0.6229055416158356, 0.5004421502936595
0.6861032573930869, -0.5232670361757403, 0.5030949052538388
0.7555755916398397, -0.41111080697225894, 0.5074133221067618
0.8090482071061772, -0.2903942527259571, 0.5082048512019393
0.8458530039333699, -0.16366351911766236, 0.504624894074639
0.8629178758053234, -0.03289776750793389, 0.5008840994011478
0.8567017856616335, 0.09869321552173269, 0.5026521725078785
0.8291479390878916, 0.2275913910756004, 0.5068544625568734
0.7837514934122394, 0.351475201023007, 0.5082052986496699
0.7221877972104221, 0.46812908508511514, 0.5051810764689443
0.6439677628992946, 0.5741813683242765, 0.501325845738862
0.5487200930726751, 0.6650306469630365, 0.5022096402005768
0.43962007033125405, 0.7388819550353228, 0.5062955271906999
0.320936756168079, 0.7964047793316591, 0.5082057473490142
0.19562904828821984, 0.8375065229894934, 0.5057373357260562
0.0657949523659536, 0.8598034115941204, 0.5017673894710188
-0.06579489291865886, 0.8598027059260568, 0.5017673106619481
-0.1956295340977332, 0.837508360430628, 0.5057365146900398
-0.3209381127614132, 0.7964080619158664, 0.5082061950845523
-0.4396212967570282, 0.7388840857245869, 0.5062936718457148
-0.548715034168863, 0.6650246605578867, 0.502208734916399
-0.6439633699354239, 0.5741776564817848, 0.5013251784035181
-0.722198125496866, 0.46813512217738273, 0.5051774258379425
-0.7837613381939259, 0.35147930967753216, 0.5082066455972232
-0.829149026685863, 0.2275917390500205, 0.5068500863585762
-0.8566819998691861, 0.0986915538326534, 0.5026498763581839
-0.8629105980196556, -0.032897156139238104, 0.5008832466367187
-0.845879820820523, -0.16367052163137813, 0.5046182611155806
-0.809064665774236, -0.2904009835792563, 0.5082070967627088
-0.7555705873412679, -0.4111077319189128, 0.5074065772001242
-0.6860762418929998, -0.5232442074666618, 0.5030908163359247
-0.5996397307507636, -0.6229014316138703, 0.5004415187798196
-0.49665596329704154, -0.7055241038417549, 0.504059019212834
-0.3820219124156296, -0.771117880833814, 0.5082075450330358
-0.25955158975150555, -0.8207805074058181, 0.5079631421954528
-0.13158756934009597, -0.8535536217677255, 0.5035315585093334
0.0, -0.8660254037844377, 0.5000000000000017
-1.2247684400675104e-15, -0.8660254037844377, 0.5000000000000017
0.13158732844533233, -0.8535507723259688, 0.503531237406214
0.2595510911489718, -0.8207785088518517, 0.5079621511399222
0.3820235565500509, -0.7711217781444919, 0.5082080662418108
0.49666204902891575, -0.7055344877753509, 0.504056602668261
0.5996385713502344, -0.6229000582190588, 0.5004413250753621
0.6860648913214236, -0.5232346239321307, 0.5030891047938117
0.7555679893668554, -0.41110613372772953, 0.5074030208765128
0.809075197431947, -0.29040528970418167, 0.508208516974813
0.8459010859254461, -0.16367608581504203, 0.5046129757079949
0.8629035593304923, -0.03289656255093757, 0.5008824344001859
0.8566587915251048, 0.09868959585063683, 0.5026471784786002
0.8291506774595168, 0.22759226571589614, 0.5068438080459357
0.7837784459351202, 0.351486450607841, 0.508208968591087
0.7222207384352116, 0.46814832474850765, 0.5051694326512585
0.6439512597669952, 0.5741674297465781, 0.5013233362734116
0.5486968356125369, 0.6650031093025657, 0.5022054619757483
0.43962740100382713, 0.7388947091356246, 0.5062845097586943
0.32094792187148485, 0.7964318044731566, 0.5082094179169612
0.19563583803706963, 0.8375321676167382, 0.5057259732687067
0.06579252528960117, 0.8597746282226061, 0.501764033523378
-0.06579246389011353, 0.8597739060843745, 0.5017639522684275
-0.19563634648666933, 0.8375340822790802, 0.50572512613953
-0.32094929257410276, 0.796435121091151, 0.5082098668689748
-0.43962869661219983, 0.7388969656997095, 0.5062825989354232
-0.5486916776475068, 0.6649969981983033, 0.5022045253085412
-0.6439467768708703, 0.5741636467305723, 0.5013226443564316
-0.722231440505012, 0.46815456485964957, 0.5051656592094355
-0.7837883958650709, 0.3514906023740792, 0.5082103201561912
-0.8291520109438922, 0.22759268322878018, 0.506839311433175
-0.8566386135401091, 0.09868788907436486, 0.5026448017815555
-0.8628961580323551, -0.03289593638883153, 0.5008815439797258
-0.8459287658111351, -0.1636833448480559, 0.504606109395856
-0.8090918409105252, -0.2904120983233506, 0.5082107736809055
-0.7555632096126372, -0.411103188671221, 0.5073961070292452
-0.6860373348753671, -0.52321136622708, 0.5030848692588382
-0.5996350632093626, -0.6228959026240041, 0.5004406562592476
-0.4966876289278069, -0.7055781887766283, 0.5040464743937306
-0.3820333299849905, -0.7711449672307478, 0.5082112222705163
-0.25954661819356156, -0.8207606018401298, 0.5079529830319125
-0.13158265077203365, -0.8534954972100279, 0.503524732839342
0.0, -0.8660254037844379, 0.5000000000000011
-1.2359601605324271e-15, -0.866025403784438, 0.5000000000000011
0.13158240599196436, -0.8534926181644794, 0.5035243958607646
0.2595461324742623, -0.8207586577176929, 0.5079519770899549
0.38203500690170145, -0.771148945486102, 0.5082117580839142
0.4966939048143313, -0.7055889230804134, 0.5040439709403604
0.5996339131024605, -0.6228945392151992, 0.5004404406314289
0.6860257925007771, -0.5232016313349543, 0.5030830893975142
0.7555607657485673, -0.4111016804508638, 0.5073924694102314
0.8091025165485936, -0.29041646535315185, 0.5082122092941919
0.8459507336319629, -0.16368911813643625, 0.5046006370218964
0.8628890173458031, -0.032895330039077395, 0.500880689556515
0.8566149703380139, 0.09868588060448144, 0.5026420056213493
0.8291540342247067, 0.2275933147789138, 0.5068328632752396
0.7838056915995291, 0.3514978200327582, 0.5082126524425947
0.7222548712139585, 0.4681682104164415, 0.5051573937223164
0.6439344250334569, 0.5741532288979538, 0.5013207316135876
0.5486731281197583, 0.6649750041587318, 0.5022011377609934
0.4396351461506711, 0.7389082174488354, 0.5062731621348712
0.32095920024508795, 0.7964591002878727, 0.5082130948951855
0.1956429386762275, 0.8375588655700366, 0.5057142447844123
0.06579003074859889, 0.8597452610498222, 0.5017605594599753
-0.06578996788312574, 0.859744528765386, 0.5017604745813425
-0.19564347127130152, 0.837560863556246, 0.5057133714677127
-0.3209605850481497, 0.7964624517319876, 0.5082135450836555
-0.43963651254122915, 0.738910604001344, 0.5062711912027243
-0.5486678768903348, 0.6649687746926569, 0.5022001615913618
-0.6439298201355992, 0.574149348379399, 0.5013200286811808
-0.7222659388463119, 0.46817464808271736, 0.5051534911985929
-0.783815719668861, 0.3515020045659224, 0.5082139990445559
-0.8291555928754755, 0.22759379805647173, 0.5068282322614502
-0.8565943579518012, 0.0986841236483703, 0.502639547107177
-0.8628814347681746, -0.032894683404220824, 0.50087977832179
-0.8459792598913258, -0.1636966314565545, 0.5045935218821999
-0.8091193060124827, -0.2904233350253266, 0.5082144631291214
-0.7555561876928999, -0.4110988502554881, 0.5073853700276186
-0.685997652255954, -0.5231779110607159, 0.5030787056958133
-0.5996303250780184, -0.6228902831216852, 0.5004397541356183
-0.49672018864075085, -0.7056339347119336, 0.5040334599514139
-0.3820448711636974, -0.7711723580431854, 0.508214916185322
-0.25954168392514043, -0.8207408690165905, 0.5079425896513541
-0.13157759877459124, -0.8534362290050657, 0.5035176603470914
0.0, -0.8660254037844384, 0.5000000000000006
-1.247455161239998e-15, -0.8660254037844383, 0.5000000000000006
0.1315773431760477, -0.8534332515701792, 0.5035173176868495
0.25954118824800165, -0.8207388861396032, 0.507941548995999
0.38204654150560663, -0.7711763191937704, 0.5082154334489323
0.49672660490850384, -0.7056449351473923, 0.5040308557392983
0.5996291010635619, -0.6228888292418037, 0.5004395547339707
0.6859858259414533, -0.5231679513989352, 0.5030768691965666
0.7555538273021005, -0.4110973884939644, 0.5073816272534892
0.8091300493801259, -0.29042773005278955, 0.5082158876016258
0.8460018815516295, -0.1637026023176632, 0.5045878484293853
0.8628741115267622, -0.03289405689598482, 0.5008789066571122
0.8565702239158984, 0.09868205738585645, 0.5026366507922555
0.82915797535346, 0.22759453281522707, 0.5068215969116855
0.7838331802709131, 0.3515092900077089, 0.508216331761174
0.7222901997871507, 0.46818874137470057, 0.5051449397036746
0.6439172012347225, 0.5741387185724444, 0.5013180532912354
0.548648962226777, 0.6649463182787679, 0.5021966519001797
0.43964331882834695, 0.7389225087233962, 0.5062614622998511
0.3209705906955393, 0.7964866675083537, 0.5082167766102219
0.19565036677244713, 0.8375866707478392, 0.5057021357452112
0.06578746835346772, 0.8597153161041613, 0.5017569592183956
-0.0657874023963072, 0.859714556107334, 0.5017568733186257
-0.19565092329795955, 0.8375887474124422, 0.5057012316791472
-0.32097199021185374, 0.7964900532510552, 0.508217227732568
-0.4396447639539308, 0.7389250384091177, 0.5062594330195357
-0.548643615893926, 0.6649399685394415, 0.5021956404776815
-0.6439125065395548, 0.5741347676286669, 0.5013173218852469
-0.7223016715891648, 0.4681953970988847, 0.5051409013036692
-0.7838433116528863, 0.35151351694079447, 0.5082176810551733
-0.8291598030151801, 0.22759509338301204, 0.5068168331512535
-0.8565491959232787, 0.0986802517979238, 0.502634104951873
-0.8628663826954351, -0.03289339280744287, 0.5008779602117185
-0.8460313221554484, -0.16371039086245465, 0.504580473315492
-0.8091470150768515, -0.2904346740357145, 0.5082181476017227
-0.7555494956940838, -0.4110946991741945, 0.507374341358159
-0.685957107122513, -0.5231437741547975, 0.5030723281458737
-0.5996254573226364, -0.6228845018405227, 0.5004388373174721
-0.4967536366295894, -0.7056913419973397, 0.5040199443784995
-0.382056509622794, -0.7711999886954968, 0.5082186031601934
-0.25953677816941756, -0.8207212701971524, 0.5079319406786896
-0.13157240392496264, -0.8533757411533467, 0.5035103385712629
0.0, -0.8660254037844387, 0.49999999999999983
-1.2592659392331872e-15, -0.8660254037844388, 0.49999999999999983
0.1315721395716792, -0.853372687167289, 0.5035099860410636
0.2595362814590274, -0.8207192844869281, 0.5079308710247709
0.3820581878970478, -0.7712039688663912, 0.5082191135846381
0.49676022033867295, -0.7057026572764069, 0.504017237540412
0.5996241823420023, -0.622882984906385, 0.5004386425259999
0.6859450120824775, -0.5231336023672517, 0.5030704288923384
0.755547243314721, -0.411093297995751, 0.5073704931917995
0.8091578412480591, -0.2904391035238539, 0.5082195651749136
0.8460546343997437, -0.16371657115985316, 0.5045745884820948
0.8628588570526141, -0.03289274373333308, 0.5008770736979626
0.8565245539009836, 0.09867812536356359, 0.5026311045657483
0.8291625589589628, 0.22759593668808328, 0.5068100003180299
0.7838609330430575, 0.35152086883887157, 0.5082200116132374
0.7223267924028615, 0.4682099525680139, 0.5051320487135634
0.6438995915326524, 0.574123902902731, 0.5013152895813733
0.5486243257859873, 0.6649170358379266, 0.5021920020800632
0.43965194271933233, 0.7389376284669309, 0.5062493967042572
0.3209820944851496, 0.7965145083554225, 0.5082204619759688
0.19565813742767152, 0.8376156259913653, 0.5056896241121629
0.06578483372831236, 0.8596847604070716, 0.5017532306205434
-0.0657847659312712, 0.8596839812743751, 0.501753142164658
-0.19565872012566382, 0.8376177883234508, 0.5056886893090936
-0.320983507909292, 0.7965179261221689, 0.5082209130446048
-0.4396534674493825, 0.7389403034170503, 0.5062473043453554
-0.5486188698890626, 0.6649105470073335, 0.5021909582640651
-0.6438948234204774, 0.5741198945978917, 0.5013145225423867
-0.7223386842909207, 0.4682168339116668, 0.5051278677304826
-0.7838711638332789, 0.35152513643516586, 0.5082213615303907
-0.8291646651225498, 0.22759657785223208, 0.5068050954564638
-0.8565030817215743, 0.09867626696839453, 0.5026284694821677
-0.8628509648071423, -0.03289206077991369, 0.5008760962165633
-0.8460849939353237, -0.1637246386820125, 0.5045669376731571
-0.8091749508525643, -0.29044610789685754, 0.5082218190012294
-0.7555431428697836, -0.41109073889127035, 0.5073630037474182
-0.685915654926145, -0.523108921779237, 0.5030657312968051
-0.5996204383478609, -0.6228785322519821, 0.5004379128642271
-0.4967879964272423, -0.705750461722267, 0.5040058987878228
-0.38206824027446545, -0.7712278466735419, 0.5082222767059164
-0.2595319027853632, -0.8207018090547364, 0.5079210221701858
-0.1315670591165731, -0.8533139824237345, 0.5035027605111625
0.0, -0.8660254037844392, 0.4999999999999991
-1.2714056877256027e-15, -0.8660254037844392, 0.4999999999999991
0.13156679042163194, -0.8533108968008027, 0.5035023902791347
0.25953142085645786, -0.82069988453526, 0.5079199349368039
0.38206995448719977, -0.7712319160872573, 0.5082228039684356
0.49679479160995144, -0.7057621707045445, 0.504003089903817
0.5996191194285896, -0.6228769594420626, 0.5004377176757384
0.6859033402796756, -0.5230985775571462, 0.5030637561130379
0.7555410547855796, -0.4110894315953701, 0.5073590577212935
0.8091859166406546, -0.2904505964244266, 0.5082232485104123
0.8461090840696731, -0.1637310543422787, 0.5045608334904805
0.862843251932266, -0.032891389436590805, 0.5008751846488709
0.8564779682865208, 0.09867408427111206, 0.5026253556043994
0.829167844874169, 0.22759754349982447, 0.5067980643976896
0.7838889768613266, 0.35153256654156306, 0.50822369917467
0.7223647420160166, 0.46823189216653494, 0.5051186991894204
0.6438816585227568, 0.5741088344326143, 0.5013124056311973
0.5485992024799647, 0.6648871355257104, 0.5021871928798749
0.43966104223213476, 0.7389536210577137, 0.5062369528302952
0.32099371622651407, 0.7965426290560187, 0.5082241514716441
0.19566626976184606, 0.8376457825890667, 0.5056766856857025
0.06578212113339912, 0.859653541036609, 0.5017493743173573
-0.06578205413774713, 0.8596527775702443, 0.5017492776266247
-0.19566687802454685, 0.8376480353534437, 0.5056757220255615
-0.32099514033067433, 0.7965460767878637, 0.5082246012294277
-0.43966264225354246, 0.7389564389622347, 0.5062347881747569
-0.5485936092494285, 0.6648804739102215, 0.5021861191506577
-0.643876806941988, 0.5741047614969039, 0.5013116062870238
-0.7223770600386519, 0.4682390022017173, 0.5051143673881405
-0.7838993022286054, 0.35153687394111, 0.5082250474678249
-0.8291702420123266, 0.22759827058641308, 0.5067930110678988
-0.8564560321254078, 0.09867217141294846, 0.5026226303888606
-0.8628352250611427, -0.03289068914501816, 0.50087416441915
-0.8461404291615794, -0.16373942081937598, 0.5045528941615918
-0.8092031884845464, -0.2904576683104714, 0.508225501166881
-0.7555372189783567, -0.4110870205340472, 0.5073513593228782
-0.6858733370986047, -0.5230733877660212, 0.5030588949001106
-0.5996153106397653, -0.6228724230843108, 0.5004369584706172
-0.4968233486299586, -0.7058114431149096, 0.5039913016381541
-0.3820800858796907, -0.7712559868835873, 0.5082259535313282
-0.2595270684071147, -0.8206825223877734, 0.5079098256936851
-0.1315615553887398, -0.8532508856264458, 0.5034949210401252
0.0, -0.8660254037844395, 0.49999999999999856
-1.2838883452629788e-15, -0.8660254037844395, 0.49999999999999856
0.13156128811653586, -0.8532478259984647, 0.5034945232789415
0.25952660756253193, -0.8206806869810603, 0.5079087252723841
0.38208183731588363, -0.771260151737337, 0.5082264996207739
0.4968303680791264, -0.7058235724201726, 0.5039883860406876
0.5996140407858348, -0.622870909952381, 0.5004367215442415
0.6858608179067684, -0.523062884906175, 0.5030568399675681
0.755535321030211, -0.41108582366024626, 0.50734731561895
0.8092143056974814, -0.2904622228001721, 0.5082269463470837
0.8461653492845738, -0.16374608978940142, 0.5045465601193707
0.8628274446781874, -0.032890008597935796, 0.5008731913231314
0.856430442929491, 0.09866993031207708, 0.502619403131032
0.8291738800602042, 0.2275993669206721, 0.5067857764427893
0.7839173186068358, 0.3515443848272571, 0.5082273947909899
0.7224041018266832, 0.46825458488185967, 0.5051048654005835
0.6438633559108166, 0.5740934757825966, 0.5013094109566774
0.5485735765413844, 0.6648565953724421, 0.5021822143144655
0.43967063401796636, 0.7389705226514858, 0.5062241069770088
0.32100545481330217, 0.7965710293483883, 0.5082278429048142
0.195674781509608, 0.8376771965886318, 0.505663301164577
0.06577933023565491, 0.8596216684992086, 0.5017453806392298
-0.06577926377130475, 0.8596209187518778, 0.5017452758293943
-0.19567541538549782, 0.8376795392720348, 0.5056623062006316
-0.32100688866732335, 0.7965745052902903, 0.50822829045149
-0.43967231415481656, 0.7389734933188574, 0.5062218670446239
-0.5485678468791646, 0.6648497617811292, 0.5021811071569805
-0.6438584053709604, 0.5740893259272112, 0.5013085835058592
-0.7224168558835268, 0.4682619279873149, 0.5051003743170754
-0.783927729602637, 0.3515487287408191, 0.5082287376469085
-0.8291765740920296, 0.22760018293560286, 0.5067805645096716
-0.85640802438231, 0.09866796011233939, 0.5026165824005148
-0.8628192205973556, -0.032889284698156204, 0.5008721436915708
-0.846197701848826, -0.16375476470297495, 0.5045383145905318
-0.8092317377753528, -0.2904693619128108, 0.5082291960304831
-0.7555317675225335, -0.411083570250327, 0.5073393985596198
-0.6858301556277618, -0.5230371774809026, 0.5030518075161527
-0.5996101667377154, -0.6228662900472984, 0.5004359315089186
-0.4968597252634323, -0.7058743571914972, 0.5039761211444445
-0.38209205303696825, -0.7712844306486897, 0.5082296388510836
-0.25952229784221353, -0.8206635016920061, 0.5078983536459454
-0.13155589981556048, -0.8531865403744506, 0.5034867897398814
0.0, -0.86602540378444, 0.49999999999999784
-1.296728649110302e-15, -0.8660254037844399, 0.4999999999999977
0.13155562637895624, -0.8115678595201512, 0.5034863753445256
0.2595218460283361, -0.740598891291554, 0.5078972278054544
0.3820938272935663, -0.6584132457924461, 0.5082301905881591
0.4968669577841337, -0.5681413960935191, 0.5039730893826241
0.5996088381809783, -0.47094783763455417, 0.5004356997595205
0.6858173505236302, -0.36995480991376095, 0.5030496809774576
0.7555300107878197, -0.2707137334277221, 0.5073352359639667
0.8092429437721873, -0.17711455546208482, 0.5082306339372158
0.8462234100527182, -0.09186081376864419, 0.504531733026667
0.8628112760201022, -0.016845908301106285, 0.5008711372782921
0.8563818788842413, 0.04572482477960148, 0.5026132421202834
0.8291806563766211, 0.09437040349198646, 0.506773104128784
0.7839459144407506, 0.12861296668447392, 0.5082310816287386
0.7224448856060381, 0.14846762408826253, 0.5050905203968232
0.6438446489680345, 0.15402823120201808, 0.501306316307418
0.5485474105927522, 0.14595234864101814, 0.5021770594887007
0.4396807347443991, 0.12615980386201497, 0.5062108315844999
0.32101730372137327, 0.09713210666343508, 0.5082315308864742
0.195683687521721, 0.06127921818347515, 0.5056494503888465
0.06577646251539142, 0.020981990086050395, 0.5017412365772619
-0.06577639086758369, -0.020949134080152365, 0.501741133344123
-0.19568435510900384, -0.06131266623635395, 0.505648418630444
-0.32101875683306036, -0.09716094086109506, 0.5082319814223095
-0.43968251319882856, -0.12617823834188813, 0.5062085206914575
-0.5485415816856295, -0.14592070200040969, 0.5021759070319337
-0.6438395604659699, -0.15401234547406448, 0.501305467729179
-0.7224581287822093, -0.14849159717094287, 0.5050858616390274
-0.7839564451701999, -0.12862496877334473, 0.5082324297620909
-0.8291836997957732, -0.09437261331457772, 0.5067677348832496
-0.8563590318947029, -0.04572045475218245, 0.5026103101867384
-0.8628028204816767, 0.016844448914692833, 0.5008700688686261
-0.8462567982485371, 0.09187684496200717, 0.504523162987416
-0.8092605312450336, 0.17712636872731025, 0.5082328776299585
-0.755526753324177, 0.27071056143907746, 0.5073270875850827
-0.6857859873287746, 0.36991769743187586, 0.5030444728420459
-0.599604836501959, 0.47094149938885266, 0.500434902175137
-0.4968971687922049, 0.5682065099198779, 0.5039603248954204
-0.38210414835026973, 0.6584420001064375, 0.5082333374676516
-0.2595176000188947, 0.7405801383240669, 0.5078865952113703
-0.13155008662063464, 0.8115021342452042, 0.5034783549101457
0.0, 0.8660254037844404, 0.49999999999999717
0.0, 0.8660254037844404, 0.49999999999999717
0.1315497916667376, 0.853117607850192, 0.5034779464297554
0.2595171361631226, 0.8206429272849592, 0.5078854228946037
0.38210592081634315, 0.7713174096216215, 0.5082338712556923
0.4969046072202781, 0.7059522113905683, 0.5039571675267998
0.5996035391791176, 0.6228583717346798, 0.5004346376445257
0.6857728986601767, 0.5229892423076963, 0.50304227310488
0.7555251598548676, 0.4110793323589325, 0.5073228039155901
0.8092718474525329, 0.29048579484819587, 0.5082343149534558
0.8462833787464288, 0.16377784955062194, 0.5045163238863043
0.862794802055697, 0.032887121383484826, 0.5008689997348835
0.8563322630842953, -0.09866124618785359, 0.5026068655088385
0.8291882379924516, -0.2276036938367123, 0.5067600349121056
0.7839747938657174, -0.3515683498890313, 0.5082347677258083
0.7224871976653761, -0.46830229907901477, 0.5050756372355552
0.6438255405212041, -0.5740618122200623, 0.5013031066159053
0.5485207005857502, -0.6647934471472812, 0.502171723596334
0.43969137284340354, -0.7390072291963876, 0.5061971098748403
0.3210292678928143, -0.7966286515640971, 0.5082352164115626
0.19569301068525907, -0.8377440079207683, 0.5056351043781003
0.06577350972165902, -0.8595559876806136, 0.5017369437475976
-0.06577343408972762, -0.8595551361573546, 0.5017368423923183
-0.1956937165694376, -0.8377465743397043, 0.5056340345622208
-0.3210307423715112, -0.7966322127896925, 0.5082356700760873
-0.4396932553092675, -0.7390105653956676, 0.5061947241242787
-0.5485148049396401, -0.6647863925335002, 0.5021705104662265
-0.6438202824110505, -0.5740574150014968, 0.5013022496222695
-0.722500922175631, -0.4683101525136798, 0.5050708005356108
-0.7839854242667785, -0.3515727796681343, 0.508236113231351
-0.8291916304210605, -0.22760471243238983, 0.5067544943147151
-0.8563089605748659, -0.09865916278148276, 0.5026038171308288
-0.8627860472369839, 0.03288633912667831, 0.5008679263713909
-0.8463178368471646, 0.16378717899031395, 0.5045074100054207
-0.8092895961289286, 0.2904930698364978, 0.5082365533634641
-0.7555222331404083, 0.4110774289577878, 0.5073144167500234
-0.6857408481198328, 0.5229624522988221, 0.5030368748245164
-0.5995994047275213, 0.6228534280343235, 0.500433832771232
-0.49693568922462833, 0.7060062776867272, 0.5039438719105778
-0.38211633961858527, 0.7713422013459075, 0.5082370175041432
-0.2595129576302769, 0.820626274785743, 0.5078745144084161
-0.13154409439098888, 0.8530538176828432, 0.503469628139482
0.0, 0.8660254037844408, 0.4999999999999963
0.0, 0.8660254037844408, 0.4999999999999964
0.13254713222006914, 0.8116604782332594, 0.5035018758093894
0.2633426310612859, 0.7420757434536845, 0.5078918293861202
0.3901736524841688, 0.6630396387264946, 0.5079354449204116
0.5094515549672656, 0.5789154652188434, 0.5036092916809427
0.6153774229241167, 0.49114096802558554, 0.5010500449430311
0.703205540365932, 0.40242819902525573, 0.5037974809698815
0.7721311502776785, 0.31813022973619226, 0.5066626545061628
0.819586234579755, 0.24166451699950725, 0.5068365619544467
0.8435121635965717, 0.17430907304491206, 0.5048710122115004
0.8411678040300569, 0.1164247274603131, 0.5026657784120678
0.8101999774865785, 0.06850022718953769, 0.5027029688406979
0.752004561280122, 0.02949432509546998, 0.5052395215785762
0.6692624072660107, -0.002567054976856109, 0.5078019438424536
0.5655999130196645, -0.02851677195238339, 0.506062048099827
0.4423285693337396, -0.050570818992022704, 0.5017209765104185
0.3344537974504525, -0.09895795802523782, 0.5013221930826752
0.2573840730317512, -0.17939741639603468, 0.5036227841930119
0.18009337541895373, -0.2554034751729698, 0.5046209151488125
0.10500875667547205, -0.32825108608043524, 0.5030195046620469
0.033688083727510136, -0.3976971486150576, 0.5008885085372016
-0.032083888941716994, -0.4639693507544951, 0.5008462011002989
-0.09068938513164451, -0.528661121628653, 0.502607754456782
-0.1409426456089255, -0.5944345471298299, 0.5036163704041934
-0.18231372326833897, -0.6638795618205852, 0.5025661393111394
-0.21405044995035383, -0.7381612444100989, 0.5008461946733539
-0.29457312123890295, -0.7533527218761751, 0.5020289503623023
-0.41989230452280923, -0.6996980595726097, 0.5069873263125546
-0.5368789988964883, -0.6230873431985635, 0.5072996094782783
-0.6426527750687883, -0.5269514524820076, 0.5030988260351228
-0.7305805049344894, -0.41016643703672573, 0.5028772442280379
-0.7957775664928279, -0.27581412504130853, 0.5064425313725944
-0.8363071828109336, -0.12928073527165512, 0.5058090957905746
-0.8517451869181325, 0.024296178767242084, 0.5024592204337851
-0.83619676698663, 0.180746426538828, 0.5041570009331706
-0.7876496701368412, 0.3331882350624414, 0.5074792244428853
-0.71320450726629, 0.4773875686029356, 0.5048717047290413
-0.6126758531411906, 0.6073972163994293, 0.500862221487504
-0.4841650066174392, 0.7133951643024707, 0.5044137826130763
-0.3341957401750689, 0.7911534703188474, 0.5082230634556159
-0.17167150065929673, 0.8442263671276236, 0.5047675549456377
0.0, 0.8660254037844412, 0.49999999999999556
-1.3375560473382738e-15, -0.8660254037844414, 0.49999999999999556
0.17267507459194836, -0.8028332944409444, 0.5047995988328634
0.3380262303111602, -0.7126023897405962, 0.5082411487410111
0.4922242165087059, -0.6050854951105966, 0.5041106335953341
0.625187066870641, -0.4803004279611487, 0.5005291036303897
0.7289875238558785, -0.3456731471511766, 0.5054861542607954
0.8051252246093984, -0.21265757335707275, 0.5082415093321813
0.852794155011617, -0.08780064522366886, 0.5035057867564033
0.8620318311141195, 0.024535290243603687, 0.5010579399649818
0.83349319306837, 0.11876126259561634, 0.5061728821047828
0.7741706178468777, 0.19227261232647874, 0.5082418694389115
0.6844727291413153, 0.2430189061683191, 0.5029759935113287
0.5654575258163521, 0.2698592134738985, 0.5015864966537618
0.4221481925902083, 0.2740759846300819, 0.5068597830459952
0.26297518535390463, 0.25990342907517544, 0.5079794998508695
0.09308745122701903, 0.2298902016878014, 0.5024464731700833
-5.029651791960638e-16, 0.17234481404858937, 0.49999999999999517
-4.779317494751226e-16, 0.10425783631060342, 0.49999999999999517
-4.462549369988052e-16, 0.05319264736219323, 0.4999999999999951
-4.0793474176711187e-16, 0.01914924720335967, 0.4999999999999951
-3.629711637800428e-16, 0.0021276358341011797, 0.49999999999999506
-3.113642030375979e-16, 0.0021278132544190545, 0.499999999999995
-2.531138595397768e-16, 0.019149779464312677, 0.499999999999995
-1.8822013328658012e-16, 0.053193534463782194, 0.499999999999995
-1.1668302427800704e-16, 0.10425907825282815, 0.49999999999999495
-3.850253251405804e-17, 0.1723464108314498, 0.49999999999999495
-0.09308669997411065, 0.22984053254067816, 0.5024447007482897
-0.2629740024562, 0.2598822100760731, 0.5079755282362636
-0.42214986570766655, 0.27408160114690633, 0.5068546108885088
-0.565449368661099, 0.26983347397283924, 0.5015847053404271
-0.6844516098557031, 0.24297920430952688, 0.5029722549781118
-0.7741859661785555, 0.192283977910933, 0.5082437356686554
-0.833506745698912, 0.11876701673791068, 0.5061644546401636
-0.8620187743629714, 0.024532430158122058, 0.5010561855694963
-0.8527474466042632, -0.08779498729104782, 0.5034995248368923
-0.8051460218529081, -0.21267041055478936, 0.5082440979601561
-0.7290152706638217, -0.3456945916290217, 0.5054741263355581
-0.6251801588736421, -0.48029384420000115, 0.5005279469754242
-0.49225690480613726, -0.6051531954409942, 0.5040955344005444
-0.3380371613295517, -0.7126321484276289, 0.5082444689924637
-0.17269010012385413, -0.8028913587623804, 0.5047836236624812
0.0, -0.8660254037844417, 0.49999999999999456
0.0, 0.8660254037844417, 0.4999999999999946
0.1726908856103683, 0.8440652493766914, 0.5047827876245347
0.338038347627931, 0.7896733153852991, 0.5082448264468287
0.4922625926499822, 0.7088930540004058, 0.5040928897151301
0.6251783544835722, 0.5967287639815975, 0.5005277019392261
0.729024376707888, 0.4572082201173687, 0.5054701738910282
0.8051547475716095, 0.30067122851353245, 0.5082451968704671
0.852722688169645, 0.1333187520037357, 0.5034962607012601
0.8620102791723133, -0.04023353706304756, 0.5010550599566256
0.83351763799025, -0.21171422372323956, 0.5061577482414428
0.7742007447864696, -0.37540899602394945, 0.5082455451700952
0.6844267236586475, -0.5243355939534107, 0.5029678750795407
0.5654377270700113, -0.6507853605109455, 0.5015821298549129
0.42215290624409485, -0.7491535773953224, 0.5068455051992613
0.2629714518063099, -0.819644198550844, 0.5079668467354461
0.09308457536595122, -0.8567274858446552, 0.5024397845482694
-1.294385084904737e-15, -0.7851314089343768, 0.4999999999999942
-1.1579201028089752e-15, -0.6106577915791616, 0.4999999999999943
-1.021381981132451e-15, -0.43618415745013095, 0.4999999999999942
-8.847707198751634e-16, -0.26171050654728495, 0.4999999999999942
-7.480863190371139e-16, -0.08723683887062399, 0.4999999999999942
-6.113287786183015e-16, 0.08723684557985226, 0.4999999999999942
-4.744980986187267e-16, 0.26171054680414363, 0.49999999999999417
-3.3759427903838965e-16, 0.4361842648022495, 0.4999999999999941
-2.0061731987728966e-16, 0.6106579995741712, 0.4999999999999941
-6.356722113542701e-17, 0.7851317511199081, 0.4999999999999941
-0.09308377316575475, 0.856713851594363, 0.5024379507145473
-0.26297027403878104, 0.8196375507822814, 0.5079627602448159
-0.4221547404648174, 0.7491559565183641, 0.5068401667999952
-0.565429396870325, 0.6507744922585402, 0.501580268600522
-0.6844051203405093, 0.5243168820175976, 0.5029639984425576
-0.7742162249650074, 0.37541487253832373, 0.5082474037850283
-0.8335319158795873, 0.2117176928774079, 0.506149018379598
-0.8619970140349065, 0.040231783498678675, 0.5010532215527085
-0.8526749122046232, -0.13331488727977361, 0.5034897794629376
-0.8051757653955394, -0.3006803783019316, 0.5082477852955104
-0.7290532941151526, -0.45722504240308165, 0.5054576828928424
-0.6251713417404801, -0.5967233881840072, 0.5005264910445935
-0.49229627814227306, -0.7089527521797219, 0.5040771368905499
-0.33804938511385885, -0.7897004167082499, 0.5082481356293789
-0.1727065202180506, -0.8441224063201125, 0.5047661560461703
-0.0, -0.8660254037844424, 0.49999999999999384
0.0, 0.8660254037844423, 0.4999999999999938
0.17262871319799922, 0.8437379576222223, 0.5054188679846924
0.33774380266163734, 0.7889893629336527, 0.5095235126146974
0.4916191726875768, 0.7079867681825954, 0.5060447001149907
0.6240019096358516, 0.5956109422443079, 0.5032185152168168
0.7273947742870754, 0.4561853455094292, 0.5087055379525702
0.8029956518846711, 0.29987682778745495, 0.5120738953958459
0.849897231966473, 0.13289792709107853, 0.5081024931797692
0.8587802049284611, -0.040070566942530805, 0.5064171069927309
0.8301233260208011, -0.21084265497639482, 0.5119668904254708
0.7707390409202649, -0.3736982311439777, 0.5146242601341796
0.6809235853233808, -0.5216052271522289, 0.5102403288532262
0.562284946287265, -0.6471170432326421, 0.509595808575697
0.4196825414840309, -0.744717738202956, 0.515202928956688
0.261349876839348, -0.8144139133272938, 0.5169001358187231
0.09249257667281152, -0.8507227231521561, 0.5123980850933373
-1.2988049902148715e-15, -0.7793101380704708, 0.5108085827325315
-1.1613221265917573e-15, -0.6058470828988691, 0.511484119153315
-1.0238945929217437e-15, -0.43254575591355854, 0.5121596555740987
-8.865223892048294e-16, -0.2594061571145393, 0.5128351919948824
-7.492055154410159e-16, -0.08642828650181197, 0.5135107284156659
-6.119439716303021e-16, 0.08638785592462436, 0.5141862648364496
-4.747377577726887e-16, 0.259042270164769, 0.5148618012572331
-3.3758687386817585e-16, 0.43153495621862126, 0.5155373376780168
-2.0049131991676289e-16, 0.6038659140861828, 0.5162128740988005
-6.34510959184504e-17, 0.7760351437674523, 0.5168884105195841
-0.09205983993401809, 0.8463428583845998, 0.5197040182836613
-0.259846403792852, 0.8095700301803579, 0.5252032122657526
-0.416828176939804, 0.739594336234142, 0.5248576092628827
-0.5578386230349086, 0.6419464956483545, 0.520953027865856
-0.6749316702187971, 0.5169401959913, 0.5228124031284991
-0.763421481530806, 0.37008740193286377, 0.5280138016531655
-0.8213981974860279, 0.2086029654957739, 0.5268435167854452
-0.8487408059126106, 0.03956849586011707, 0.5231811265068467
-0.8392309930262672, -0.13129351537703626, 0.5259008838864905
-0.792437482895167, -0.29598389550991383, 0.5305641988950585
-0.7170829262223444, -0.4497223646359729, 0.5288547325613377
-0.6143604962347168, -0.5864381651327888, 0.5254291349529739
-0.48368552603713644, -0.696656562530806, 0.5290152900435965
-0.3320793760826946, -0.7758074696611983, 0.5331145687766683
-0.16957867387863704, -0.8286875044475966, 0.5308912634470868
0.0, -0.8494326832143148, 0.5276969932521215
0.0, 0.8494326832143148, 0.5276969932521218
0.16927679226316616, 0.827199717701951, 0.5331876518154739
0.3308999899484392, 0.7730648654663739, 0.5376033996550674
0.4810608466443687, 0.6929102525508567, 0.5359356721049549
0.6098613349705274, 0.5821621631384832, 0.5348726751151027
0.7106719070101268, 0.44571121296510885, 0.5402846462942996
0.7840257024480924, 0.29288988258136195, 0.5440306910662767
0.8286161656466576, 0.12970737461425846, 0.5421118937967341
0.8363850332021261, -0.03893730529825505, 0.5420036757115779
0.8082577648335911, -0.20521083501421855, 0.5473237119637656
0.750015093889029, -0.36345023691394107, 0.5504579609420847
0.661628485040158, -0.5065482644629142, 0.5483755890697055
0.5457950512959806, -0.6278944916981256, 0.5490900465348552
0.4073437939158299, -0.7224910396468027, 0.5543048399565121
0.2536639655908454, -0.7895149012779065, 0.5566854820646846
0.0898444489750195, -0.8233936178033681, 0.5546839062777102
-1.2683056832215246e-15, -0.7536707965952758, 0.5547916481307666
-1.1329214764177448e-15, -0.5853842657980234, 0.556485064060682
-9.978505901391759e-16, -0.41755723864768834, 0.5581784799905974
-8.630930243858186e-16, -0.2501897151442713, 0.5598718959205127
-7.28648779157673e-16, -0.08328169528777228, 0.561565311850428
-5.945178544547388e-16, 0.0831668209218093, 0.5632587277803436
-4.607002502770158e-16, 0.24915583348447295, 0.5649521437102589
-3.271959666245049e-16, 0.4146853424002183, 0.5666455596401743
-1.9400500349720477e-16, 0.5797553476690467, 0.5683389755700896
-6.112736089511656e-17, 0.7443658492909566, 0.5700323915000051
-0.08865256957176651, 0.8109440403828859, 0.5730298912202864
-0.24942660776216108, 0.7757361667200235, 0.5776159414079413
-0.3992546436787983, 0.7078798675887197, 0.5786277331803993
-0.5331796531496059, 0.6131580328962967, 0.5775936050952186
-0.644642284443495, 0.4932636836967787, 0.579958100464459
-0.729179149351853, 0.35312298139677223, 0.5842011439007592
-0.7834017909109467, 0.19878174595754178, 0.5847853600674412
-0.8078127149339169, 0.03746690869549582, 0.5840601198439
-0.7983397604666702, -0.12519384265508626, 0.5868416719860657
-0.7539268417073013, -0.28182837901343594, 0.5906284239800298
-0.681235471996335, -0.42730507316703226, 0.5910009168539216
-0.5823847759536532, -0.5560580163949242, 0.5905712599144366
-0.45837319874208454, -0.6605334468085825, 0.5937028672701377
-0.31474576847895014, -0.7355085683093493, 0.5970557104804727
-0.16055345148437755, -0.7842264966543238, 0.5972744026765837
-8.881784197001252e-16, -0.8021466764146754, 0.5971270463786494
0.0, 0.802146676414675, 0.5971270463786503
0.16006043284736382, 0.7462484840597714, 0.600572848772107
0.31282171969187766, 0.6643611732495064, 0.603518944610455
0.45408873333256833, 0.5648379182880833, 0.6036377146895868
0.5750515295633002, 0.4488105474383556, 0.6040899816894056
0.6707749946259121, 0.32440505914412227, 0.607427300063762
0.7402072893082678, 0.20047105315382346, 0.6100181456732994
0.7810635371227792, 0.0830708277229645, 0.6101008078819864
0.7876876245032163, -0.023135781895030745, 0.6110167284917682
0.7619831989174745, -0.11314222604383062, 0.6142343263293935
0.7073291162475371, -0.18427794709945844, 0.6165173367081027
0.623012969653026, -0.23427338985672458, 0.6166192470641214
0.5135984275583152, -0.26243542417381654, 0.6179073077191709
0.3838431623045557, -0.26959302819961695, 0.620993922901246
0.23940791623595803, -0.2591033804262291, 0.6229394137421427
0.08511618290295495, -0.23340488381082974, 0.6231738513514029
-7.505981694065318e-16, -0.1795954673474407, 0.6242687727770746
-6.443997803363487e-16, -0.11303537922119725, 0.6259651306769762
-5.445492631239921e-16, -0.061703853586143165, 0.627661488576878
-4.510466177694629e-16, -0.025600890442279117, 0.6293578464767795
-3.6389184427276007e-16, -0.004726489789604764, 0.6310542043766811
-2.830849426338841e-16, 0.0009193483718800341, 0.6327505622765828
-2.0862591285283514e-16, -0.008663375957825223, 0.6344469201764844
-1.4051475492961307e-16, -0.03347466277872008, 0.636143278076386
-7.875146886421752e-17, -0.07351451209080473, 0.6378396359762876
-2.3336054656648946e-17, -0.1287829238940787, 0.6395359938761892
-0.08371471870115436, -0.17767422198565974, 0.641600103327078
-0.23434220521566224, -0.20684826003096718, 0.6440950375417144
-0.37414984857372163, -0.22151140114911252, 0.645555090824439
-0.49847381761703635, -0.21968515208363326, 0.6465148202037724
-0.6026398093501837, -0.1997885600936096, 0.6483605020476234
-0.6822796578188098, -0.15996953336656847, 0.6506380998788508
-0.7321027787848793, -0.09928521981818936, 0.6520311328564385
-0.753369603566154, -0.02017855848514475, 0.653199617765489
-0.7447047217692115, 0.0748899628845659, 0.6550847332189851
-0.7039943036586175, 0.18169483004399647, 0.6571372963955806
-0.6353568727595547, 0.2951686962295843, 0.6585546013532358
-0.542030552300971, 0.4098755025298046, 0.659920584842659
-0.4267909020742473, 0.5192331841137009, 0.6617770689658264
-0.2933810638011623, 0.6143092864219575, 0.6636364919223505
-0.1495560948615119, 0.6919206343007275, 0.6651254955605381
0.0, 0.7453461057048889, 0.6666777202746139
-1.2053225564425406e-15, -0.745346105704889, 0.6666777202746139
0.1481694692049605, -0.6947112464494334, 0.6684539315993455
0.28805584413119417, -0.6185549858326868, 0.6701775561804397
0.41542456386954324, -0.5228571671280471, 0.6716993305485736
0.5235674436146971, -0.40972514509080726, 0.6733798434405287
0.6100144775468758, -0.2875301300948031, 0.6752527691543279
0.6732456783861138, -0.16267096992500835, 0.6769252088419654
0.7113416515183878, -0.04084680277093266, 0.678313490889727
0.7220234153156706, 0.07211323511466722, 0.6798806724513416
0.708169498057347, 0.17069011085078242, 0.6818199208337437
0.6714224648279848, 0.25120727067474474, 0.6837438111478302
0.6122748924953029, 0.3092423383348132, 0.6852097559424588
0.5360060464670187, 0.3435713076581168, 0.6865860178990326
0.4457819452842399, 0.3540801686793373, 0.6882176054972726
0.3446756641045142, 0.3411183419146649, 0.690145149612431
0.23620827875049327, 0.3038944487844175, 0.6920339049429189
0.1675125218775414, 0.20960643868998394, 0.6936105659126856
0.1432763065710503, 0.06711035945621163, 0.6949048658754209
0.11113555530246869, -0.06475449999078234, 0.6963473665980728
0.07148192331166439, -0.18410325954047724, 0.6982865343340376
0.02523857338597782, -0.28963279451182916, 0.7003941212110417
-0.02650049906893581, -0.38126430543054723, 0.7020799387899235
-0.08276854886697796, -0.45796230521112374, 0.7032774005323437
-0.14200655127926043, -0.5174682618997368, 0.7045889341577498
-0.20227243692609187, -0.5587395704191919, 0.7065278065915976
-0.26173831587911645, -0.5817076859029142, 0.7087602881625719
-0.3494384021669165, -0.5547964143839316, 0.7105924491053733
-0.45219391014389754, -0.48410498138652247, 0.7117503437696855
-0.538127763561088, -0.39443872367244315, 0.7128824088416333
-0.6043014590663383, -0.29085193839897927, 0.7147460272875723
-0.6492906299429689, -0.17781030759945105, 0.7171172059692226
-0.6736718994927268, -0.059439341014954294, 0.7191450308286538
-0.6768872427542835, 0.06065985562151733, 0.720150006329497
-0.6583851571243301, 0.1778112746882563, 0.7210760476271014
-0.6190148451261498, 0.2879794963944722, 0.72292616750194
-0.5608403205117628, 0.38776473081844476, 0.7254476214204282
-0.48830992306584126, 0.47576869558904344, 0.7276541227998483
-0.40426813861191746, 0.5504861674184276, 0.7285880897250945
-0.31011510023824473, 0.6085178283329881, 0.7293196817928049
-0.20897995518677132, 0.6482459888840459, 0.731069688937258
-0.10459543558988865, 0.6701751844383356, 0.7337102992117863
1.3877787807814457e-17, 0.6767540871017957, 0.7362091452780352
0.0, 0.6767540871017967, 0.7362091452780343
0.10386423444003942, 0.6382120547856021, 0.7370527017776447
0.206125686822654, 0.588207840357349, 0.7376838096984092
0.3037914666336389, 0.5279700808867059, 0.7393666089607739
0.3934872779807416, 0.46043926910180544, 0.7421264922303397
0.47282755598445353, 0.3890648963418941, 0.7443333647188766
0.5404823134491757, 0.31893297554623373, 0.745289945278038
0.5935606806716013, 0.2522309374269025, 0.746407599545995
0.6287794105535824, 0.18955912174088196, 0.748113571347715
0.645172713727669, 0.13250687717701137, 0.7501136335349593
0.6412239555611277, 0.08249917618777503, 0.7522155784434572
0.6174065103204359, 0.03932141028913201, 0.754070597082923
0.5754696649323132, 0.0032380466492467896, 0.7552433732713257
0.5152866838936385, -0.025412822317316064, 0.7560779186438432
0.4372696230501325, -0.04856083695980634, 0.7580735838359175
0.3441585777675735, -0.06961483932365711, 0.7610570954977751
0.26173831543365844, -0.1068012500856978, 0.7629924574245476
0.20227243280618873, -0.16628216370885235, 0.7641494843871102
0.14200654288648779, -0.22065172231336597, 0.7656001215917583
0.08276854278192719, -0.26997848649451206, 0.7676780966473719
0.02650050205527671, -0.3153051239515629, 0.7698701485584213
-0.025238570541843624, -0.358889937243894, 0.7715738365262089
-0.0714819285669355, -0.40176872543299647, 0.7728557630732671
-0.11113556187072553, -0.4440200677745529, 0.7743061043179272
-0.14327630948931508, -0.48694715051154636, 0.7762531135098136
-0.16751252216263451, -0.5324348654352316, 0.7783483228486043
-0.2270566848699811, -0.5370869280986321, 0.7795059778090673
-0.3158932345074593, -0.4988596551627287, 0.7794828251655044
-0.3965859269279519, -0.4407448028343146, 0.7812540756786964
-0.46632938220368736, -0.3671461030633637, 0.7844545902530562
-0.5253185533493793, -0.282935079583624, 0.7859917454310982
-0.570834038562361, -0.1888021300446261, 0.7862625349078445
-0.5954074780840735, -0.08476613488195359, 0.7883572420853595
-0.599900507859823, 0.023653089726686227, 0.7914103962323727
-0.5877078125581742, 0.13278866862219396, 0.7923661056160575
-0.5544915853622957, 0.23884683094331072, 0.7926721507269325
-0.4985421092178332, 0.3367364594231271, 0.795343422991777
-0.4238452117690957, 0.42320748655148527, 0.7986100235144452
-0.33532590989692745, 0.49741257037449293, 0.7989602479083551
-0.23239826652201517, 0.5521861180938629, 0.7991527241771443
-0.11892195949322662, 0.5838070903520053, 0.8021503951659615
0.0, 0.5923950301260305, 0.8056476452407588
-9.539790496655071e-16, -0.5923950301260323, 0.8056476452407575
0.11821674371194131, -0.5557845704229266, 0.8055223547157748
0.2296247493360219, -0.49790188226171617, 0.8058610178327932
0.3291888873131495, -0.42078376662135264, 0.809018320788571
0.41311092574177055, -0.3302502552069496, 0.8120905204718656
0.4822867644670632, -0.234841307177365, 0.8122612918042438
0.5323146440570466, -0.13592351411867246, 0.8129138630527272
0.5593858765896875, -0.03778493735323842, 0.8158611108877497
0.5652551286834739, 0.053349668894379296, 0.8182319239297857
0.5543599543825484, 0.1335030715041431, 0.8186678177351139
0.524101738248863, 0.19965837905415668, 0.8200816798305981
0.47446864603050887, 0.24710946282804078, 0.8231198025133051
0.41295300416452796, 0.2766942123317409, 0.8247591321380627
0.3420535659242072, 0.2894746833413724, 0.8248390576874945
0.2614864257999021, 0.28309713096198375, 0.8266006538237495
0.17481856577440805, 0.25520374680495256, 0.830209806273704
0.12005622608966994, 0.18345391416790083, 0.832379319986081
0.10308401367033149, 0.07212600696568494, 0.8333900156441807
0.080217988737322, -0.030745039974723026, 0.8346545395895917
0.051570349645058605, -0.12303647399803103, 0.8367580189807808
0.01818641706590648, -0.20447433524395126, 0.8391457668802772
-0.01909573655188616, -0.2762273899520263, 0.8408206701073653
-0.05971303752438324, -0.33769068239257727, 0.8416701839508417
-0.10250076779301254, -0.38599258025995525, 0.842712008203781
-0.14553037747778352, -0.41934769215335355, 0.8448133428999597
-0.18758785571212355, -0.43848149128811054, 0.8474158861744796
-0.2536125526021218, -0.418982644137165, 0.848943743091368
-0.3323422645459006, -0.36755257556413634, 0.8489436815147928
-0.3978324316750817, -0.3003997281487274, 0.8499532581423466
-0.44647681805461864, -0.22183011052577734, 0.8526460087703787
-0.4787250987623696, -0.13702763172849344, 0.8553289460493606
-0.49635385017152445, -0.04884481092400911, 0.8570549265067804
-0.4992261274674554, 0.04077995114937712, 0.8578845653719898
-0.4858673675674061, 0.12807717548704362, 0.8587523622825853
-0.4559971100356022, 0.20921566533072639, 0.860526187833332
-0.41111696805586806, 0.281452889112619, 0.8633666070473154
-0.3557891585628996, 0.3445800826329481, 0.8661420314803041
-0.29419520791756487, 0.3994149894342731, 0.8668210847943888
-0.22605591770329642, 0.44266132697212385, 0.8667688475324818
-0.15204214863187393, 0.4703346747114342, 0.8684955192690612
-0.07565562013801266, 0.4826886356611916, 0.8719311024520849
0.0, 0.4841162342193273, 0.8750036981437835
