5.684341886080802e-14, 37.960409094372984, -0.09999989999985255
-5.790694089561481, 37.47583327449646, -0.11219502195107207
-11.432879948337263, 36.11921739786336, -0.12439014390229157
-16.789161008045813, 33.907234808513564, -0.13658526585351108
-21.730111916175428, 30.893988531685974, -0.1487803878047306
-26.148558560792374, 27.16786578376172, -0.1609755097559501
-29.960034291404142, 22.832501306254063, -0.17317063170716962
-33.06748626082008, 17.977050856297886, -0.18536575365838914
-35.38193775009058, 12.705933836310589, -0.19756087560960867
-36.84540973596819, 7.145752181686551, -0.2097559975608282
-37.441444437746156, 1.43382363938832, -0.22195111951204768
-37.183042279809406, -4.296854097001482, -0.2341462414632672
-36.06629148033336, -9.91562394383448, -0.2463413634144867
-34.096318388145924, -15.286712009775208, -0.2585364853657062
-31.31534570116208, -20.278456481291233, -0.27073160731692575
-27.805362138349203, -24.780085331110577, -0.28292672926814527
-23.669412785784075, -28.70609995656662, -0.29512185121936474
-18.99866711843775, -31.964324385089025, -0.30731697317058426
-13.887705328982621, -34.45917927611732, -0.3195120951218038
-8.455360495855004, -36.12161171588767, -0.3317072170730233
-2.8368694125328773, -36.92665205151543, -0.34390233902424283
2.833791692417238, -36.886075267795476, -0.35609746097546235
8.427990302421453, -36.00389623547033, -0.3682925829266819
13.812906930370001, -34.27353631890318, -0.3804877048779014
18.854442046588282, -31.72245091951546, -0.3926828268291208
23.436326709371073, -28.424046827290802, -0.40487794878034034
27.47097661816082, -24.481609079132987, -0.41707307073155986
30.87541368238405, -19.992641886766506, -0.42926819268277944
33.5482855134756, -15.040832499974105, -0.44146331463399896
35.407281563148146, -9.735346103115374, -0.4536584365852184
36.41603359387361, -4.20913747741092, -0.46585355853643795
36.58493166016224, 1.4015067985675633, -0.4780486804876574
35.93203039061465, 6.969978729648946, -0.490243802438877
34.43888708419623, 12.367745159231351, -0.5024389243900965
32.11530277340202, 17.458067746583488, -0.5146340463413159
29.023918761202392, 22.1172817598567, -0.5268291682925356
25.269089472846044, 26.254663452087158, -0.5390242902437551
20.958974904873884, 29.800753721797797, -0.5512194121949746
16.16531557424952, 32.6492569575922, -0.5634145341461941
10.985709453554412, 34.70242118234195, -0.5756096560974135
5.5506280438024165, 35.90959262979402, -0.5878047780486331
0.0, 36.27961860115301, -0.5999998999998526
4.973799150320701e-14, 36.27961860115301, -0.5999998999998526
-5.540990628347942, 35.84675548360363, -0.6121950219510721
-10.947847150565703, 34.58248778979894, -0.6243901439022916
-16.081577608745707, 32.480380473947925, -0.6365852658535112
-20.81272490835681, 29.59337328506286, -0.6487803878047307
-25.04727845341209, 26.02433468470104, -0.6609755097559502
-28.720872042341064, 21.885789767513195, -0.6731706317071696
-31.72871849915944, 17.247403732464537, -0.6853657536583891
-33.966260825632624, 12.198237965213488, -0.6975608756096088
-35.372674350107516, 6.862272832328649, -0.7097559975608282
-35.94707888331858, 1.377413291197665, -0.7219511195120477
-35.72133459527357, -4.129627726025829, -0.7341462414632672
-34.67893345007073, -9.536024824819131, -0.7463413634144866
-32.804400778647434, -14.707100868422266, -0.7585364853657062
-30.133788167952826, -19.510939932553896, -0.7707316073169257
-26.7577664326685, -23.84506522814716, -0.7829267292681452
-22.78817440341701, -27.639598506123505, -0.7951218512193647
-18.30616824141784, -30.80274550670993, -0.8073169731705843
-13.391162212288986, -33.22682463870763, -0.8195120951218038
-8.156502158272282, -34.83684493048537, -0.8317072170730233
-2.737415713118602, -35.616666068259505, -0.8439023390242428
2.7356747965691337, -35.5937745997451, -0.8560974609754624
8.141005971729632, -34.770289817425294, -0.8682925829266819
13.34880968827262, -33.121715224287904, -0.8804877048779014
18.224633758493802, -30.66591713327271, -0.8926828268291208
22.65667259922783, -27.48039701713993, -0.9048779487803403
26.569127540483535, -23.67673965320043, -0.91707307073156
29.88505972668885, -19.34945471933961, -0.9292681926827795
32.49409475514017, -14.567901034517563, -0.941463314633999
34.30610343311662, -9.433927686150982, -0.9536584365852184
35.28838849719105, -4.080007985356919, -0.965853558536438
35.464077688513704, 1.3591318983756524, -0.9780486804876575
34.85655638983126, 6.76279049315139, -0.990243802438877
33.43232172862382, 12.006703266153822, -1.0024389243900966
31.189757560481212, 16.95380479622695, -1.014634046341316
28.19222405186762, 21.48209852210455, -1.0268291682925355
24.55148359591687, 25.50945694012422, -1.039024290243755
20.377261983387275, 28.97565922221463, -1.0512194121949745
15.728454247403972, 31.768070618797882, -1.063414534146194
10.6945498615448, 33.78045175992055, -1.0756096560974135
5.4051903477342735, 34.96225108338107, -1.087804778048633
-8.881784197001252e-16, 35.33225555189509, -1.0999998999998526
4.973799150320701e-14, 35.332255551895095, -1.0999998999998526
-5.3991234230154035, 34.9227668665666, -1.1121950219510721
-10.670679838232369, 33.70489177018988, -1.1243901439022916
-15.6757023313925, 31.66164715233805, -1.1365852658535112
-20.28536865318649, 28.845273883786714, -1.1487803878047307
-24.412363082931343, 25.364974893730107, -1.1609755097559502
-28.00180005984902, 21.336719975700348, -1.1731706317071695
-30.946232046379325, 16.821176593946266, -1.185365753658389
-33.13450403290494, 11.899857168482544, -1.1975608756096088
-34.504846801948936, 6.694950762922119, -1.2097559975608283
-35.0638793167329, 1.3439646538632233, -1.2219511195120478
-34.85207709442639, -4.029954256600298, -1.2341462414632671
-33.847529194091734, -9.308292196019647, -1.2463413634144866
-32.025309770272415, -14.357622757197166, -1.2585364853657062
-29.418453448904245, -19.046603539357516, -1.2707316073169257
-26.12145551440789, -23.27733146104108, -1.2829267292681452
-22.24980704628021, -26.987728610320598, -1.2951218512193647
-17.879702297402535, -30.086896465075455, -1.3073169731705843
-13.083023837386367, -32.46211063642856, -1.3195120951218038
-7.969931826215517, -34.035985172851554, -1.3317072170730233
-2.6750027853364475, -34.7969106400017, -1.3439023390242428
2.67371036236917, -34.77996250215428, -1.3560974609754624
7.958416594869501, -33.98659857401747, -1.3682925829266819
13.051547606355221, -32.38399798257572, -1.3804877048779014
17.81920654044481, -29.985305121507693, -1.392682826829121
22.152443310366777, -26.869800082783065, -1.4048779487803404
25.981795845129938, -23.152752918695185, -1.41707307073156
29.233891373178665, -18.926861452858724, -1.4292681926827795
31.79469297725759, -14.254186552489077, -1.441463314633999
33.570690179812914, -9.232400504615528, -1.4536584365852185
34.53136174499742, -3.993115434144162, -1.4658535585364378
34.70642711126348, 1.3303918803593928, -1.4780486804876576
34.12210006637497, 6.621053107019671, -1.4902438024388769
32.73770944184089, 11.757476006906895, -1.5024389243900966
30.545825558131405, 16.603175638730235, -1.514634046341316
27.610005455024464, 21.037695937919718, -1.5268291682925355
24.045554952511626, 24.983998743362182, -1.539024290243755
19.962652289712928, 28.387213881030906, -1.5512194121949745
15.413344866125522, 31.132249805085312, -1.563414534146194
10.482357246417454, 33.10896373048225, -1.5756096560974135
5.298302847535849, 34.267238353559215, -1.587804778048633
-8.881784197001252e-16, 34.6314851485462, -1.5999998999998526
4.973799150320701e-14, 34.63148514854618, -1.5999998999998526
-5.293654763172449, 34.2370458327123, -1.6121950219510721
-10.464041332134183, 33.051024645448216, -1.6243901439022916
-15.372897938267633, 31.050622211547783, -1.6365852658535112
-19.892387097604537, 28.287451068765822, -1.6487803878047307
-23.939368688287797, 24.873705220357536, -1.66097550975595
-27.4643904225185, 20.926592162221063, -1.6731706317071697
-30.359115825169265, 16.501551085719075, -1.685365753658389
-32.50929971249415, 11.6755049578898, -1.697560875609609
-33.85296999913432, 6.569048949281483, -1.7097559975608283
-34.40086482621477, 1.3187717596554236, -1.7219511195120478
-34.19788511729915, -3.9547668274199803, -1.7341462414632671
-33.21929721136098, -9.136018485407222, -1.7463413634144866
-31.435131525372487, -14.092927949396191, -1.7585364853657062
-28.87660970118436, -18.695141791152402, -1.7707316073169257
-25.6398373032144, -22.84777173352521, -1.7829267292681452
-21.841636488944037, -26.493255143065404, -1.795121851219365
-17.555107328648543, -29.541647468937086, -1.8073169731705845
-12.847681315326327, -31.878089861134285, -1.819512095121804
-7.827215853082776, -33.42430898273679, -1.8317072170730235
-2.627226216684773, -34.17121676666626, -1.8439023390242428
2.6261947486940205, -34.157732010786944, -1.8560974609754624
7.8180155642195555, -33.38491451173776, -1.868292582926682
12.822528821825768, -31.8156742282388, -1.8804877048779014
17.50685670313947, -29.460556779869925, -1.892682826829121
21.764166836115045, -26.39937215253997, -1.9048779487803404
25.528720450056326, -22.748691660015943, -1.91707307073156
28.729394069315994, -18.599705415958255, -1.9292681926827795
31.25084853162938, -14.010287499377899, -1.9414633146339992
32.9983018589007, -9.075362493145946, -1.9536584365852185
33.942555410723884, -3.9253646044230033, -1.965853558536438
34.11659164394284, 1.3079387010050985, -1.9780486804876576
33.547877123907575, 6.510032738477829, -1.9902438024388773
32.192247833531006, 11.56169965196517, -2.0024389243900966
30.039288573903207, 16.327529588652865, -2.014634046341316
27.152306215831217, 20.688550953514774, -2.0268291682925357
23.647754636161796, 24.570782874204646, -2.039024290243755
19.635343233400487, 27.922352183590245, -2.0512194121949747
15.163322899890696, 30.627574046831487, -2.0634145341461942
10.31348930379237, 32.574950476885675, -2.0756096560974138
5.213187155359554, 33.714886861298574, -2.0878047780486333
-8.881784197001252e-16, 34.07447953015792, -2.099999899999853
4.973799150320701e-14, 34.07447953015792, -2.099999899999853
-5.20942452367229, 33.69049917657039, -2.1121950219510723
-10.298636265900573, 32.528001533859815, -2.124390143902292
-15.13055075656802, 30.561409145185895, -2.1365852658535114
-19.57859036922084, 27.841713815480947, -2.148780387804731
-23.562161988175845, 24.481865703709055, -2.1609755097559504
-27.03468460438156, 20.5988665360511, -2.17317063170717
-29.88801855559603, 16.24525031473629, -2.1853657536583895
-32.00712330226235, 11.495239001738794, -2.197560875609609
-33.330317653137364, 6.467907656553446, -2.2097559975608285
-33.870195827031814, 1.2985322280593405, -2.221951119512048
-33.67333983943905, -3.894320823631633, -2.2341462414632676
-32.713787305744205, -8.997222124613755, -2.2463413634144866
-30.959400582262937, -13.879600878037408, -2.258536485365706
-28.440359919072854, -18.41240970000141, -2.2707316073169257
-25.252840269872927, -22.50274525961727, -2.2829267292681457
-21.51340335406421, -26.09539239471104, -2.295121851219365
-17.293218826103253, -29.101367412668775, -2.3073169731705847
-12.657276133639762, -31.405615490123672, -2.3195120951218042
-7.71168357045992, -32.93000387618268, -2.3317072170730238
-2.5885648655717386, -33.666569889115934, -2.3439023390242433
2.5877151825192533, -33.65550132851016, -2.3560974609754624
7.704095040791188, -32.8975720694596, -2.3682925829266823
12.636525982284919, -31.35412783671185, -2.3804877048779014
17.253501240671902, -29.034557089165567, -2.392682826829121
21.449813544838484, -26.018281312898868, -2.4048779487803404
25.161637485231324, -22.421458430454706, -2.41707307073156
28.31916910040655, -18.333917496659787, -2.4292681926827795
30.807374175367585, -13.811439126697845, -2.441463314633999
32.53168989381274, -8.947172128154534, -2.4536584365852185
33.46361722185098, -3.870099241988914, -2.465853558536438
33.63698938940066, 1.2896077917579656, -2.4780486804876576
33.07935666567844, 6.4192552402724, -2.490243802438877
31.7455884302052, 11.401325184755965, -2.5024389243900966
29.62430147677037, 16.101862683005734, -2.514634046341316
26.778185128046818, 20.403363674974795, -2.5268291682925357
23.323028557299075, 24.233416221412526, -2.539024290243755
19.367344044798973, 27.54141991226152, -2.5512194121949747
14.957727266840244, 30.21239742031679, -2.5634145341461942
10.174373726212611, 32.13537739581857, -2.5756096560974138
5.143135570827449, 33.261343906816805, -2.5878047780486333
-8.881784197001252e-16, 33.61781979493006, -2.599999899999853
4.973799150320701e-14, 33.61781979493005, -2.599999899999853
-5.140015225361475, 33.24117102801887, -2.6121950219510723
-10.162030366247654, 32.096396050023216, -2.624390143902292
-14.930519383167766, 30.15744097083529, -2.6365852658535114
-19.32040271753609, 27.474663210607957, -2.648780387804731
-23.25240215533014, 24.160033016655103, -2.66097550975595
-26.68088944308169, 20.32923646397454, -2.67317063170717
-29.49872740760027, 16.033614210133273, -2.6853657536583895
-31.591842402081397, 11.346106570862101, -2.697560875609609
-32.899229567717796, 6.38429393490847, -2.7097559975608285
-33.433586358860566, 1.2818070377618258, -2.721951119512048
-33.24107394697384, -3.8443543003413225, -2.7341462414632676
-32.29568197584728, -8.882254289898924, -2.746341363414487
-30.5653024667318, -13.702916294473209, -2.758536485365706
-28.079655727223496, -18.17886897095452, -2.770731607316926
-24.933763188069037, -22.218408576680876, -2.782926729268145
-21.242671012057457, -25.76700575280764, -2.795121851219365
-17.0764792469219, -28.7366358630641, -2.8073169731705847
-12.499264606859757, -31.01355312311795, -2.8195120951218042
-7.615792567682067, -32.520574108517394, -2.8317072170730238
-2.556508124604914, -33.24976103798275, -2.8439023390242433
2.5557978022439585, -33.240547441750806, -2.8560974609754624
7.609439059011814, -32.49348169221586, -2.8682925829266823
12.481887493014671, -30.970438643450603, -2.8804877048779014
17.04330573640693, -28.68077321345887, -2.8926828268291214
21.189738059197897, -25.702768790748454, -2.9048779487803404
24.857850554443182, -22.15078589919633, -2.91707307073156
27.978423429904787, -18.11337625813417, -2.9292681926827795
30.437991671093, -13.645849280493977, -2.941463314633999
32.143403836843895, -8.840330099470632, -2.953658436585219
33.066359409504926, -3.824104592232743, -2.9658535585364385
33.2395974173884, 1.2743459351039284, -2.9780486804876576
32.68979622854429, 6.343584941379046, -2.990243802438877
31.372847197382896, 11.267432164648019, -3.002438924390097
29.27801195131953, 15.913710786717221, -3.014634046341316
26.467046198833682, 20.166387502064797, -3.0268291682925357
23.053577957163736, 23.953420238702503, -3.0390242902437556
19.1443029595764, 27.22408640001579, -3.0512194121949747
14.78585983320056, 29.865156007324412, -3.0634145341461942
10.057906873034657, 31.76772020617177, -3.0756096560974138
5.084596635607658, 32.88338719222209, -3.0878047780486333
-1.7763568394002505e-15, 33.23823905040745, -3.099999899999853
4.973799150320701e-14, 33.23823905040745, -3.099999899999853
-5.081981957954314, 32.86653559063918, -3.1121950219510723
-10.047537761715517, 31.73500861500599, -3.124390143902292
-14.763030715475665, 29.819018317650837, -3.1365852658535114
-19.10509354252797, 27.168265389379204, -3.148780387804731
-22.99475603491296, 23.892288412628258, -3.1609755097559504
-26.38576802170299, 20.104523357336603, -3.1731706317071695
-29.172660417514223, 15.856507711587303, -3.185365753658389
-31.24379174980141, 11.221058027725388, -3.1975608756096094
-32.53915761041221, 6.314261994455325, -3.2097559975608285
-33.07010000404768, 1.2678093460436044, -3.221951119512048
-32.880605476419035, -3.802531502631837, -3.2341462414632676
-31.945582197267647, -8.785815482803148, -3.246341363414487
-30.234771882663217, -13.554767569482632, -3.258536485365706
-27.777909836213304, -17.98373338418301, -3.2707316073169257
-24.667828180546895, -21.98156530869934, -3.282926729268145
-21.016989132077647, -25.493038263030567, -3.295121851219365
-16.895121439525912, -28.431087262762997, -3.3073169731705847
-12.366651211578244, -30.684539366898424, -3.3195120951218042
-7.535324324020163, -32.177842381491004, -3.3317072170730238
-2.529647578214139, -32.902158725727205, -3.3439023390242433
2.529050722374372, -32.89445753329015, -3.3560974609754624
7.529975938332257, -32.155098686476535, -3.3682925829266823
12.352019102383949, -30.648239255149207, -3.3804877048779014
16.867278202049782, -28.3841385310885, -3.392682826829121
20.972745956662607, -25.43929650853955, -3.4048779487803404
24.604383784834695, -21.9250868609046, -3.4170730707315604
27.692933865456723, -17.928832636444817, -3.4292681926827795
30.12757571211013, -13.50673066374212, -3.441463314633999
31.817583472769144, -8.750503723075333, -3.4536584365852185
32.734430032770845, -3.7855159577915636, -3.465853558536438
32.90809744749002, 1.2615398249086454, -3.4780486804876576
32.3635591786754, 6.2800194075259155, -3.4902438024388776
31.059418402770937, 11.154784601067895, -3.5024389243900966
28.986948085502835, 15.755725970096716, -3.514634046341316
26.20669003692167, 19.9682951095657, -3.5268291682925357
22.82881358465579, 23.71980121700654, -3.5390242902437556
18.95763915052848, 26.958196738262213, -3.5512194121949747
14.641295629572689, 29.5728987859108, -3.5634145341461942
9.95980046522307, 31.45838204675035, -3.5756096560974138
5.035414657929028, 32.56691900369958, -3.5878047780486333
-8.881784197001252e-16, 32.92153908865247, -3.599999899999853
4.973799150320701e-14, 32.92153908865247, -3.599999899999853
-5.033127913937971, 32.55222258295633, -3.6121950219510723
-9.950710957432564, 31.42973512046499, -3.624390143902292
-14.621305420315034, 29.532477685871104, -3.6365852658535114
-18.923447288077803, 26.909470616898066, -3.648780387804731
-22.777657718561628, 23.666625195724617, -3.6609755097559504
-26.135806481970366, 19.91439070441013, -3.6731706317071695
-28.89470807269913, 15.70568585077211, -3.685365753658389
-30.946369758684536, 11.114143521208895, -3.697560875609609
-32.23205300736172, 6.254352309895063, -3.709755997560829
-32.760617107431116, 1.2558230608124223, -3.721951119512048
-32.57255621418457, -3.7666485066666406, -3.734146241463267
-31.64452638643605, -8.702732931479195, -3.746341363414487
-29.949543810097424, -13.42695686483939, -3.758536485365706
-27.5177190479116, -17.815674594389005, -3.7707316073169257
-24.438937745622958, -21.777833708786385, -3.782926729268145
-20.82232716210894, -25.2565342054318, -3.795121851219365
-16.73780159414261, -28.165735531487925, -3.8073169731705843
-12.25106196525358, -30.397787570118147, -3.8195120951218042
-7.465059541312591, -31.879262310930173, -3.8317072170730238
-2.506180150547037, -32.59979734487676, -3.8439023390242433
2.505633780915144, -32.5927697397629, -3.8560974609754624
7.460158346746625, -31.85845435764231, -3.868292582926682
12.237651198226843, -30.364519478758485, -3.880487704877902
16.712331266986645, -28.12275413454524, -3.8926828268291214
20.78195539702945, -25.20746739989019, -3.9048779487803404
24.381048392716007, -21.72632101174344, -3.91707307073156
27.43998003991291, -17.765490235806453, -3.92926819268278
29.851298255582414, -13.382938435496161, -3.9414633146339995
31.527334433805702, -8.670363207359024, -3.9536584365852185
32.439093215439904, -3.7510724107462483, -3.965853558536438
32.612868326935214, 1.2500839328968167, -3.978048680487658
32.07152009675632, 6.222987463002934, -3.9902438024388776
30.777403000092225, 11.053387823358202, -4.002438924390097
28.724572971905253, 15.61341556521208, -4.014634046341316
25.97221121969989, 19.790020269523968, -4.026829168292536
22.62636964444104, 23.509346062451144, -4.039024290243756
18.788749868181768, 26.717438498403055, -4.051219412194975
14.509772228716594, 29.306899960542033, -4.063414534146194
9.870263500697819, 31.176270166042016, -4.075609656097414
4.990499969183974, 32.27850883533712, -4.087804778048634
-8.881784197001252e-16, 32.63286395405765, -4.099999899999853
4.973799150320701e-14, 32.63286395405765, -4.099999899999853
-4.988314167854294, 32.26447580089165, -4.112195021951073
-9.86156774764741, 31.148874093956962, -4.124390143902292
-14.490655810245002, 29.268237969999575, -4.136585265853512
-18.75610280746072, 26.670896353032806, -4.148780387804731
-22.57757605460344, 23.458621402438407, -4.16097550975595
-25.904528464894582, 19.738567082782538, -4.17317063170717
-28.636368927633946, 15.565580598818032, -4.185365753658389
-30.66928167539093, 11.014511243822817, -4.197560875609609
-31.945905204521235, 6.198445643922771, -4.209755997560828
-32.47217302008386, 1.2446195204415635, -4.221951119512048
-32.28457548544982, -3.7330379848647306, -4.234146241463267
-31.361902640167983, -8.624668368460034, -4.246341363414487
-29.681021195387476, -13.306646347955756, -4.258536485365706
-27.27255585269932, -17.65740937101234, -4.270731607316926
-24.223175904820337, -21.585838137404497, -4.282926729268145
-20.63841732796036, -25.03301392317963, -4.295121851219365
-16.58861646135429, -27.913984436341522, -4.307316973170584
-12.141090724789922, -30.124982627629226, -4.319512095121804
-7.398073894850867, -31.594876267607816, -4.331707217073024
-2.48377306592006, -32.311584952912796, -4.343902339024243
2.483226665242305, -32.304556985246805, -4.356097460975462
7.393172590269031, -31.574067829655597, -4.368292582926682
12.127679808004684, -30.091714204949216, -4.380487704877901
16.563145753427506, -27.871002406324877, -4.392682826829121
20.598045179751665, -24.983946565459433, -4.4048779487803404
24.16528624940762, -21.53432523204815, -4.41707307073156
27.194816011659334, -17.607224412803973, -4.4292681926827795
29.58277582645849, -13.262628057124735, -4.4414633146339995
31.24471033365937, -8.592298455584272, -4.4536584365852185
32.15111129653632, -3.7174616267118727, -4.4658535585364385
32.32442463697977, 1.2388803696199806, -4.478048680487658
31.785370476886037, 6.167080601679489, -4.4902438024388776
30.50031552341163, 10.953755656041539, -4.502438924390097
28.466233544763064, 15.473310468081332, -4.514634046341316
25.740930872718046, 19.614195028576848, -4.526829168292536
22.426288574127266, 23.301342896047764, -4.539024290243755
18.62140284901137, 26.478861039423514, -4.551219412194975
14.379122655815898, 29.04265972796429, -4.563414534146195
9.781119488429253, 30.895408055420333, -4.575609656097414
4.945685311091551, 31.990755541081086, -4.587804778048633
-8.881784197001252e-16, 32.344188819462836, -4.599999899999853
4.263256414560601e-14, 32.34418881946283, -4.599999899999853
-4.943499426011548, 31.976721648342384, -4.612195021951072
-9.772423448114216, 30.868011005301582, -4.624390143902292
-14.360005697057362, 29.00399634466236, -4.636585265853512
-18.58875411968257, 26.43231645145307, -4.648780387804731
-22.377493924717886, 23.250616980146088, -4.66097550975595
-25.673245350679352, 19.562739588557715, -4.67317063170717
-28.37802712862137, 15.425474195368308, -4.685365753658389
-30.3921918842811, 10.914878050119862, -4.697560875609609
-31.659751121023575, 6.1425379490807055, -4.709755997560828
-32.18372717755174, 1.2334157341420084, -4.721951119512048
-31.996589269023858, -3.6994267163302204, -4.734146241463268
-31.079275402061384, -8.546602731217904, -4.746341363414487
-29.412496648809025, -13.186335158617798, -4.758536485365706
-27.02738787763824, -17.49914087653888, -4.770731607316926
-24.00741181680562, -21.393840858455956, -4.782926729268146
-20.454504638598838, -24.80948989641444, -4.795121851219365
-16.439429047431368, -27.662229516187256, -4.807316973170584
-12.03111862350308, -29.852175714462554, -4.819512095121804
-7.33108715493266, -31.31048516811164, -4.831707217073024
-2.4613654719027505, -32.02336878306632, -4.843902339024243
2.460819041971555, -32.01634048428313, -4.856097460975462
7.32618574568387, -31.289676266188142, -4.868292582926681
12.017707561178092, -29.818906966450832, -4.880487704877902
16.413957936334164, -27.61924681300057, -4.892682826829121
20.41413205360783, -24.760421916173122, -4.9048779487803404
23.949521815046587, -21.34232770555675, -4.91707307073156
26.949647092065177, -17.448955246362868, -4.9292681926827795
29.314251305527, -13.14231693784743, -4.9414633146339995
30.962082516103184, -8.51423257272094, -4.9536584365852185
31.863123615999775, -3.683850068103115, -4.9658535585364385
32.03597899105271, 1.2276765457471441, -4.978048680487658
31.4992142583922, 6.1111726419288255, -4.9902438024388776
30.22322603783035, 10.854122446345514, -5.002438924390097
28.207891168352276, 15.333204043569715, -5.014634046341317
25.509645129245552, 19.43836567289465, -5.026829168292536
22.226206887701796, 23.093338926747638, -5.039024290243756
18.454051425967748, 26.240277635312612, -5.051219412194975
14.24847248626583, 28.7784173385877, -5.063414534146194
9.691974329271087, 30.614543685749233, -5.075609656097414
4.90086961755687, 31.702994607388586, -5.087804778048634
-8.881784197001252e-16, 32.05551368486801, -5.099999899999853
4.263256414560601e-14, 32.05551368486801, -5.099999899999853
-4.89868364856673, 31.68895987525522, -5.112195021951072
-9.683278014191469, 30.587145719456153, -5.124390143902292
-14.229355025025672, 28.739752647668833, -5.136585265853511
-18.421401065029343, 26.19373066172389, -5.148780387804731
-22.177411233630743, 23.04261181647251, -5.16097550975595
-25.44195688601353, 19.386908029518366, -5.17317063170717
-28.119682483421542, 15.285366534795275, -5.18536575365839
-30.115100212348374, 10.815243862214857, -5.197560875609609
-31.373590490146583, 6.086629165970465, -5.209755997560828
-31.895279445157676, 1.222211689122721, -5.221951119512048
-31.7085973236313, -3.665814664478911, -5.234146241463268
-30.796644505526768, -8.468535970267386, -5.246341363414487
-29.143970067458554, -13.066023256350038, -5.258536485365706
-26.782214969733914, -17.340869014591828, -5.270731607316925
-23.791645412700063, -21.201841818757508, -5.282926729268146
-20.270589012123956, -24.585962003532718, -5.295121851219365
-16.29023929503562, -27.410470663229027, -5.307316973170584
-11.92114564553762, -29.579366789961966, -5.319512095121805
-7.264099290579621, -31.026088885028912, -5.331707217073024
-2.4389573500333666, -31.73514873892065, -5.343902339024243
2.4384108912034907, -31.72812012071673, -5.356097460975462
7.259197777509691, -31.005279522033803, -5.368292582926682
11.907734437645127, -29.54609771456781, -5.380487704877901
16.264767765831976, -27.367487260255704, -5.392682826829121
20.230215958989177, -24.536893361721543, -5.4048779487803404
23.73375503405544, -21.150328396378566, -5.4170730707315595
26.704473162341166, -17.290682662028008, -5.4292681926827795
29.04572467297853, -13.022005073135212, -5.4414633146339995
30.679450923750096, -8.436165535524287, -5.4536584365852185
31.575130058800795, -3.6502377097205256, -5.4658535585364385
31.7475313659897, 1.2164724528850523, -5.478048680487658
31.213051293032443, 6.055263552577233, -5.4902438024388776
29.94613453081472, 10.754488182527588, -5.502438924390097
27.949545796259528, 15.19309627737194, -5.514634046341316
25.278353855571737, 19.262532113363932, -5.526829168292536
22.02612458053076, 22.885334143546253, -5.539024290243756
18.286695490733003, 26.001688124800538, -5.551219412194975
14.117821711936243, 28.514172751609316, -5.563414534146195
9.602827996077544, 30.333677009315696, -5.575609656097414
4.856052848889003, 31.41522582011797, -5.587804778048633
0.0, 31.7668385502732, -5.599999899999853
4.618527782440651e-14, 31.766838550273185, -5.599999899999853
-4.853866795718099, 31.40119026686374, -5.612195021951072
-9.594131417809244, 30.306278185187345, -5.624390143902292
-14.098703782547627, 28.47550683065642, -5.636585265853512
-18.254043527543722, 25.955138811541214, -5.648780387804731
-21.9773279665599, 22.834605889680503, -5.660975509755951
-25.210662913187377, 19.21107229733572, -5.67317063170717
-27.86133491913845, 15.145257586393075, -5.685365753658389
-29.838006616171235, 10.715608656112256, -5.697560875609609
-31.087423129167327, 6.030719256262568, -5.709755997560829
-31.60682976979701, 1.2110073753835162, -5.721951119512048
-31.42059948713522, -3.632201799208105, -5.734146241463268
-30.514009854873898, -8.390468053864467, -5.746341363414487
-28.87544140436792, -12.945710625295202, -5.758536485365706
-26.53703698855893, -17.182593696937342, -5.770731607316925
-23.575876624326185, -21.009840971599097, -5.782926729268145
-20.08667037010617, -24.362430130337877, -5.795121851219365
-16.141047144332497, -27.15870776997493, -5.807316973170584
-11.811171770885638, -29.306555808707046, -5.819512095121804
-7.1971102663154, -30.741687277828, -5.831707217073024
-2.4165486799286757, -31.446924710927142, -5.843902339024243
2.4160021925693074, -31.439895785219367, -5.856097460975462
7.192208650144278, -30.720877456232316, -5.868292582926681
11.797760417273679, -29.273286403740727, -5.880487704877902
16.115575181875645, -27.115723640123633, -5.892682826829121
20.046296816872577, -24.31336078680538, -5.9048779487803404
23.51798583691392, -20.95832725675016, -5.91707307073156
26.459294079795757, -17.13240657036215, -5.92926819268278
28.77719588134662, -12.90169244710038, -5.9414633146339995
30.39681545954106, -8.358097311648452, -5.9536584365852185
31.28713045874433, -3.6166245205348133, -5.965853558536438
31.459081705434624, 1.205268080655832, -5.978048680487658
30.92688139336311, 5.999353293901443, -5.990243802438877
29.669040958330132, 10.654852840070717, -6.002438924390097
27.691197353621668, 15.05298713812833, -6.014634046341317
25.047056888111527, 19.086694237883762, -6.026829168292536
21.826041635890512, 22.677328522260495, -6.039024290243755
18.119334923821885, 25.76309232943062, -6.051219412194975
13.9871703210925, 28.24992591752263, -6.063414534146194
9.513680459809828, 30.052807973329656, -6.075609656097414
4.8112349633845195, 31.12744895628161, -6.087804778048634
-8.881784197001252e-16, 31.478163415678377, -6.099999899999853
4.263256414560601e-14, 31.478163415678377, -6.099999899999853
-4.8090488256514226, 31.113412598889663, -6.112195021951072
-9.50498362862402, 30.02540834368603, -6.124390143902292
-13.968051952824958, 28.21125883144858, -6.136585265853511
-18.08668137591648, 25.716540702937934, -6.148780387804731
-21.777244093770776, 22.62659915883189, -6.16097550975595
-24.979363249810753, 19.0352322621576, -6.17317063170717
-27.602984345661973, 15.005147308089269, -6.185365753658389
-29.560911027646664, 10.615972397212463, -6.19756087560961
-30.80124881342736, 5.974808171170657, -6.209755997560828
-31.318378067116804, 1.1998027786217709, -6.221951119512047
-31.132595566211243, -3.598588089122068, -6.234146241463267
-30.231371345875438, -8.31239894923872, -6.246341363414487
-28.60691060089802, -12.825397244589235, -6.258536485365706
-26.29185376836986, -17.024314820026337, -6.270731607316925
-23.36010537113767, -20.817838262556492, -6.282926729268146
-19.90274862885046, -24.138894158596315, -6.295121851219365
-15.991852546613035, -26.90694074867846, -6.307316973170584
-11.701196986386766, -29.033742739261978, -6.319512095121805
-7.130120045330989, -30.4572801988608, -6.331707217073024
-2.3941394402679785, -31.15869658302912, -6.343902339024243
2.393592923750071, -31.151667348274106, -6.356097460975462
7.1252183238007465, -30.43646990853372, -6.368292582926682
11.687785477478828, -29.000472979646158, -6.380487704877901
15.966380125818896, -26.86395584261463, -6.392682826829121
19.862374564954102, -24.089824086798444, -6.4048779487803404
23.302214187429843, -20.766324260819726, -6.4170730707315595
26.214109772222997, -16.974126921288423, -6.42926819268278
28.508664953050243, -12.7813790727898, -6.441463314633999
30.11417607706042, -8.280027879150119, -6.4536584365852185
30.999124718782934, -3.5830104691169162, -6.4658535585364385
31.17063004402621, 1.1940634305530753, -6.478048680487658
30.640704497261414, 5.943441858851451, -6.4902438024388776
29.39194538170296, 10.555216436645065, -6.502438924390097
27.432845828401565, 14.912876633752024, -6.514634046341316
24.81575411776601, 18.910851987604865, -6.526829168292536
21.62595809107935, 22.469322108152234, -6.539024290243756
17.951969656472663, 25.524490157009105, -6.551219412194975
13.856518324622119, 27.985676833839495, -6.563414534146195
9.42453168786245, 29.771936504631594, -6.575609656097414
4.766415917510961, 30.83966377483727, -6.587804778048633
-8.881784197001252e-16, 31.189488281083555, -6.599999899999853
4.263256414560601e-14, 31.189488281083555, -6.599999899999853
-4.764229691150202, 30.82562658224864, -6.612195021951072
-9.415834593740783, 29.744536036764956, -6.624390143902292
-13.837399472376386, 27.947008469712504, -6.636585265853512
-17.919314406219215, 25.477936016214084, -6.648780387804731
-21.57715952830164, 22.418591509731723, -6.660975509755951
-24.748057661092364, 18.8593877456828, -6.67317063170717
-27.344630649519637, 14.86503564164133, -6.685365753658389
-29.283813358823096, 10.516335042251526, -6.69756087560961
-30.515067301641636, 5.918895857535846, -6.709755997560828
-31.0299242580216, 1.1885978845713427, -6.721951119512047
-30.844585379654262, -3.564973501905408, -6.734146241463268
-29.948728880585044, -8.234328623679206, -6.746341363414487
-28.338377611122326, -12.705083099103344, -6.758536485365706
-26.046665165208385, -16.866032294074465, -6.770731607316925
-23.144331586645944, -20.62583364686956, -6.782926729268145
-19.718823709062043, -23.915353968603647, -6.795121851219365
-15.84265542890218, -26.655169467416684, -6.807316973170584
-11.591221264103304, -28.760927519314222, -6.819512095121804
-7.063128588525267, -30.172867497533304, -6.831707217073024
-2.371729608438521, -30.870464237762437, -6.843902339024243
2.371183063590335, -30.863434712426677, -6.856097460975462
7.058226763493842, -30.152056746736562, -6.868292582926681
11.577809599756135, -28.727657404426637, -6.880487704877902
15.817182528852424, -26.612183748750436, -6.892682826829121
19.678449089685667, -23.866283114368656, -6.9048779487803404
23.086439953244753, -20.574319319335817, -6.91707307073156
25.968919955085656, -16.815843545188553, -6.92926819268278
28.240131708528168, -12.661064880030827, -6.9414633146339995
29.831532567768832, -8.201957180168264, -6.9536584365852185
30.711112514345572, -3.54939551836391, -6.965853558536438
30.88217613613966, 1.1828584677346379, -6.9780486804876585
30.354520132475894, 5.887529134251027, -6.9902438024388776
29.11484752924817, 10.45557885521053, -7.002438924390097
27.174490993982026, 14.772764640637849, -7.014634046341316
24.58444523133319, 18.73500511562579, -7.026829168292536
21.425873802175303, 22.26131471499313, -7.039024290243755
17.784599431976282, 25.285881197704626, -7.051219412194975
13.725865654011741, 27.721425325502437, -7.063414534146195
9.335381650835654, 29.49106256967169, -7.075609656097414
4.7215956643941235, 30.551870047414074, -7.087804778048634
0.0, 30.900813146488733, -7.099999899999853
4.263256414560601e-14, 30.900813146488737, -7.099999899999853
-4.719409354478608, 30.537832111406782, -7.112195021951072
-9.326684338863696, 29.463661462998427, -7.124390143902292
-13.706746462958938, 27.68275602739133, -7.136585265853512
-17.751942712321853, 25.239324928216263, -7.148780387804731
-21.377074475707992, 22.21058319718651, -7.16097550975595
-24.51674620291812, 18.68353884782906, -7.173170631707169
-27.08627390621839, 14.72492266118622, -7.185365753658389
-29.006713757672923, 10.416696646221267, -7.197560875609609
-30.228878630679926, 5.862982330056394, -7.209755997560829
-30.741468455834312, 1.177392702924102, -7.221951119512048
-30.55656887548996, -3.531358003552552, -7.234146241463267
-29.666082377695474, -8.156257042217756, -7.246341363414486
-28.069842418185686, -12.584768187473514, -7.258536485365706
-25.801471078597583, -16.707746056849437, -7.270731607316925
-22.92855521621258, -20.433827086416123, -7.282926729268146
-19.53489552600942, -23.69180942793757, -7.295121851219365
-15.693455696333872, -26.40339375557604, -7.307316973170584
-11.481244567569426, -28.488110068660703, -7.319512095121805
-6.996135855008664, -29.8884490192062, -7.331707217073024
-2.349319162226502, -30.58222757412969, -7.343902339024243
2.348772589917691, -30.57519777690173, -7.356097460975462
6.991233931594276, -29.867637819110513, -7.368292582926682
11.467832762674687, -28.454839626186107, -7.380487704877902
15.667982319538654, -26.36040722756255, -7.392682826829121
19.494520293304955, -23.64273772718213, -7.4048779487803404
22.870663046284925, -20.382312369264866, -7.4170730707315595
25.723724466400427, -16.657556339747778, -7.4292681926827795
27.97159610353821, -12.540749852921703, -7.4414633146339995
29.54888483856915, -8.123885179901071, -7.4536584365852185
30.423093690990562, -3.515779631598796, -7.465853558536438
30.593719971398748, 1.1716531878966427, -7.4780486804876585
30.068328184408728, 5.831615099710884, -7.490243802438877
28.837747447729, 10.355940108641194, -7.502438924390097
26.91613284629601, 14.632651174366705, -7.514634046341317
24.35313012653949, 18.55915357294343, -7.526829168292536
21.225788834197473, 22.05330641987294, -7.539024290243756
17.617224209147544, 25.047265403777306, -7.551219412194975
13.595212351437004, 27.457171465775133, -7.563414534146194
9.246230334506796, 29.210186181011366, -7.575609656097414
4.676774162135923, 30.2640675980717, -7.587804778048633
-8.881784197001252e-16, 30.612138011893926, -7.599999899999853
4.263256414560601e-14, 30.61213801189393, -7.599999899999853
-4.6745877645080665, 30.250028887370547, -7.612195021951072
-9.237532815164577, 29.182784472369107, -7.624390143902292
-13.576092852244894, 27.418501293446692, -7.636585265853512
-17.584566042630954, 25.00070703665459, -7.648780387804731
-21.176988791099326, 22.002574032654586, -7.660975509755951
-24.285428542447313, 18.50768530333647, -7.673170631707169
-26.827913916779348, 14.584808252406356, -7.68536575365839
-28.729612023853022, 10.317057117778093, -7.697560875609609
-29.942682399067635, 5.80706749620619, -7.709755997560828
-30.453010457173065, 1.1661872052331106, -7.721951119512048
-30.268545747352334, -3.497741554666132, -7.734146241463268
-29.383431678127934, -8.078184160318521, -7.746341363414486
-27.801304916008633, -12.464452469300895, -7.758536485365706
-25.556271281401983, -16.549455967748656, -7.770731607316925
-22.712776159083138, -20.241818513331257, -7.782926729268145
-19.3509639855351, -23.468260403333275, -7.795121851219365
-15.544253301923426, -26.151613528344846, -7.807316973170584
-11.371266886373308, -28.215290363487863, -7.819512095121805
-6.9291418030663925, -29.604024601042113, -7.831707217073024
-2.32690807572516, -30.293986446926308, -7.843902339024243
2.3263614754171247, -30.28695637790657, -7.856097460975462
6.924239777594737, -29.58321293791962, -7.868292582926682
11.357854937904404, -28.18201958694328, -7.880487704877902
15.518779440534264, -26.10862617691081, -7.892682826829121
19.310588131130483, -23.419187845126775, -7.9048779487803404
22.654883442782904, -20.19030340640372, -7.9170730707315595
25.478523214077377, -16.499265248975334, -7.9292681926827795
27.703058172051513, -12.420434013365144, -7.9414633146339995
29.266232874278842, -8.045811866355795, -7.9536584365852185
30.13506818582399, -3.4821627828080093, -7.9658535585364385
30.305261594202435, 1.1604475847295956, -7.978048680487658
29.78212851329665, 5.7756997252738245, -7.9902438024388776
28.560645159134353, 10.256300196492216, -8.002438924390097
26.65777135719917, 14.492536232752114, -8.014634046341316
24.121808665039364, 18.38329727399276, -8.026829168292535
21.025703172065278, 21.84529719647353, -8.039024290243756
17.449843801403144, 24.80864248901898, -8.051219412194975
13.464558356251644, 27.192915085155395, -8.063414534146194
9.157077670717799, 28.929307132272577, -8.075609656097415
4.631951348880595, 29.976256020625755, -8.087804778048634
0.0, 30.323462877299107, -8.099999899999853
4.263256414560601e-14, 30.323462877299104, -8.099999899999853
-4.629764863731576, 29.96221656235381, -8.112195021951072
-9.148379932795251, 28.901904800700027, -8.124390143902291
-13.445438533587328, 27.154244006460203, -8.136585265853512
-17.417184155226984, 24.762081977789915, -8.148780387804731
-20.976902385104246, 21.79456391628717, -8.16097550975595
-24.05410444364963, 18.331826953385022, -8.173170631707169
-26.569550568762292, 14.444692368413232, -8.185365753658388
-28.452508098182157, 10.217416429466942, -8.197560875609609
-29.656478402496337, 5.751151315237131, -8.209755997560828
-30.164550251825062, 1.1549813861269662, -8.221951119512049
-29.980515875005125, -3.4641241199147657, -8.234146241463268
-29.10077673584857, -8.000109953408355, -8.246341363414487
-27.532765110953072, -12.344135949766889, -8.258536485365706
-25.31106565581603, -16.391161952386373, -8.270731607316925
-22.496994371365886, -20.04980790399459, -8.282926729268144
-19.16702902448182, -23.24470679000268, -8.295121851219365
-15.395048185706887, -25.89982867113586, -8.307316973170586
-11.261288197699919, -27.942468349229557, -8.319512095121805
-6.862146385803588, -29.319594057736953, -8.331707217073024
-2.3044963200739588, -30.00574068351752, -8.343902339024243
2.303949697576022, -29.99871042541454, -8.356097460975462
6.857244263584706, -29.29878196670782, -8.368292582926681
11.247876106455344, -27.909197245987645, -8.3804877048779
15.369573811644099, -25.856840451905498, -8.392682826829121
19.126652460594936, -23.195633269533637, -8.40487794878034
22.43910099147716, -19.99829231384332, -8.417073070731561
25.233315923031142, -16.34097010455369, -8.429268192682779
27.43451769261007, -12.300117273865984, -8.441463314634
28.983576329613538, -7.967737144947682, -8.453658436585219
29.847035485371347, -3.44854490682361, -8.465853558536438
30.01680062301981, 1.149241623523717, -8.478048680487658
29.495920587177054, 5.719782886291901, -8.490243802438878
28.283540274355026, 10.156658949227545, -8.502438924390097
26.399406103145015, 14.352419572590087, -8.514634046341316
23.890480324352048, 18.207435809330647, -8.526829168292535
20.825616574186938, 21.637286759691627, -8.539024290243756
17.282457959477867, 24.570012053626062, -8.551219412194975
13.333903596678985, 26.928655974765896, -8.563414534146194
9.067923610035937, 28.648425287028033, -8.575609656097413
4.587127171543667, 29.68843503650684, -8.587804778048634
-8.881784197001252e-16, 30.034787742704303, -8.599999899999853
4.263256414560601e-14, 30.034787742704303, -8.599999899999853
-4.584940619457112, 29.67439512313997, -8.612195021951072
-9.059225769200989, 28.621022836161448, -8.624390143902291
-13.314783724305657, 26.889984649281804, -8.636585265853512
-17.249797241664318, 24.523450064761438, -8.648780387804731
-20.776815610758085, 21.586553243367934, -8.66097550975595
-23.82277416417639, 18.155964046946362, -8.673170631707169
-26.311184252187374, 14.304575264794028, -8.68536575365839
-28.17540242933312, 10.11777475594293, -8.697560875609609
-29.370266886711764, 5.6952338462609635, -8.70975599756083
-29.87608815244795, 1.1437752582667362, -8.721951119512049
-29.69247943281962, -3.430505691851579, -8.734146241463268
-28.818117729376482, -7.922034452476552, -8.746341363414487
-27.264223166382223, -12.223818702342957, -8.758536485365706
-25.065854163732986, -16.23286398848117, -8.770731607316925
-22.281209826354974, -19.857795253303657, -8.782926729268146
-18.983090603615015, -23.021148512668063, -8.795121851219365
-15.245840284825224, -25.6480390656783, -8.807316973170586
-11.151308466061305, -27.669643943624912, -8.819512095121805
-6.795149543569927, -29.03515715595771, -8.831707217073024
-2.2820838648080377, -29.717490106338715, -8.843902339024243
2.2815372385715147, -29.71045990396334, -8.856097460975462
6.790247354372871, -29.014344760833488, -8.868292582926681
11.13789624075441, -27.636372531740328, -8.8804877048779
15.220365326433232, -25.605049859580895, -8.892682826829121
18.94271312852205, -22.972073786753192, -8.90487794878034
22.223315547660775, -19.806278982741055, -8.917073070731561
24.988102236548034, -16.182670684516225, -8.92926819268278
27.16597436230355, -12.17979951090819, -8.941463314634
28.70091479484675, -7.889660903783342, -8.953658436585219
29.558995096104304, -3.414925939196541, -8.965853558536438
29.72833671051602, 1.1380352683505937, -8.978048680487657
29.209703740155465, 5.663864430125301, -8.990243802438878
28.00643231277411, 10.057016162870006, -9.002438924390097
26.14103661950523, 14.212300929598173, -9.014634046341316
23.659144626704457, 18.03156881016538, -9.026829168292535
20.62552880875943, 21.42927483056053, -9.039024290243756
17.11506626519729, 24.33137343919887, -9.051219412194975
13.203247878785914, 26.664393650714725, -9.063414534146194
8.978768033964087, 28.36754024727231, -9.075609656097415
4.542301561118666, 29.400604210695274, -9.087804778048634
-8.881784197001252e-16, 29.74611260810948, -9.099999899999853
4.263256414560601e-14, 29.746112608109478, -9.099999899999853
-4.540114991130615, 29.386564495871173, -9.112195021951072
-8.970070337709322, 28.340138710509002, -9.124390143902291
-13.184128443555698, 26.62572324052538, -9.136585265853512
-17.082405141512893, 24.284811055077395, -9.148780387804731
-20.576728418040656, 21.3785419536346, -9.16097550975595
-23.591437450076917, 17.980096408577324, -9.173170631707169
-26.052814735056835, 14.164456814101708, -9.185365753658388
-27.898294696721038, 10.018131955883765, -9.197560875609609
-29.084047304028644, 5.639314963602869, -9.209755997560828
-29.587623781626117, 1.1325687847403834, -9.221951119512049
-29.404435860543433, -3.3968862014062253, -9.234146241463268
-28.53545416565136, -7.84395753122957, -9.246341363414487
-26.995678684547542, -12.103500568515788, -9.258536485365706
-24.82063642182564, -16.074561841222483, -9.270731607316925
-22.06542231937597, -19.66578040458935, -9.282926729268146
-18.799148515157285, -22.7975852989333, -9.295121851219365
-15.096629476870547, -25.396244506891563, -9.307316973170584
-11.041327676096781, -27.39681712182508, -9.319512095121805
-6.728151272422171, -28.75071390798825, -9.331707217073024
-2.2596706921177785, -29.429234712480877, -9.343902339024243
2.2591240585826595, -29.42220452440613, -9.356097460975462
6.723248959273608, -28.729900962878908, -9.368292582926681
11.027915287402303, -27.36354532745498, -9.380487704877902
15.071154007418965, -25.35325442760761, -9.392682826829121
18.75877019511136, -22.748509436124582, -9.40487794878034
22.00752721679514, -19.61426352018984, -9.41707307073156
24.74288250939663, -16.024367207618972, -9.42926819268278
26.897429052049937, -12.059481093439091, -9.441463314634
28.41824949597772, -7.811583425588827, -9.453658436585219
29.270948224645146, -3.381305946017586, -9.465853558536438
29.439871232226164, 1.1268286210041325, -9.478048680487657
28.9234796404049, 5.6079447600891195, -9.490243802438878
27.72932337071086, 9.957372695669116, -9.502438924390097
25.882664974059068, 14.072181592455795, -9.514634046341316
23.427803050826938, 17.855697587024487, -9.526829168292537
20.425441123133695, 21.22126286980547, -9.539024290243756
16.947669735075003, 24.092728321938107, -9.551219412194975
13.072592015565224, 26.40013005121129, -9.563414534146196
8.889611305099844, 28.086653625979004, -9.575609656097413
4.4974745157772364, 29.112763970567567, -9.587804778048634
0.0, 29.45743747351466, -9.599999899999853
3.907985046680551e-14, 29.457437473514663, -9.599999899999853
-4.495287860589222, 29.09872360710774, -9.612195021951072
-8.880913250482998, 28.059250898103826, -9.624390143902291
-13.053471947875783, 26.361457969958444, -9.636585265853512
-16.915006789376996, 24.046163235074914, -9.648780387804731
-20.376639639544926, 21.170528676454584, -9.66097550975595
-23.360092477193422, 17.804222516112144, -9.67317063170717
-25.794440185411077, 14.024335912627349, -9.68536575365839
-27.6211831930638, 9.918487317356778, -9.697560875609609
-28.79781811507059, 5.583394303512396, -9.70975599756083
-29.299155949929485, 1.1213618627347166, -9.721951119512047
-29.11638381092651, -3.363265517615668, -9.734146241463268
-28.25278510265575, -7.765878947904882, -9.746341363414487
-26.727131087570566, -11.983181310597246, -9.758536485365706
-24.57541198885039, -15.916255240686837, -9.770731607316925
-21.8496315842479, -19.473763147441467, -9.782926729268144
-18.615202501268772, -22.574016807808352, -9.795121851219365
-14.947415658105648, -25.14444479467739, -9.807316973170586
-10.931345810090422, -27.123987831091306, -9.819512095121805
-6.6611515295147985, -28.4662641481888, -9.831707217073024
-2.237256777350405, -29.140974424308972, -9.843902339024243
2.236710104188486, -29.133943842820162, -9.856097460975462
6.656249052599726, -28.445450494285524, -9.868292582926681
10.91793328850145, -27.09071573165752, -9.8804877048779
14.921939787722703, -25.101454014486578, -9.892682826829121
18.57482353368099, -22.52494002712746, -9.90487794878034
21.791735897256473, -19.42224585900737, -9.917073070731561
24.49765646546613, -15.866059511499952, -9.92926819268278
26.62888130711961, -11.93916183719187, -9.941463314634
28.13557946771991, -7.733504459725417, -9.953658436585219
28.98289370516447, -3.347684808579122, -9.965853558536438
29.15140319459495, 1.1156215873517241, -9.978048680487657
28.6372468718163, 5.55202352940258, -9.990243802438876
27.452211824188037, 9.8577278623324, -10.002438924390097
25.624289250841827, 13.932060406571226, -10.014634046341317
23.19645395943436, 17.67982077396714, -10.026829168292535
20.22535255597907, 21.01324972294761, -10.039024290243756
16.780267449727667, 23.854075179307163, -10.051219412194975
12.941935383049767, 26.135863608145247, -10.063414534146194
8.800453065999355, 27.805763994601715, -10.075609656097415
4.4526459370472535, 28.824913556547287, -10.087804778048632
-8.881784197001252e-16, 29.16876233891985, -10.099999899999853
3.907985046680551e-14, 29.16876233891985, -10.099999899999853
-4.450459135592487, 28.810871795949982, -10.112195021951072
-8.79175460567157, 27.778359911970213, -10.124390143902291
-12.92281478710359, 26.097190114286505, -10.136585265853512
-16.747602802770437, 23.8075075932682, -10.148780387804731
-20.176550257123424, 20.962514542267602, -10.16097550975595
-23.128740488859183, 17.62834348301778, -10.173170631707169
-25.53606225078532, 13.884213600467806, -10.18536575365839
-27.34406969140796, 9.818841563018076, -10.19756087560961
-28.511580497359283, 5.527472142217027, -10.209755997560828
-29.010685901445324, 1.1101545800638288, -10.221951119512047
-28.82832437222641, -3.3296436887819425, -10.234146241463268
-27.97011141173885, -7.687798889514367, -10.246341363414487
-26.458580991201288, -11.86286118858095, -10.258536485365706
-24.33018092250489, -15.757944226951244, -10.270731607316925
-21.63383780045629, -19.281743650872592, -10.282926729268146
-18.431252658286617, -22.350443106322455, -10.295121851219365
-14.79819875061046, -24.89263977599311, -10.307316973170586
-10.821362786792147, -26.851155878778492, -10.319512095121805
-6.594150205564485, -28.181807446510533, -10.331707217073024
-2.2148420974064162, -28.85270919237891, -10.343902339024243
2.2142953620765784, -28.845677942275593, -10.356097460975462
6.589247561206105, -28.160993071407226, -10.368292582926681
10.80795016564302, -26.81788355766791, -10.3804877048779
14.772722541766447, -24.84964840079528, -10.39268282682912
18.390873206713188, -22.30136560021949, -10.40487794878034
21.575941458988932, -19.230225907505115, -10.417073070731561
24.252423610776745, -15.707747290399078, -10.42926819268278
26.360330959951785, -11.818841676343437, -10.441463314634
27.85290481898572, -7.655424021557801, -10.453658436585219
28.694831980102187, -3.314062534116448, -10.465853558536438
28.86293272584649, 1.1044141724120848, -10.478048680487657
28.351005160925826, 5.496100685937638, -10.490243802438878
27.17509810086968, 9.758081837560333, -10.502438924390097
25.36591029822577, 13.791937912593562, -10.514634046341316
22.96509816043287, 17.503939111306284, -10.526829168292537
20.025263366256812, 20.805235705841266, -10.539024290243756
16.612859259110135, 23.61541381895424, -10.551219412194975
12.81127818823036, 25.871594829076944, -10.563414534146194
8.711293503736204, 27.52487225546405, -10.575609656097413
4.407815833461016, 28.537053560648868, -10.587804778048634
-8.881784197001252e-16, 28.880087204325033, -10.599999899999853
3.907985046680551e-14, 28.880087204325033, -10.599999899999853
-4.405628853786433, 28.52301003907419, -10.612195021951072
-8.702594438938002, 27.497465987516087, -10.624390143902291
-12.792156716549485, 25.83291906720257, -10.636585265853512
-16.580192629933805, 23.56884326830449, -10.648780387804731
-19.97646027365377, 20.754499559414526, -10.660975509755952
-22.897381223284377, 17.45245912825525, -10.673170631707169
-25.2776805081012, 13.744089629057468, -10.68536575365839
-27.066953636730226, 9.719194454347418, -10.69756087560961
-28.225333858583706, 5.471548348335479, -10.709755997560828
-28.72221378425897, 1.0989469397199783, -10.721951119512047
-28.540257432031638, -3.296020683695221, -10.734146241463268
-27.687433071182983, -7.609717348592961, -10.746341363414487
-26.190028428749116, -11.742540224640916, -10.758536485365706
-24.08494318318785, -15.599628773926977, -10.770731607316925
-21.418041097537362, -19.08972204932476, -10.782926729268146
-18.24729891685759, -22.12686408737854, -10.795121851219365
-14.648978765442106, -24.640829471320806, -10.807316973170586
-10.711378611300894, -26.57832129166146, -10.819512095121805
-6.527147226964434, -27.897343520393015, -10.831707217073024
-2.192426589168318, -28.56443845368107, -10.843902339024243
2.1918798229508987, -28.557406987178407, -10.856097460975462
6.522244473000806, -27.87652867309489, -10.868292582926681
10.697965871996994, -26.54504871284142, -10.8804877048779
14.623502020547992, -24.597837178944786, -10.892682826829121
18.206918536401883, -22.07778532598561, -10.90487794878034
21.360143851440156, -19.038203644367762, -10.91707307073156
24.00718388599346, -15.549430510033664, -10.92926819268278
26.091777695782625, -11.69852049078565, -10.941463314634
27.570224638533553, -7.57734188395801, -10.953658436585219
28.406761404950213, -3.2804389616282617, -10.965853558536438
28.574459770735107, 1.0932063607168554, -10.978048680487658
28.06475426218421, 5.440176172080836, -10.990243802438878
26.89798138328651, 9.658434268485982, -11.002438924390097
25.107526647228003, 13.65181322590463, -11.014634046341316
22.733733867664824, 17.328051122281707, -11.026829168292535
19.825173638298576, 20.597220905668248, -11.039024290243754
16.44544507299923, 23.376744098584904, -11.051219412194975
12.680620025042579, 25.607322683773265, -11.063414534146196
8.622132145948823, 27.243976518049994, -11.075609656097415
4.362983991588797, 28.24918182527604, -11.087804778048634
-8.881784197001252e-16, 28.591412069730215, -11.099999899999853
3.907985046680551e-14, 28.591412069730215, -11.099999899999853
-4.360796992839606, 28.235138577003298, -11.112195021951072
-8.61343331215869, 27.216571548584163, -11.124390143902291
-12.661499115426572, 25.568648131402657, -11.136585265853512
-16.412778002375763, 23.330173105025906, -11.148780387804731
-19.776371201063846, 20.546485487896433, -11.16097550975595
-22.666015900812578, 17.27657053847756, -11.173170631707169
-25.019297150461124, 13.603965363198615, -11.185365753658388
-26.789837466024206, 9.619546995862041, -11.19756087560961
-27.939080045088694, 5.415623371645828, -11.20975599756083
-28.43374047966294, 1.0877390006771739, -11.221951119512049
-28.25218341232909, -3.2623965022562005, -11.234146241463268
-27.40475090229563, -7.531634503555102, -11.246341363414487
-25.921474096953176, -11.622218707842777, -11.258536485365706
-23.839698952651474, -15.441308991883847, -11.270731607316925
-21.202241196174953, -18.897698122970112, -11.282926729268144
-18.063341117858872, -21.90327951583408, -11.295121851219365
-14.499755695869341, -24.38901383746363, -11.307316973170586
-10.60139331733318, -26.305484143360566, -11.319512095121805
-6.460142570248342, -27.61287228748523, -11.331707217073024
-2.170010215182004, -28.276161996483335, -11.343902339024243
2.1694634267085253, -28.269130518291696, -11.356097460975462
6.455239722005542, -27.592057065066854, -11.368292582926681
10.587980450327176, -26.272211297266985, -11.380487704877902
14.474278320458382, -24.346020472034432, -11.392682826829121
18.022959946697043, -21.85419965859048, -11.40487794878034
21.144342319748926, -18.846178450173934, -11.417073070731561
23.761936864384637, -15.391108916271165, -11.42926819268278
25.82322153997074, -11.578198298463715, -11.441463314634
27.28753922507083, -7.499258101667596, -11.453658436585219
28.118682620897278, -3.2468141126227463, -11.465853558536438
28.285984170033544, 1.081998123082263, -11.478048680487657
27.778494291413722, 5.384250011353103, -11.490243802438878
26.62086285934855, 9.55878563990664, -11.502438924390097
24.849139850552305, 13.511687323740487, -11.514634046341317
22.502362536295447, 17.152158093851686, -11.526829168292537
19.625083586564948, 20.38920556035389, -11.539024290243756
16.27802517610698, 23.138066488621988, -11.551219412194975
12.549961635695816, 25.343048945464215, -11.563414534146194
8.532969501230125, 26.963079014651427, -11.575609656097413
4.318150474280318, 27.96129971871331, -11.587804778048634
0.0, 28.30273693513541, -11.599999899999853
3.907985046680551e-14, 28.30273693513541, -11.599999899999853
-4.315963289486549, 27.94725469084186, -11.612195021951072
-8.524270017302005, 26.935671703152888, -11.624390143902291
-12.530839717421527, 25.30437178080559, -11.636585265853512
-16.245355696265005, 23.091491826238425, -11.648780387804731
-19.576279589160688, 20.338468272177757, -11.66097550975595
-22.434640833548006, 17.100674624901767, -11.673170631707169
-24.76090755383889, 13.463837999632526, -11.68536575365839
-26.51271644522998, 9.51989720928784, -11.697560875609609
-27.65281458371741, 5.3596961283928835, -11.70975599756083
-28.145262563739433, 1.0765304797669415, -11.721951119512047
-27.964099581015418, -3.228770889787124, -11.734146241463268
-27.12206207151138, -7.45354965425392, -11.746341363414487
-25.652915867528986, -11.501895768907286, -11.758536485365706
-23.594446619768377, -15.282983904387375, -11.770731607316925
-20.98643691417905, -18.705670889186827, -11.782926729268144
-17.879379060027325, -21.679689110662892, -11.795121851219363
-14.350529148012992, -24.137192209576874, -11.807316973170586
-10.491406825747987, -26.032644273519143, -11.819512095121805
-6.393136253118771, -27.328393890684993, -11.831707217073024
-2.147592985892293, -27.987880345482566, -11.843902339024243
2.1470461426544496, -27.98084833899928, -11.856097460975462
6.3882332232545345, -27.307577894961938, -11.868292582926681
10.47799383095556, -25.999371131430394, -11.8804877048779
14.325051366647273, -24.094198125450816, -11.89268282682912
17.838997234021747, -21.63060830061669, -11.904877948780342
20.928537226887958, -18.65415064641786, -11.917073070731561
23.516682332080922, -15.232782374379603, -11.92926819268278
25.554662401739478, -11.457875056460754, -11.941463314634
27.00484828442622, -7.421172574080604, -11.953658436585219
27.830594923693305, -3.2131878812296755, -11.965853558536438
27.997504952623586, 1.0707893827615789, -11.978048680487658
27.492223621638285, 5.328321820736126, -11.990243802438876
26.34374060590101, 9.459135147967855, -12.002438924390097
24.590747846906726, 13.371558978065416, -12.014634046341317
22.270981982422374, 16.976258232464737, -12.026829168292535
19.42499169986063, 20.181187896943506, -12.039024290243756
16.110598085669835, 22.899378576569642, -12.051219412194975
12.419301948257933, 25.07877097713538, -12.063414534146194
8.443805004291027, 26.682177493647707, -12.075609656097415
4.273315102801217, 27.673405608706535, -12.087804778048632
-8.881784197001252e-16, 28.01406180054059, -12.099999899999853
3.907985046680551e-14, 28.014061800540592, -12.099999899999853
-4.2711277872408795, 27.65935952934544, -12.112195021951072
-8.43510517736598, 26.654769142172828, -12.124390143902291
-12.400179591203187, 25.04009259052107, -12.136585265853512
-16.07792687875672, 22.852801371429685, -12.148780387804733
-19.37618679902698, 20.13044950506178, -12.16097550975595
-22.203257148875096, 16.924772412083463, -12.173170631707169
-24.50251331273411, 13.323708546820438, -12.18536575365839
-26.235592235894355, 9.420245777586084, -12.197560875609609
-27.366538594247093, 5.303766892939231, -12.209755997560828
-27.856780631694058, 1.0653214106971696, -12.221951119512049
-27.676006541787515, -3.195143855981361, -12.234146241463266
-26.83936735434236, -7.375462968155453, -12.246341363414487
-25.384354412160086, -11.381571693408036, -12.258536485365706
-23.349186433918852, -15.12465367056616, -12.270731607316925
-20.770628484239282, -18.51364057509702, -12.282926729268146
-17.69541271804749, -21.45609280037037, -12.295121851219365
-14.201299220618207, -23.8853647302767, -12.307316973170586
-10.381419113424489, -25.759801624428512, -12.319512095121805
-6.326128142607882, -27.043907800955036, -12.331707217073024
-2.1251748239939072, -27.69959284809366, -12.343902339024243
2.124627958366964, -27.692560596289223, -12.356097460975462
6.321224977876284, -27.023091206691202, -12.368292582926681
10.368005955155414, -25.726528098621348, -12.3804877048779
14.17582088775038, -23.84236968659699, -12.392682826829121
17.65502985808217, -21.407010570831815, -12.40487794878034
20.71272847347911, -18.462120174886394, -12.41707307073156
23.271419865918354, -15.074450636505055, -12.42926819268278
25.28609982307764, -11.3375505866128, -12.441463314634
26.7221511503963, -7.343085124839497, -12.453658436585219
27.542497351518087, -3.1795601500247277, -12.46585355853644
27.70902142866062, 1.059580070651773, -12.478048680487657
27.20594131797916, 5.272391366718732, -12.490243802438876
26.06661384836905, 9.359482452142437, -12.502438924390097
24.332349851769663, 13.231427732939474, -12.514634046341316
22.039591328008918, 16.80035085220432, -12.526829168292537
19.224897537949857, 19.973167382529716, -12.539024290243756
15.943163330687979, 22.660679583118807, -12.551219412194975
12.288640735128443, 24.814488176972414, -12.563414534146194
8.354638460202988, 26.401271255884083, -12.575609656097413
4.228477760303826, 27.385498680480755, -12.587804778048634
0.0, 27.725386665945788, -12.599999899999853
3.907985046680551e-14, 27.725386665945788, -12.599999899999853
-4.226290426584427, 27.371452961061472, -12.612195021951072
-8.345938855873255, 26.373864229131733, -12.624390143902291
-12.26951902747034, 24.775811224144096, -12.636585265853512
-15.910491563357732, 22.614101771945023, -12.648780387804733
-19.17609190331969, 19.92242807967729, -12.66097550975595
-21.971864969873625, 16.748864059232513, -12.673170631707169
-24.244114880844783, 13.183577305669697, -12.685365753658388
-25.95846564332254, 9.32059302206475, -12.697560875609609
-27.080252568682752, 5.247835783860683, -12.709755997560828
-27.568294756866102, 1.054111783048649, -12.721951119512047
-27.387905129311807, -3.1615154333008495, -12.734146241463268
-26.55666759856328, -7.2973746325652815, -12.746341363414487
-25.115790578776874, -11.261246834970805, -12.758536485365706
-23.103919223469788, -14.966318799275957, -12.770731607316925
-20.554817523815778, -18.32160857906789, -12.782926729268144
-17.51144215802112, -21.232490612203943, -12.795121851219365
-14.052066070705358, -23.63353161926196, -12.807316973170586
-10.271430240675063, -25.48695630606175, -12.819512095121805
-6.259118133590395, -26.759413566050085, -12.831707217073024
-2.1027556173542803, -27.411298307684238, -12.843902339024243
2.1022088001010935, -27.40426685048397, -12.856097460975462
6.254214866770154, -26.73859659294506, -12.868292582926681
10.258016843356847, -25.45368226726321, -12.8804877048779
14.026586795884041, -23.590534994641907, -12.892682826829121
17.47105746155124, -21.183406020613628, -12.90487794878034
20.496916990031345, -18.27008787082227, -12.917073070731561
23.026149945735458, -14.916114017055884, -12.92926819268278
25.017534637058397, -11.217225256321576, -12.941463314634
26.439448794850815, -7.264995990303262, -12.953658436585219
27.254391125065293, -3.1459310013511304, -12.965853558536438
27.4205347369108, 1.0483702414219498, -12.978048680487657
26.91964966557816, 5.216459196456887, -12.990243802438878
25.78948530677671, 9.259828666688566, -13.002438924390097
24.07394817585356, 13.091295014990148, -13.014634046341316
21.808192325269914, 16.624437490345553, -13.026829168292535
19.024802246047244, 19.76514533506596, -13.039024290243756
15.775722191231687, 22.421971622256976, -13.051219412194975
12.1579788102229, 24.550202494852304, -13.063414534146196
8.265469946065465, 26.12036077833393, -13.075609656097415
4.183638292888263, 27.097577751897024, -13.087804778048634
-8.881784197001252e-16, 27.43671153135097, -13.099999899999853
3.552713678800501e-14, 27.43671153135097, -13.099999899999853
-4.181451079569968, 27.08353408366832, -13.112195021951072
-8.256770799626214, 26.092956035988074, -13.124390143902291
-12.138857818846809, 24.511527121097508, -13.136585265853512
-15.743050031386204, 22.375393480144634, -13.148780387804733
-18.975998288048977, 19.71440796687846, -13.160975509755952
-21.740465214051333, 16.572950398634916, -13.173170631707169
-23.985713460013045, 13.043445026396665, -13.185365753658388
-25.68133765217559, 9.220939344135783, -13.197560875609609
-26.79395768393007, 5.191903089292065, -13.209755997560828
-27.279808749724765, 1.0429018946124018, -13.221951119512049
-27.099795534171776, -3.1278855984440734, -13.234146241463268
-26.27396313292862, -7.219284710448967, -13.246341363414487
-24.847224457978406, -11.140921232325407, -13.258536485365706
-22.858644451920256, -14.807978961706784, -13.270731607316925
-20.33900299791576, -18.12957404703596, -13.282926729268146
-17.327467091856875, -21.00888215423312, -13.295121851219365
-13.902829333366645, -23.381692260689654, -13.307316973170586
-10.161440108819079, -25.214108126891087, -13.319512095121805
-6.192106191653869, -26.47491114861825, -13.331707217073024
-2.080335386382588, -27.12299742437335, -13.343902339024243
2.079788615669692, -27.115966682991726, -13.356097460975462
6.187202784626431, -26.454093597724388, -13.368292582926681
10.148026446366831, -25.18083347586903, -13.380487704877902
13.877349157380335, -23.338694094646016, -13.39268282682912
17.287080648469868, -20.95979528154217, -13.404877948780342
20.28110162812451, -18.078052761901105, -13.417073070731561
22.78087212913385, -14.757772216337852, -13.42926819268278
24.74896677785944, -11.09689901245287, -13.441463314634
26.156741228387283, -7.186905125424316, -13.453658436585219
26.966276343423516, -3.1123003794720514, -13.465853558536438
27.132046387387767, 1.0371600317543224, -13.478048680487658
26.6333483203935, 5.160525250997002, -13.490243802438878
25.51235518167708, 9.160173891467506, -13.502438924390097
23.81554339097274, 12.951161223796836, -13.514634046341317
21.576785780317326, 16.44851890868639, -13.526829168292537
18.82470820878653, 19.557124583561926, -13.539024290243756
15.608274316716749, 22.18325413961024, -13.551219412194975
12.027316418892802, 24.285914504607575, -13.563414534146194
8.17630005749283, 25.839448630780357, -13.575609656097413
4.138796924181352, 26.809646210542695, -13.587804778048634
0.0, 27.148036396756144, -13.599999899999853
3.552713678800501e-14, 27.148036396756144, -13.599999899999853
-4.13660964628459, 25.50220339746084, -13.612195021951072
-8.167600870544709, 23.319865512226716, -13.624390143902291
-12.008195566469716, 20.7347096523008, -13.636585265853512
-15.57560108807965, 17.85936010593757, -13.648780387804733
-18.77590319273717, 14.793280698613014, -13.66097550975595
-21.509055435537476, 11.641854717738337, -13.673170631707169
-23.727306471899283, 8.536983807377096, -13.68536575365839
-25.40420564155217, 5.593060639417378, -13.697560875609609
-26.507650770698607, 2.9003197904400038, -13.70975599756083
-26.991318880285146, 0.5325621763369706, -13.721951119512049
-26.811674987056865, -1.4471276688016033, -13.734146241463268
-25.99125164687495, -2.993316170313948, -13.746341363414487
-24.578654278608965, -4.084035852464264, -13.758536485365706
-22.613360664618174, -4.7162205768628755, -13.770731607316925
-20.1231844342889, -4.9016176258257715, -13.782926729268146
-17.143486532234714, -4.669042249310333, -13.795121851219367
-13.753588554237675, -4.07125273360556, -13.807316973170586
-10.05144849466743, -3.176014400730862, -13.819512095121805
-6.125092245607548, -2.0578668033400422, -13.831707217073024
-2.0579142038412193, -0.7985732386962816, -13.843902339024243
2.0573673346337795, 0.5102635491455612, -13.856097460975462
6.1201887300519004, 1.7733515375443716, -13.868292582926681
10.038034832481546, 2.9031613753080343, -13.8804877048779
13.728108065451387, 3.819402715012009, -13.892682826829121
17.103099474148507, 4.445421915713723, -13.904877948780342
20.065281197499065, 4.7095781268773615, -13.91707307073156
22.535585974450196, 4.5578712677647255, -13.92926819268278
24.48039606623909, 3.9637080484392624, -13.941463314634
25.874028046522604, 2.915222700620325, -13.953658436585219
26.678152349237216, 1.4134949417719973, -13.96585355853644
26.843553536022984, -0.5213512281590792, -13.978048680487657
26.347034378124754, -2.844382805956538, -13.990243802438878
25.23522080631995, -5.49340321682035, -14.002438924390097
23.557132665332816, -8.396846525768122, -14.014634046341316
21.34536828349436, -11.465926541367056, -14.026829168292537
18.624611206146145, -14.585257145344837, -14.039024290243756
15.440819579084632, -17.62063142482794, -14.051219412194975
11.896653818545936, -20.470418486113008, -14.063414534146194
8.087128832387457, -23.038950126661433, -14.075609656097415
4.093953580952691, -25.21425875870958, -14.087804778048632
8.881784197001252e-16, -26.859361262161343, -14.099999899999853
0.0, -26.859361262161347, -14.099999899999853
-4.091765874733973, -26.507655492486204, -14.112195021951072
-8.078428718784757, -25.531127092581556, -14.124390143902291
-11.877532097234159, -23.982947215072073, -14.136585265853512
-15.408144773571285, -21.897945024856217, -14.148780387804733
-18.57580734518508, -19.29836274492092, -14.16097550975595
-21.27763514554627, -16.221100785467087, -14.17317063170717
-23.468893974840675, -12.763172776054027, -14.185365753658388
-25.127070125527425, -9.021626084254214, -14.197560875609609
-26.221332545994965, -5.080030770330866, -14.20975599756083
-26.702826565975652, -1.0204804790278643, -14.221951119512047
-26.523543980693876, 3.0606208778402695, -14.234146241463268
-25.708533967984465, 7.063098566925527, -14.246341363414487
-24.310080997507818, 10.9002660710327, -14.258536485365706
-22.368068571040137, 14.491282234057453, -14.270731607316925
-19.907361896667233, 17.74549634916522, -14.282926729268144
-16.959500872057294, 20.56164318104215, -14.295121851219367
-13.604343937287348, 22.877992827457227, -14.307316973170586
-9.941455492131382, 24.66840187829937, -14.319512095121805
-6.058076192182604, 25.905880707686734, -14.331707217073024
-2.0354919160003573, 26.54637882978692, -14.343902339024243
2.034944942435665, 26.539345759201737, -14.356097460975462
6.053172601397822, 25.885062206170208, -14.368292582926681
9.928041833946747, 24.635127169468895, -14.3804877048779
13.578863107820188, 22.834993384318793, -14.392682826829121
16.919113957639382, 20.51255524313027, -14.404877948780342
19.849456286694732, 17.693971733423155, -14.417073070731561
22.2902907415131, 14.44107188741898, -14.429268192682779
24.211821436965362, 10.856243204257579, -14.441463314634
25.591307681864297, 7.03071748617419, -14.453658436585219
26.390017074620957, 3.045034221194748, -14.465853558536438
26.55505683258102, -1.0147377391258292, -14.478048680487658
26.06070866601455, -5.048650037260182, -14.490243802438878
24.958083084753333, -8.960858293164561, -14.502438924390097
23.29871683804483, -12.670885813751699, -14.514634046341316
21.113940997627562, -16.096658663192798, -14.526829168292537
18.424513437878726, -19.141074541866356, -14.539024290243756
15.273356837466535, -21.705788116712927, -14.551219412194975
11.765989667486684, -23.757329995007893, -14.563414534146194
7.99795520426145, -25.277615825977747, -14.575609656097413
4.04910780604773, -26.233745865340897, -14.587804778048634
0.0, -26.57068612756652, -14.599999899999853
0.0, -26.570686127566542, -14.599999899999853
-4.077325269860577, -24.961571627880105, -14.612195021951072
-8.105266872770402, -22.85933033033072, -14.624390143902291
-11.989547910977581, -20.42553924752202, -14.636585265853512
-15.61983613664789, -17.799423598834164, -14.648780387804731
-18.858487383183274, -15.089405414237774, -14.66097550975595
-21.579887510384584, -12.378728352975156, -14.673170631707169
-23.711909401795157, -9.793058769387734, -14.685365753658388
-25.152614855371596, -7.433191400260937, -14.697560875609609
-25.855728636404116, -5.3422727978741404, -14.70975599756083
-25.77247672956833, -3.547199721635844, -14.721951119512049
-24.839821178559035, -2.0512526571582965, -14.734146241463268
-23.07348019542888, -0.8264180939048877, -14.746341363414487
-20.553539690780262, 0.16334296903978718, -14.758536485365706
-17.366510559852227, 0.9544585326450843, -14.770731607316925
-13.582625589993693, 1.6502701994960152, -14.782926729268146
-10.272751940701143, 3.1472922482898653, -14.795121851219365
-7.912378574957911, 5.614370763550019, -14.807316973170586
-5.5422997267176335, 7.9355366926662265, -14.819512095121805
-3.2313791695724734, 10.134714751522937, -14.831707217073024
-1.0366865123699334, 12.22862784725227, -14.843902339024243
0.9873204572445877, 14.234709058939966, -14.856097460975462
2.7907366272137915, 16.20019136595808, -14.868292582926683
4.337452061671867, 18.195624308773947, -14.880487704877902
5.604601602064884, 20.283210378167468, -14.892682826829121
6.574561600630316, 22.513265910455896, -14.904877948780342
9.04485311097073, 22.95898739391548, -14.917073070731561
12.8722046659284, 21.343884380603164, -14.92926819268278
16.43070249035341, 18.99084910470292, -14.941463314634
19.62378141521753, 16.027142032851025, -14.953658436585219
22.29573491735276, 12.467422734588745, -14.965853558536438
24.276813343193922, 8.377451157119255, -14.978048680487657
25.492501676447276, 3.9129300221967585, -14.990243802438876
25.929502218221067, -0.7693366132116045, -15.002438924390097
25.475817162826434, -5.533326784215639, -15.014634046341317
23.995637523149096, -10.170522674468058, -15.026829168292537
21.70040221723902, -14.536043681212348, -15.039024290243756
18.613063050821502, -18.466681634002093, -15.051219412194975
14.709262234778578, -21.69360556274878, -15.063414534146194
10.171006045934766, -24.090211944540993, -15.075609656097415
5.220469133875937, -25.658610937160443, -15.087804778048634
0.0, -26.282010992971724, -15.099999899999853
3.552713678800501e-14, 26.282010992971724, -15.099999899999853
-5.248345998817417, 24.400434516526836, -15.112195021951072
-10.27704099894124, 21.698832149089462, -15.124390143902291
-14.930277079464632, 18.398726688925674, -15.136585265853512
-18.955552317077295, 14.603104471974161, -15.148780387804731
-22.128614901676947, 10.52873144890756, -15.160975509755952
-24.455171769349725, 6.49359697325125, -15.17317063170717
-25.883977921332175, 2.687440043141397, -15.18536575365839
-26.121792900855276, -0.7412306218807111, -15.197560875609609
-25.288009866812217, -3.622550537742235, -15.209755997560828
-23.499702443720167, -5.87308777215648, -15.221951119512047
-20.760458545666772, -7.42700933811345, -15.234146241463268
-17.132709913830425, -8.256315215279567, -15.246341363414487
-12.811273571567906, -8.41678023954019, -15.258536485365706
-8.000330102711139, -8.006959970527536, -15.270731607316925
-2.8442023323539414, -7.090884490126166, -15.282926729268146
1.3204901750453457e-14, -5.338576203931433, -15.295121851219365
1.25138253070671e-14, -3.2523858366310376, -15.307316973170586
1.1654584309646399e-14, -1.6803898128510149, -15.319512095121805
1.0627178758191347e-14, -0.6225881325913947, -15.331707217073024
9.431608652701954e-15, -0.07898079585215423, -15.343902339024243
8.067873993178207e-15, -0.04956780263331373, -15.356097460975462
6.535974779620111e-15, -0.5343491529348658, -15.368292582926681
4.835911012027673e-15, -1.5333248467567966, -15.3804877048779
2.9676826904008834e-15, -3.0464948840991157, -15.392682826829121
9.312898147397625e-16, -5.073859264961797, -15.40487794878034
2.8348301851831774, -6.802956140398891, -15.41707307073156
7.970751670770204, -7.726938090076834, -15.42926819268278
12.757845256845062, -8.162332254309007, -15.441463314634
17.053389700948042, -8.039520947329516, -15.453658436585219
20.652706451637663, -7.25238806555101, -15.46585355853644
23.363424947917302, -5.746673311438863, -15.478048680487658
25.12864231663559, -3.5518401951043908, -15.490243802438878
25.945815141276945, -0.7292132466175668, -15.502438924390095
25.694416439744742, 2.640490149311016, -15.514634046341317
24.260495206672417, 6.389317005797972, -15.526829168292537
21.9416206199563, 10.37300450548471, -15.539024290243754
18.78785785531371, 14.403253932711136, -15.551219412194975
14.789067060300194, 18.15854294470928, -15.563414534146194
10.172947491861954, 21.42818587381668, -15.575609656097413
5.192400046551923, 24.114536938726594, -15.587804778048634
0.0, 25.99333585837692, -15.599999899999853
0.0, -25.99333585837692, -15.599999899999853
-5.1895309359607635, -25.35153710435327, -15.612195021951072
-10.161693985956603, -23.74617349115631, -15.624390143902291
-14.764858923358677, -21.274447854636325, -15.636585265853512
-18.747201952250027, -17.89967644779957, -15.648780387804731
-21.881298048953283, -13.725260474268884, -15.66097550975595
-24.179941586377286, -9.039488109333266, -15.673170631707169
-25.596114949662603, -4.013789025067513, -15.685365753658388
-25.833187321868614, 1.1974096236911782, -15.697560875609609
-25.003918251524432, 6.343687379531715, -15.709755997560828
-23.233639679644128, 11.24905980486312, -15.721951119512047
-20.527935417067937, 15.704132443353654, -15.734146241463268
-16.94140786448619, 19.479009485915306, -15.746341363414485
-12.665236343957718, 22.450214170432808, -15.758536485365706
-7.9070454578416385, 24.57551802293268, -15.770731607316925
-2.8092713378225183, 25.643759726620566, -15.782926729268144
3.390103977096682e-14, 23.481553654514748, -15.795121851219363
3.036424222235922e-14, 18.258408994683663, -15.807316973170586
2.6827465269223024e-14, 13.038133833761062, -15.819512095121803
2.329070891155824e-14, 7.820728171746941, -15.831707217073024
1.9753973149364882e-14, 2.6061920086413144, -15.843902339024241
1.621725798264292e-14, -2.6054746555558497, -15.856097460975462
1.2680563411392381e-14, -7.814271820844524, -15.868292582926681
9.143889435613258e-15, -13.020199487224705, -15.8804877048779
5.607236055305546e-15, -18.22325765469641, -15.89268282682912
2.0706032704692547e-15, -23.423446323259615, -15.904877948780339
2.7999003805344085, -25.566508431439043, -15.91707307073156
7.877468297898508, -24.486730032029946, -15.929268192682777
12.611807966829481, -22.35711898308484, -15.941463314633998
16.862087043762862, -19.389114969819104, -15.953658436585219
20.420181375276, -15.623208022040835, -15.965853558536438
23.097360750312042, -11.184307810929575, -15.978048680487657
24.844544643878848, -6.304016791411519, -15.990243802438876
25.657207191837255, -1.190079576881352, -16.002438924390095
25.406543826921336, 3.9828711997443507, -16.014634046341314
23.985262466774696, 8.965729353095515, -16.026829168292537
21.694294816902996, 13.607512152691974, -16.039024290243752
18.57950534303081, 17.738821554984355, -16.051219412194975
14.623641192870672, 21.069403427865108, -16.06341453414619
10.057598400614689, 23.501928406578273, -16.075609656097413
5.133581855291579, 25.079573060515106, -16.087804778048632
0.0, 25.7046607237821, -16.09999989999985
0.0, -25.7046607237821, -16.09999989999985
-5.1306920823985305, -25.065524886500825, -16.11219502195107
-10.046264826814753, -23.475337951253714, -16.12439014390229
-14.599254266070297, -21.03399970017356, -16.13658526585351
-18.538546233507812, -17.69953704756816, -16.14878038780473
-21.633534663616558, -13.569256962943465, -16.16097550975595
-23.9041338044967, -8.934999715747445, -16.17317063170717
-25.30752524580847, -3.9667340302355703, -16.185365753658388
-25.543739340003736, 1.185342519157126, -16.197560875609607
-24.718925091135194, 6.272736070741328, -16.209755997560826
-22.966664439824356, 11.122185586514714, -16.22195111951205
-20.29450985751929, 15.528793086733796, -16.234146241463264
-16.749289953771065, 19.261244494983888, -16.246341363414487
-12.51856065693267, 22.19458713874722, -16.258536485365703
-7.813352777905406, 24.29413451365211, -16.27073160731692
-2.774202794152787, 25.354263066222558, -16.282926729268144
3.256905057749065e-14, 23.21533155793312, -16.295121851219363
2.9079458960637504e-14, 18.051273921992255, -16.307316973170586
2.5605171974914112e-14, 12.890127752276523, -16.3195120951218
2.2146189620320486e-14, 7.731893048785949, -16.331707217073024
1.8702511896856617e-14, 2.5765698115205065, -16.34390233902424
1.5274138804522502e-14, -2.5758419595198028, -16.35609746097546
1.186107034331815e-14, -7.725342264334957, -16.368292582926678
8.463306513243555e-15, -12.871931102924972, -16.3804877048779
5.08084731429872e-15, -18.015608475289852, -16.39268282682912
1.7136927464836402e-15, -23.156374381429586, -16.40487794878034
2.764728895553176, -25.275867634764438, -16.417073070731558
7.783394068423844, -24.204083456577685, -16.429268192682777
12.464396118841496, -22.100145681659235, -16.441463314634
16.668814583808803, -19.16998869629712, -16.45365843658522
20.185195811540325, -15.446637826672017, -16.465853558536438
22.828481245482408, -11.056480875310635, -16.478048680487657
24.557270934107986, -6.23246693931105, -16.490243802438876
25.36512982310381, -1.177868944606393, -16.502438924390095
25.115163911541128, 3.9354082659847482, -16.514634046341314
23.706693434101176, 8.860233062307737, -16.526829168292533
21.443823574645062, 13.44982250755049, -16.539024290243752
18.368317795303646, 17.5362845373529, -16.551219412194975
14.45594701753575, 20.825982558267217, -16.563414534146194
9.940684845694964, 23.227648661847063, -16.575609656097413
5.073940731919378, 24.78961254875417, -16.587804778048632
-4.440892098500626e-16, 25.411641085043836, -16.59999989999985
0.0, -25.411641085043815, -16.59999989999985
-5.07080611964343, -24.77435892939433, -16.61219502195107
-9.928394044492329, -23.198835965600033, -16.62439014390229
-14.429428218494772, -20.78754349501785, -16.636585265853512
-18.32370322030829, -17.493534704150974, -16.64878038780473
-21.377864189823782, -13.408326153674235, -16.66097550975595
-23.61874424551056, -8.827009044550717, -16.673170631707166
-25.007551152189514, -3.9180077141625858, -16.685365753658388
-25.241642387158375, 1.1725946625718742, -16.697560875609607
-24.421015944213003, 6.198405765441781, -16.709755997560826
-22.686936978987056, 10.988946519968101, -16.721951119512045
-20.048785851851115, 15.343769782644472, -16.734146241463264
-16.54629638986318, 19.03068790029422, -16.746341363414487
-12.363529655296766, 21.923725818237745, -16.758536485365703
-7.714349181131782, 23.995246964416275, -16.770731607316925
-2.7373313374961974, 25.045027721772755, -16.782926729268144
3.049716169312775e-14, 22.930202550901164, -16.795121851219363
2.7293553962111854e-14, 17.828702584265024, -16.807316973170586
2.4092143938630746e-14, 12.730573701863939, -16.8195120951218
2.089293162268445e-14, 7.635815903697911, -16.831707217073024
1.7695917014272936e-14, 2.544429189766917, -16.84390233902424
1.4501100113396236e-14, -2.5435864399290105, -16.856097460975462
1.130848092005433e-14, -7.628230985389902, -16.86829258292668
8.118059434247226e-15, -12.709504446615737, -16.8804877048779
4.929835655974923e-15, -17.787406823606517, -16.89268282682912
1.7438095852374121e-15, -22.861938116362257, -16.90487794878034
2.7267137431800874, -24.95414059504472, -16.917073070731558
7.680194856235273, -23.891378527915087, -16.929268192682777
12.301309828033425, -21.814605828851025, -16.941463314634
16.45320435847652, -18.92460087138226, -16.95365843658522
19.922486266244285, -15.248246792679462, -16.965853558536438
22.527874097089885, -10.912827791128247, -16.978048680487657
24.234462268775985, -6.151629504076272, -16.990243802438876
25.034355119409277, -1.1635861957937337, -17.002438924390095
24.784843532483205, 3.8822178929990816, -17.014634046341314
23.391093698297283, 8.741191585965481, -17.026829168292533
21.15862736949505, 13.270483345072147, -17.039024290243752
18.125864043256676, 17.304103300894333, -17.051219412194975
14.26334851921914, 20.547103285640475, -17.063414534146194
9.806594023385248, 22.913489920907878, -17.075609656097413
5.005307622438528, 24.45538021575188, -17.08780477804863
-8.881784197001252e-16, 25.0711265718468, -17.09999989999985
0.0, -25.07112657184678, -17.09999989999985
-5.001627957970919, -23.264412363066562, -17.11219502195107
-9.79217229350052, -20.68244483378035, -17.12439014390229
-14.232089490370536, -17.547198854478616, -17.136585265853512
-18.073118117194213, -13.936704056477726, -17.14878038780473
-21.081096803397223, -10.043448967222703, -17.16097550975595
-23.287959019994787, -6.191266155636761, -17.17317063170717
-24.658100883825995, -2.561410881047173, -17.185365753658388
-24.888578390098434, 0.7113246580478865, -17.197560875609607
-24.074531644773334, 3.4625847522023685, -17.209755997560826
-22.362166899258106, 5.6142627158756575, -17.221951119512045
-19.762170106275498, 7.106987084233854, -17.234146241463264
-16.30904928076653, 7.905566118682704, -17.246341363414484
-12.183465349472957, 8.059110903784656, -17.258536485365703
-7.60014435553966, 7.672996213319283, -17.270731607316925
-2.695503124286942, 6.810036618005993, -17.282926729268144
1.8594949197059854e-14, 5.136843533072147, -17.295121851219363
1.5971647970694897e-14, 3.1395856061982848, -17.307316973170586
1.3501173676648293e-14, 1.631320333287591, -17.319512095121805
1.1183526314920055e-14, 0.6120477143400689, -17.331707217073024
9.018705885510173e-15, 0.08176774935571252, -17.34390233902424
7.006712388418659e-15, 0.04048043833453674, -17.356097460975462
5.1475458236454964e-15, 0.4881857812765231, -17.36829258292668
3.4412061911907008e-15, 1.42488377818169, -17.3804877048779
1.887693491054269e-15, 2.850574429050032, -17.39268282682912
4.870077232361906e-16, 4.765257733881535, -17.40487794878034
2.683233015103776, 6.404751449425833, -17.417073070731558
7.559965962740746, 7.283059101343463, -17.429268192682777
12.109711297757242, 7.703495562638408, -17.441463314634
16.197923181825328, 7.598647124163494, -17.45365843658522
19.611571420398814, 6.859654427877339, -17.465853558536438
22.17323307129814, 5.436611011652592, -17.478048680487653
23.852371017256253, 3.362642929611396, -17.490243802438876
24.64032530344301, 0.6929835790473109, -17.502438924390095
24.391998833342406, -2.4973357222128563, -17.514634046341314
23.017101424227516, -6.047566162916026, -17.526829168292533
20.81964783447373, -9.826319687774491, -17.539024290243752
17.835843051304426, -13.65487565420886, -17.551219412194975
14.033479103117823, -17.211248004217946, -17.563414534146194
9.647171269593212, -20.306540946634733, -17.575609656097413
4.923620083109871, -22.86435343109717, -17.587804778048632
2.7977620220553945e-14, -24.662790650776703, -17.59999989999985
3.197442310920451e-14, 24.66279065077671, -17.59999989999985
-4.891283008990692, 22.87913268092334, -17.61219502195107
-9.523244421707764, 20.30408415376546, -17.62439014390229
-13.772269664111061, 17.135578832467402, -17.636585265853512
-17.422935057135074, 13.418209246178144, -17.64878038780473
-20.28465804944768, 9.321654973370803, -17.66097550975595
-22.40522744555256, 5.185854775281144, -17.673170631707166
-23.776844015183183, 1.1968122582326255, -17.685365753658388
-24.182253421425802, -2.503994198966394, -17.697560875609607
-23.73544636299553, -5.713265312416138, -17.709755997560826
-22.572094460867746, -8.313691768520709, -17.721951119512045
-20.704585690578746, -10.195764129524532, -17.734146241463264
-18.184575389607218, -11.2527982533273, -17.746341363414484
-15.174703309990461, -11.47464436299246, -17.758536485365703
-11.84052449776071, -10.937756218240622, -17.77073160731692
-8.268495570250304, -9.625009353895187, -17.782926729268144
-5.978530012509344, -6.3925130841218385, -17.795121851219363
-5.093111839946247, -1.6213588385414734, -17.807316973170586
-3.9396152427755875, 2.8044594955644984, -17.8195120951218
-2.5348225877230073, 6.843879192996525, -17.831707217073024
-0.8970265561186783, 10.436918120927388, -17.84390233902424
0.9418777410966404, 13.507857467182005, -17.856097460975462
2.9350578083360896, 16.012553091281763, -17.868292582926678
5.033953104939398, 17.947185707706968, -17.8804877048779
7.190276004723153, 19.302646954944876, -17.89268282682912
9.341453594687414, 20.05298392081618, -17.90487794878034
12.376626019223373, 19.100150012855828, -17.917073070731558
15.855507495583439, 16.598029968743603, -17.929268192682777
18.784990121421593, 13.484803327823577, -17.941463314633996
21.110131775692302, 9.92901820560498, -17.95365843658522
22.743124156021533, 6.02810688529132, -17.965853558536438
23.59863915201229, 1.9142996906904473, -17.978048680487657
23.658804771843222, -2.2463825707928686, -17.990243802438876
22.999048421805917, -6.313297210579251, -18.002438924390095
21.67022492118072, -10.178830791626062, -18.014634046341314
19.71869584035425, -13.729063355722054, -18.026829168292533
17.22917402537835, -16.855360743139503, -18.039024290243752
14.253728111476114, -19.44281173154234, -18.05121941219497
10.923436385318933, -21.460396132711647, -18.06341453414619
7.375599658332952, -22.927643749141062, -18.07560965609741
3.708145797844339, -23.84627993972892, -18.087804778048632
-4.440892098500626e-16, -24.169537808949368, -18.09999989999985
0.0, -24.169537808949375, -18.09999989999985
-3.7027979230116466, -22.699381008461877, -18.11219502195107
-7.354654554828634, -20.77926962489543, -18.12439014390229
-10.87769658616907, -18.571515918647457, -18.13658526585351
-14.176188669931808, -16.19985833504931, -18.148780387804727
-17.11625791863163, -13.747826140045728, -18.160975509755946
-19.569047647437955, -11.27375924888618, -18.17317063170717
-21.485069281074406, -8.907125051521309, -18.185365753658388
-22.785234042176103, -6.7490576683494705, -18.197560875609607
-23.42641729939482, -4.836084079590232, -18.209755997560826
-23.358881713866484, -3.1883279633011616, -18.221951119512045
-22.509701291464488, -1.8125038807364193, -18.234146241463264
-20.899830481710282, -0.683066771703257, -18.246341363414484
-18.615072314513313, 0.23848513411594663, -18.258536485365703
-15.741569913639054, 0.9803770655102868, -18.270731607316925
-12.333547523235824, 1.6268145374051421, -18.282926729268144
-9.34145314454585, 2.9834694344932426, -18.295121851219363
-7.1902755387476445, 5.196589579872964, -18.307316973170582
-5.033952810213251, 7.278738912181074, -18.3195120951218
-2.9350577331529557, 9.25587037074394, -18.331707217073024
-0.9418778839246122, 11.13709347405351, -18.34390233902424
0.8970264200920384, 12.926220448715238, -18.356097460975462
2.534822652653895, 14.667406480630545, -18.36829258292668
3.939615473430832, 16.436363416899543, -18.3804877048779
5.093112170012234, 18.29307458219717, -18.39268282682912
5.978530300599945, 20.278602794665844, -18.40487794878034
8.193828735251289, 20.66210517872136, -18.417073070731558
11.620790025460458, 19.182003978321614, -18.429268192682777
14.808731699869686, 17.05588501772006, -18.441463314633996
17.67635657136018, 14.393071115713795, -18.453658436585215
20.06799359421531, 11.187719639202621, -18.465853558536438
21.828851354830928, 7.50445374130678, -18.478048680487653
22.90919994214989, 3.4945668748541805, -18.490243802438876
23.30029489079488, -0.7064732533500787, -18.502438924390095
22.877546644971957, -4.9800274664256605, -18.514634046341314
21.532320819170643, -9.136719891013046, -18.526829168292533
19.471683532201006, -13.052569359323627, -18.539024290243752
16.70571498993074, -16.57907652475306, -18.551219412194975
13.192921267883921, -19.456848249431772, -18.563414534146194
9.114842704062758, -21.58909827989813, -18.575609656097413
4.677392295802958, -22.99655293193175, -18.587804778048632
0.0, -23.56208357098382, -18.59999989999985
3.197442310920451e-14, 23.56208357098384, -18.59999989999985
-4.672273088913496, 21.86684611049823, -18.61219502195107
-9.094677942402821, 19.41403900158279, -18.62439014390229
-13.148370510530206, 16.391523889876765, -18.636585265853512
-16.628261642106033, 12.84375405894564, -18.64878038780473
-19.35450293115525, 8.933663752730151, -18.66097550975595
-21.37181121077112, 4.982595494057436, -18.673170631707166
-22.6719183327644, 1.1684667888973737, -18.685365753658388
-23.048757266581585, -2.3723371942102474, -18.697560875609607
-22.612627050138027, -5.445866499010092, -18.709755997560826
-21.491732972322783, -7.940169041252068, -18.721951119512045
-19.700319528317507, -9.749859202472896, -18.734146241463264
-17.289295734896296, -10.773506221807125, -18.746341363414484
-14.412793358248011, -11.002093389024424, -18.758536485365703
-11.227176451666708, -10.507082350270732, -18.77073160731692
-7.816660406767722, -9.27062220688983, -18.782926729268144
-5.635758475357845, -6.1995364854659005, -18.795121851219363
-4.802127315761328, -1.6559476388515169, -18.807316973170582
-3.71513207789874, 2.5581991002233986, -18.8195120951218
-2.390370826442976, 6.402797313099921, -18.831707217073024
-0.8458345855648963, 9.822312439969556, -18.84390233902424
0.8881262262439591, 12.7488667393783, -18.856097460975462
2.767797882827067, 15.14120782666568, -18.868292582926678
4.747113453906858, 16.99209091930088, -18.8804877048779
6.779474194406115, 18.29111887300259, -18.89268282682912
8.805872833447962, 19.015071394344076, -18.90487794878034
11.679790545396822, 18.11842197827781, -18.917073070731558
14.982459236451408, 15.749828387620655, -18.929268192682777
17.76228409583977, 12.800450163309938, -18.941463314634
19.964437145948303, 9.430348110479496, -18.953658436585215
21.506961128071303, 5.733941095059543, -18.965853558536438
22.31381442511772, 1.8376107280661231, -18.978048680487657
22.371939859983236, -2.1018684360774094, -18.990243802438876
21.747645992288078, -5.951032737755634, -19.002438924390095
20.48630839376353, -9.606165718801385, -19.014634046341314
18.632747540842793, -12.958626530152186, -19.026829168292533
16.27256001572891, -15.908290171854267, -19.039024290243756
13.459747130823947, -18.351870672074302, -19.051219412194975
10.31338916470432, -20.255922586878107, -19.063414534146194
6.961443767800676, -21.63438314199506, -19.075609656097413
3.4980306038377664, -22.488889035305963, -19.087804778048632
-4.440892098500626e-16, -22.78147067212907, -19.09999989999985
