-0.0, -0.16614297813328366, 0.9861016736711298
-0.01860980384294727, -0.17221365066465183, 0.9835844876517374
-0.03848216041324017, -0.1769375040957541, 0.9809023160481449
-0.059304740586008285, -0.1789312286903994, 0.9782626083496755
-0.08047547935274578, -0.17745622092268043, 0.9758226704991642
-0.10141689804431248, -0.17248339652596253, 0.9736297168421781
-0.12186789862746206, -0.16443547803810812, 0.9716138306870614
-0.14207053691509075, -0.15404023552080115, 0.9695696961014333
-0.16268330174424514, -0.14214897714207586, 0.9671494012688546
-0.18326327641823803, -0.12842359647984541, 0.964373969217927
-0.2025566083916545, -0.11199682985982967, 0.9615776544788589
-0.21949255267113482, -0.09260849151758732, 0.9590061699696854
-0.2334205134904498, -0.07054230671558334, 0.9567638939273071
-0.2442198759970277, -0.04631167340265569, 0.9548091273648531
-0.2523558786248833, -0.020385477522543865, 0.9529349750473258
-0.25888577779081484, 0.006963819800775036, 0.9507180948224733
-0.2640173654084568, 0.03561130234854992, 0.947946202828829
-0.2663646684041914, 0.06532354914784669, 0.9449960399259144
-0.264727082162998, 0.09556860258235221, 0.942243602569843
-0.2586048560652667, 0.12563988496625006, 0.9398798023259787
-0.24810091288733438, 0.1549347481970256, 0.9379177789128639
-0.23376207435771168, 0.18320428911275177, 0.9361794491041692
-0.2165136147932521, 0.21077438749513133, 0.9342287642841316
-0.19708522393435496, 0.23806558819187726, 0.9315920316478862
-0.17496752102890753, 0.2642702919842815, 0.9285297115977877
-0.14948156829518933, 0.288037182290399, 0.9255674016680224
-0.12059311336063568, 0.3083170701309122, 0.9230148873605389
-0.08873770036411607, 0.3245262151213038, 0.9209670252467039
-0.05453042230213623, 0.3365994931665195, 0.9193033784633381
-0.01854233747428532, 0.3451642974369773, 0.9176220939918238
0.018872223882021963, 0.3513385334028315, 0.915263308080654
0.05749039654979249, 0.3549381720828993, 0.912177569824
0.09690182676463982, 0.3544346022968207, 0.9090039248366439
0.13641072781889357, 0.34876601937310053, 0.9062070890276168
0.1752157998864453, 0.33758504205805523, 0.9039915248566213
0.21263421293601567, 0.3210870949513628, 0.9023216143233128
0.24840743841099738, 0.29999575431090086, 0.900861593106284
0.28295042310721624, 0.2754616358784966, 0.8988883537208621
0.3165183557892196, 0.24814451351240757, 0.8959226514119384
0.3479416262104186, 0.21736721537021428, 0.892570550160525
0.3757842393761155, 0.1826050112478398, 0.8894922841022681
0.39900698992102906, 0.14401234273691377, 0.8870309544258829
0.41699560962892884, 0.1021674219719853, 0.8852611415453295
0.429750599309466, 0.05784788981218994, 0.8839427822712358
0.438149624719456, 0.011750408319194416, 0.8823910740575138
0.4434851336995277, -0.03571614377557533, 0.8797293358953406
0.4451032698888657, -0.08424446137683889, 0.8762736866632177
0.4413090153766835, -0.13326534607018248, 0.872901782338385
0.43116601202795013, -0.18193038228516042, 0.8701266234379801
0.4144030706124388, -0.22928249885830598, 0.86815819305304
0.391345890344037, -0.27450341907834314, 0.8668802745618394
0.3629833015180657, -0.3173624230975974, 0.8657105652526688
0.33083518479555435, -0.3585515320601511, 0.8635390036292346
0.2953953985465721, -0.3981225621187138, 0.860106029386313
0.255684278908121, -0.43441976342613897, 0.8564599484965949
0.21137418034373126, -0.46596497537816245, 0.8533187759526165
0.16280122737226616, -0.49164122085484185, 0.8510554798423415
0.11069092598055066, -0.5104116804585336, 0.8497214956828201
0.0561959462978678, -0.5231496131686758, 0.8487737427678491
-6.800116025829084e-16, -0.5311681118253915, 0.8472664498136632
-0.0, -0.5311681118253918, 0.8472664498136628
-0.05461928856259785, -0.532230685433296, 0.8440642896390267
-0.10441205036201655, -0.5282282819468527, 0.8402947387607718
-0.14879135840303606, -0.5175719550646047, 0.8369068928262544
-0.18681775111417254, -0.4990960236687138, 0.834453011474446
-0.21804639714750104, -0.4736276367381288, 0.8328874055529358
-0.24246395638356427, -0.4420396507791161, 0.8318402928644164
-0.2606951382832458, -0.40554589426179743, 0.8305868500360926
-0.2739561132959552, -0.3655201900361623, 0.828046449264379
-0.28219302156541715, -0.3217197409066447, 0.8244719861646682
-0.2845274810607666, -0.2734085590690407, 0.8210047327478697
-0.2806461853914662, -0.22081615223540096, 0.8182455004050566
-0.2708543436454714, -0.16475127258330396, 0.8163171725535181
-0.2559617650406928, -0.10615076644982036, 0.815012524947115
-0.2372789078508295, -0.04588210046242368, 0.8138087224169285
-0.21665094807758206, 0.015389277570929491, 0.8117808863646858
-0.1951031218308593, 0.07718525092994744, 0.8085745639219206
-0.17214694449640425, 0.13886617774234317, 0.8051190583650107
-0.14766994684403834, 0.19951037505670094, 0.80213945056597
-0.12221139585614213, 0.2581462877577049, 0.7998886975014416
-0.09669410254113459, 0.31397162958521097, 0.7982966671473668
-0.07225381661002678, 0.36647887118165623, 0.7970123749801138
-0.05017988379964716, 0.4156635936500551, 0.7953269997290164
-0.03150586913550682, 0.46158734745779006, 0.7925522664610527
-0.016241267525938297, 0.5032302174425428, 0.7892112747732061
-0.004278934761328124, 0.5392620709452334, 0.7861007399716136
0.0041160522780752384, 0.5687950299550344, 0.7835838447759489
0.008524993592667895, 0.5913849761264012, 0.7817046685209564
0.008560796456416171, 0.6069122827230262, 0.7802558418958505
0.004002566196990381, 0.6157733233243294, 0.7787322043175615
-0.005121238469564256, 0.6187175283902513, 0.7763830211334526
-0.01859768449573211, 0.6155708294530582, 0.7732471792861111
-0.03621260524603709, 0.6053562870011011, 0.7700938323861644
-0.0577677991131095, 0.5875846611182849, 0.767377692824551
-0.08299256763967183, 0.5623179432858252, 0.7652359342692744
-0.11143885776694187, 0.5298956797179675, 0.7635771332959034
-0.1424128840968502, 0.4909915602610113, 0.7620643899824764
-0.17496410997756298, 0.4465685894081193, 0.7600573962037713
-0.20824042456651923, 0.3973331270141175, 0.7571989486701824
-0.24183175707732155, 0.3433133567131317, 0.7540837066173015
-0.275232707931486, 0.28467415279529484, 0.7512406726072098
-0.3077628508831732, 0.22198078768265855, 0.7488796223065266
-0.3385555662464136, 0.15599106323222373, 0.7469979531392859
-0.3665977309879236, 0.08758046032187333, 0.7453941161819491
-0.3908436736927622, 0.017637836052892823, 0.7435948775903701
-0.41044984714182553, -0.0530617673241586, 0.741047288736298
-0.4250500620568067, -0.12382629224279522, 0.7380388618755916
-0.434193612850284, -0.19386218699365268, 0.7351408366982677
-0.4373212352199594, -0.26229185205366723, 0.7326158134930769
-0.43383378304168707, -0.3282145245271175, 0.7305256988976307
-0.4231415540758492, -0.39073649545183103, 0.7287723690722165
-0.40486502570684674, -0.4491547430875406, 0.7270406618698128
-0.37896981184464595, -0.5031412140144477, 0.7247822692841825
-0.34569317573083447, -0.5523697661725165, 0.721933155719858
-0.30507221846240895, -0.5959284441670003, 0.719046240694055
-0.2571754215392373, -0.6330081451896845, 0.7164184005063579
-0.20221281535933097, -0.6629716076934149, 0.7141556466325284
-0.14046579106586873, -0.6847106790851383, 0.7122397257070899
-0.07283634434497617, -0.6989158461831358, 0.710436203641941
0.0, -0.7058058638178182, 0.7084053095512368
-8.862673362585447e-16, -0.7058058638178193, 0.7084053095512356
0.07232375733004055, -0.7037813597397045, 0.7057593798362053
0.13844090708186382, -0.6941571445876425, 0.7030012257165312
0.1977162725231567, -0.6766074396297084, 0.7004275561478704
0.24927168106789116, -0.6504054917313296, 0.6981368112146359
0.29283085002103426, -0.6166240429133413, 0.6960381044655433
0.3282344794195534, -0.575777176247713, 0.6939997414225667
0.3555979999177301, -0.528421935457171, 0.6918682333441559
0.37531950198921304, -0.4750608772745964, 0.6894890796449011
0.3874403906895528, -0.4159125144794451, 0.687011891197493
0.39189486125122147, -0.35152357002343887, 0.6846278161575816
0.3889356364005059, -0.28271851900810924, 0.6823449804683946
0.3791153446777743, -0.2103900320642482, 0.6800888925174048
0.3631672145480102, -0.13536606143993984, 0.677791487004867
0.34205849705177205, -0.05844471595086395, 0.6754278155556837
0.3170935318487126, 0.019571598980798112, 0.6730603701099924
0.2892809849778979, 0.09779710835293239, 0.6708139112172833
0.25901208981557644, 0.1752743901748729, 0.6686788815829317
0.2268387426152902, 0.2511014936650899, 0.666534735890893
0.19358450023013532, 0.32446369635175454, 0.6642586545584084
0.1602075535613732, 0.39460316120160344, 0.6617892028538132
0.12776518324335814, 0.4607427489491599, 0.6591644002919197
0.09748037708225482, 0.5220572714927051, 0.6566018977143546
0.07046111982287645, 0.5775281333009223, 0.6544203105340147
0.0471101687377328, 0.6264543390591021, 0.6525367103475638
0.02768169479149249, 0.6684469778530987, 0.6506342841620922
0.012596698888920815, 0.7032102255522714, 0.6484780029646566
0.002310194296373802, 0.7304811518168126, 0.6459575708276
-0.0027669340576731913, 0.7498578892319681, 0.6431142145455457
-0.0023249370651588566, 0.7608605832217128, 0.6402371019073487
0.0037003740112882613, 0.7628178628051518, 0.6378915982215916
0.015092887940072242, 0.7555872427625951, 0.636180058636597
0.03165564150272655, 0.7396811130247068, 0.6345802096768127
0.05321649824202965, 0.7155505540252585, 0.6326726999606849
0.07950172120909643, 0.6835975581317157, 0.6302424955739916
0.11005393836845997, 0.6440449293447271, 0.6272773242351672
0.14412602313225742, 0.5970358967466866, 0.624065881243405
0.18049343579683783, 0.542621831952198, 0.6213336613608724
0.2178756833253255, 0.4812200922294708, 0.619616525471015
0.255861300440695, 0.4139867488894644, 0.6183223846444866
0.29410235890908015, 0.3419137484656611, 0.616768659252205
0.33199708061545724, 0.26584087275843843, 0.6145760977260474
0.3686661189561308, 0.18650733938019062, 0.6116248808404157
0.40289187527082315, 0.10464249364815131, 0.6081402624175456
0.43298469748231666, 0.02106165010282928, 0.6048796644229089
0.45710824781990467, -0.06318443380858539, 0.6028889875298157
0.47493184329736043, -0.14698379405589657, 0.601829507529091
0.4865775638669965, -0.22948533029993984, 0.6006970595532235
0.4917833454042513, -0.3099506966720389, 0.5988818667704157
0.4900281973472048, -0.38762287966814596, 0.5961051082578561
0.4805328140052966, -0.4615865113101057, 0.5924693309201275
0.46230882342977964, -0.5306717931784377, 0.588655112575982
0.4343143081639572, -0.5933455366940339, 0.5860825830902818
0.3966824372384318, -0.6488051014169991, 0.5850951360765427
0.35025318196881616, -0.6971400876817606, 0.584399550022374
0.2954941818582145, -0.7383095291421956, 0.5830811673616398
0.23272681832829403, -0.77210748188745, 0.5806492049249493
0.16212125575446393, -0.797452466275993, 0.5769975711303011
0.08434933736125527, -0.8144304583461975, 0.5728085223677596
-1.0269562977782698e-15, -0.8221084670390115, 0.5693308953699654
-0.0, -0.822108467039011, 0.5693308953699662
-0.08406830813399208, -0.8171054350020248, 0.569316982576769
-0.16101570914971625, -0.802628136574539, 0.5701526516925619
-0.2302764631707528, -0.7795510768873097, 0.5705360113855459
-0.29117765748776625, -0.747804794099682, 0.5696242844735947
-0.34354758601678975, -0.7084581725955298, 0.5673924507301691
-0.3870912827344346, -0.6616506568271636, 0.5642988819005154
-0.4214485226757291, -0.6072594842474054, 0.5614300968439612
-0.44606315062776675, -0.5449198677179112, 0.5605599211052608
-0.4609787422765186, -0.4753941148917018, 0.5614424769019983
-0.4671260497694362, -0.40037229490910836, 0.5622304619658932
-0.46537537942954504, -0.3211009540501844, 0.5618793285588645
-0.45646857956331915, -0.23850028713872318, 0.5600798560485396
-0.4410034322742532, -0.15328708843484357, 0.5571003092936484
-0.41949849257459565, -0.06613485139009324, 0.5538344725983539
-0.3924038360756578, 0.022124894624066326, 0.5520502890969095
-0.360460595602797, 0.11022875865450951, 0.5525753561255525
-0.32515283839230574, 0.19702103325558495, 0.5536887987621898
-0.2878116451970732, 0.2817244204699204, 0.5539266617191718
-0.24951788261707356, 0.36366407685276647, 0.5526767633015672
-0.21119685365181481, 0.4420991554157059, 0.5499790463406161
-0.17369220726702547, 0.5160665115030558, 0.5465081954604218
-0.13785898751782194, 0.5841649355956321, 0.5438439773046132
-0.1045752127193566, 0.6445729506386515, 0.5436699793933002
-0.07478379976519214, 0.6969021566723642, 0.54492097442694
-0.049253301475234657, 0.7415576339006347, 0.5457283295859261
-0.028564060751318537, 0.7786818264846769, 0.5451208074911429
-0.01316660550047126, 0.8081130778782177, 0.5428676137914532
-0.0034213005807566393, 0.8292459436291123, 0.5393968422270843
0.00038063848849681503, 0.840998287709324, 0.5360181982384322
-0.0018968000036394504, 0.8417368848467197, 0.5348508260626998
-0.010155180901106745, 0.8314085935242053, 0.5359613685967015
-0.024223125984302513, 0.8115857025228557, 0.5372611616195623
-0.04388633086603169, 0.7833383789857525, 0.5373544473388367
-0.06881954591549025, 0.7472726806700754, 0.5356950190715642
-0.09854578787305054, 0.7035377952990068, 0.5324337009633108
-0.13236673541660246, 0.6519339567520921, 0.5285832467692637
-0.16918376668579094, 0.5919252184757043, 0.5262783381697882
-0.20771623440426124, 0.5237981742371034, 0.5268731364056601
-0.24730322431011925, 0.44942235382446094, 0.5285196931970864
-0.28744655588431234, 0.3702538611612586, 0.5293283477370316
-0.3274833464584901, 0.28728068535019213, 0.5283887990842229
-0.36651549033459396, 0.2012493981350119, 0.5255426798293908
-0.4033150500274261, 0.11281019509533197, 0.5214832262089819
-0.43613072531571906, 0.02269044908940917, 0.5180942024875911
-0.4629469958058844, -0.06792820165947708, 0.5177525886956886
-0.48322159050516267, -0.15767002703707295, 0.5195189379909505
-0.4970421980126046, -0.2456986140993489, 0.5210048434481266
-0.5041703960784556, -0.3313741886826777, 0.520879357573474
-0.5041153845115582, -0.41399570577869094, 0.5186420483365813
-0.4960741246505235, -0.492621423960353, 0.5146404806800995
-0.47888566800570254, -0.5658923535288662, 0.5103822340062701
-0.4511724087960456, -0.6317826898889009, 0.5087354783971607
-0.41295634588386904, -0.6892462518010283, 0.5102994936100184
-0.3652512828949775, -0.7388593698102909, 0.5123614171862021
-0.3086238913816375, -0.7809653908788576, 0.5131046632197949
-0.24345623897017182, -0.8155545480758032, 0.511647941965454
-0.16994897442339782, -0.8416637982298842, 0.5079209472500213
-0.08862345082645294, -0.8589300136679654, 0.5032500603050306
0.0, -0.8660254037844348, 0.5000000000000068
-1.102212902209806e-15, -0.8660254037844348, 0.5000000000000068
0.09165333467276268, -0.8596648926694206, 0.5020905921250611
0.18198470884784143, -0.843085626709689, 0.505657577011668
0.2702709463780073, -0.8175912657616736, 0.5083140627694815
0.3556676653382236, -0.7835674739879721, 0.5086719774684851
0.43757990808365366, -0.7419656612217488, 0.5067454452232992
0.5150933121809496, -0.6927740289256834, 0.5034035802155421
0.5869143382379173, -0.6355985505422361, 0.5005374516435965
0.650964671747512, -0.5697899060250952, 0.5010473543860683
0.7061533625133156, -0.49639874706466763, 0.5043634299995012
0.7531485883300385, -0.4174870741688715, 0.5074626963178864
0.7924159717660528, -0.3344294327632747, 0.5086904588902206
0.8239681559132082, -0.24816922535488584, 0.507607291276108
0.8473202006012723, -0.1593989649132802, 0.5047095609156318
0.8614744195746136, -0.06873868175941247, 0.5014535773803079
0.8646733473091801, 0.022983022625640465, 0.500532684243424
0.8559131136055498, 0.11433900713867773, 0.5030534154612801
0.8368461118609924, 0.20412387696025658, 0.506397279494904
0.8090220166499424, 0.29163017434086724, 0.5084020581526603
0.7732806213493175, 0.37622036425431793, 0.5082040633052008
0.7299448972181739, 0.4571369322323947, 0.5059252282309337
0.678871533490147, 0.5333514899067975, 0.5026103068364703
0.6195044004303072, 0.6032987240718682, 0.5005174346595493
0.5515641857485399, 0.6649486419439187, 0.5018871379131609
0.47671830050897634, 0.718014197051424, 0.5051791350779199
0.3968028601218987, 0.763153621859014, 0.5078219417143941
0.3129919845458762, 0.8006448307673482, 0.5085094263435883
0.22613051663549188, 0.8303482748033149, 0.5069809554676151
0.13686971831462819, 0.8515956422125353, 0.5038855298871309
0.04586481046037578, 0.8631423448263175, 0.5009959914401048
-0.045864787236886154, 0.8631418669985629, 0.500995955525402
-0.13686979453518505, 0.8515958897870197, 0.5038843073946745
-0.2261310427337631, 0.8303502000296688, 0.5069799628411167
-0.31299311501940685, 0.8006477074093098, 0.5085098195166389
-0.39680400592939424, 0.7631557134314048, 0.5078209450510709
-0.4767177812598117, 0.7180135753294569, 0.5051747332567196
-0.5515599267629925, 0.6649437620927559, 0.5018847655376217
-0.619498441802812, 0.6032931039291194, 0.5005188214016439
-0.6788745242381655, 0.5333534634986259, 0.5026040276180511
-0.7299544084098268, 0.4571425830990334, 0.5059198396829714
-0.7732906763439698, 0.37622513567683813, 0.5082045858524468
-0.8090264371371558, 0.2916315894521771, 0.5084013078563822
-0.836840462188505, 0.20412268639259976, 0.5063883985281978
-0.8558967004746127, 0.11433744061305595, 0.5030452400848574
-0.8646545217810152, 0.022983109944737456, 0.5005365022447626
-0.8614825123526639, -0.06873996640285002, 0.5014447932397631
-0.8473454954872646, -0.15940486906665052, 0.5046978975756292
-0.8239914218944109, -0.2481768483601841, 0.5076061093848245
-0.7924234961474835, -0.33443292863733143, 0.5086914065739081
-0.7531366489658624, -0.41748000036795685, 0.5074516368308595
-0.7061281350323796, -0.49637924344552475, 0.5043477510461857
-0.6509404984675694, -0.5697667651304826, 0.5010500635173343
-0.5869200963012889, -0.6356058779012229, 0.5005304695278149
-0.5151185863873096, -0.6928126884988909, 0.5033849799159509
-0.43760156576433457, -0.7420061209308612, 0.5067399520132349
-0.355674234448649, -0.7835834373963333, 0.508674854759076
-0.27026474194865474, -0.8175698071379859, 0.5083035996486782
-0.18200272156400926, -0.8431502500566415, 0.505646597187636
-0.09166495492445416, -0.8597284172319796, 0.5020678279353342
0.0, -0.866025403784435, 0.5000000000000062
-1.1186783034197617e-15, -0.866025403784435, 0.5000000000000062
0.09166537878646784, -0.8597307249396613, 0.5020670068310036
0.18200406757346074, -0.8431550660066407, 0.5056457696242864
0.27026404166858226, -0.8175673903157445, 0.508302391807261
0.35567527377849817, -0.7835859619781907, 0.5086753090948889
0.43760608004547996, -0.7420145662203474, 0.5067387832304545
0.5151252722373734, -0.6928229322433131, 0.5033800969568699
0.5869219856906246, -0.6356082807200447, 0.5005282372850653
0.6509312605157765, -0.5697579262085326, 0.5010510756119784
0.7061170722607167, -0.49637069314835636, 0.5043406768371034
0.753130645477827, -0.4174764466429346, 0.5074458379705977
0.7924280191184626, -0.33443502892483357, 0.5086919700561929
0.824007673523514, -0.24818218070686338, 0.5076052386088904
0.8473661991387733, -0.15940971925445796, 0.5046884492362786
0.8614903189547715, -0.06874119863504181, 0.5014366381300722
0.8646344428032149, 0.02298320168321857, 0.5005405177243034
0.8558772504626679, 0.11433558444685593, 0.5030352644020171
0.8368331844365502, 0.20412116145796932, 0.5063760260884521
0.8090335224471332, 0.2916338620031943, 0.5084000883155447
0.7733091290616937, 0.37623388737043106, 0.5082055004422275
0.729975253936335, 0.4571549429047919, 0.5059081767599902
0.6788826204380516, 0.5333588389810031, 0.5025880868074964
0.6194804355940322, 0.6032761271142879, 0.5005229548775445
0.5515447564214249, 0.6649263767694342, 0.5018761023725018
0.4767159542228915, 0.7180115445479878, 0.5051550298751989
0.3968105930584217, 0.7631677654080219, 0.5078152475764235
0.3130015989789433, 0.8006692931935977, 0.5085127450714036
0.22613697703431662, 0.8303718319813105, 0.5069689415038774
0.1368714331196022, 0.8516016100485189, 0.5038608750391295
0.045863403579004015, 0.8631135919956304, 0.5009937696934214
-0.04586337909018122, 0.8631130948232822, 0.5009937302346075
-0.13687153246139805, 0.8516019753574399, 0.5038595869215027
-0.22613754988099966, 0.8303739126733445, 0.5069678931416861
-0.31300275264684474, 0.8006722281051692, 0.5085131395464737
-0.39681181861853876, 0.7631700125494549, 0.5078141931495027
-0.4767156360828182, 0.7180112354992625, 0.5051504009802636
-0.5515404408683695, 0.6649214301364116, 0.5018735781761521
-0.6194741172630899, 0.6032701721581828, 0.5005243864130057
-0.6788861837592689, 0.5333612169722183, 0.5025814615600209
-0.7299855459937978, 0.45716103385302, 0.5059024855315124
-0.7733194691802415, 0.3762387888743187, 0.5082059887584318
-0.8090381554172745, 0.29163535070901714, 0.5083992803112986
-0.8368281315399939, 0.20412010947641243, 0.5063667122920652
-0.8558608417113651, 0.11433401869365128, 0.503026605813195
-0.8646144489839478, 0.022983291725356174, 0.500544462979813
-0.8614995122304373, -0.06874264250652595, 0.5014273645255348
-0.8473934596876919, -0.15941612711902242, 0.5046761283299499
-0.8240318081373513, -0.24819011038278072, 0.5076038807398048
-0.7924357083796374, -0.3344385976601082, 0.5086929177261881
-0.753119171257771, -0.41746966092749344, 0.5074342819064755
-0.7060919026839985, -0.4963512454229755, 0.5043241288346232
-0.6509057798253166, -0.5697335579159923, 0.5010538064808969
-0.586928373718274, -0.6356164000733473, 0.500520869261318
-0.5151523705373526, -0.692864515355755, 0.5033604474101742
-0.4376286623395391, -0.7420568703847692, 0.5067328223797887
-0.3556819561476716, -0.7836021870479071, 0.5086782246051049
-0.27025787448679267, -0.8175461517572685, 0.5082915163992785
-0.182023070101807, -0.8432228812297038, 0.5056339914602963
-0.09167791867038892, -0.8597987397192955, 0.5020429680752804
0.0, -0.8660254037844353, 0.5000000000000058
-1.1359203334588065e-15, -0.8660254037844354, 0.5000000000000058
0.09167837637567809, -0.8598012117449692, 0.5020421003817095
0.18202449077227825, -0.8432279371148912, 0.5056331029854705
0.2702571793513545, -0.8175437630616663, 0.5082902601768567
0.35568301334227564, -0.7836047528475449, 0.5086786849694354
0.43763337098738225, -0.7420657042273465, 0.5067315533015033
0.5151595410507661, -0.6928755379309934, 0.5033552851498875
0.5869304697055653, -0.6356190629579405, 0.5005185125429422
0.6508960354617436, -0.569724243901591, 0.501054825919731
0.7060808814184603, -0.49634273122183625, 0.5043166593210555
0.7531134245678198, -0.4174662651556954, 0.5074282186634929
0.7924403308143404, -0.3344407418591573, 0.5086934807812871
0.8240486721360611, -0.24819565938344695, 0.5076028826787906
0.8474157765789759, -0.15942139276757358, 0.5046661394627583
0.8615083676901654, -0.0687440273770701, 0.5014187506263524
0.8645931073493203, 0.02298338634249539, 0.500548612299296
0.855841424101922, 0.11433216725507392, 0.5030160365071566
0.8368217163418247, 0.2041187866416212, 0.5063537283984636
0.8090455840989009, 0.29163774247998964, 0.508397965954483
0.7733384492188831, 0.37624778091562894, 0.5082068370260471
0.7300081044032969, 0.4571743563999896, 0.5058901573303104
0.6788957746495659, 0.5333676458453276, 0.5025646330877439
0.6194550092290825, 0.6032521703280056, 0.5005286535803671
0.5515250790251739, 0.6649038192466392, 0.5018643578865523
0.47671473606574455, 0.7180106508833712, 0.5051296682491533
0.3968188649673239, 0.7631829624795866, 0.5078081600544326
0.3130114110442785, 0.8006942520705292, 0.5085160732710752
0.22614401129446854, 0.8303972907580994, 0.5069562429374594
0.13687363007746006, 0.8516100177073496, 0.5038348821828663
0.045861919136987575, 0.8630836632288024, 0.5009913304433488
-0.045861893282616716, 0.863083145518581, 0.50099128715074
-0.13687375547999997, 0.8516105140772106, 0.5038335233636936
-0.22614463500620974, 0.8303995393423389, 0.5069551338541126
-0.3130125884821202, 0.80069724668499, 0.508516468643917
-0.39682017609352366, 0.7631853773144698, 0.5078070425677189
-0.4767146417006026, 0.7180106919871652, 0.5051247946429145
-0.5515207117989248, 0.6648988119005843, 0.501861670614671
-0.6194482993566471, 0.6032458513106829, 0.5005301314760686
-0.6788999753842689, 0.5333704721814252, 0.5025576352859146
-0.7300192428346999, 0.4571809218713291, 0.5058841367678403
-0.7733490870404903, 0.37625281798498916, 0.5082072862695647
-0.8090504433383976, 0.29163930992780435, 0.5083970945043761
-0.8368173351306171, 0.20411789327960994, 0.5063439482347718
-0.8558250656463999, 0.11433060870688792, 0.5030068593916968
-0.8645718406826538, 0.02298347922701164, 0.5005526890586349
-0.861518782938057, -0.06874565000531423, 0.50140895059522
-0.8474451666087178, -0.15942835155125676, 0.5046531040137324
-0.8240737241944783, -0.24820391429592817, 0.5076013295392136
-0.7924481897550628, -0.33444438543544336, 0.5086944270279267
-0.7531024867129573, -0.4174598073704089, 0.5074161280831188
-0.7060558430193536, -0.4963233920390211, 0.5042991795371438
-0.6508691402154867, -0.5696985493823172, 0.5010575745273526
-0.5869375558969439, -0.6356280621662865, 0.5005107302275476
-0.5151886117852695, -0.6929202983435389, 0.5033344969907394
-0.4376569334612281, -0.7421099717559861, 0.5067250771946034
-0.3556898102264019, -0.7836212417778171, 0.508681639122215
-0.27025106581032926, -0.8175228013412787, 0.5082789423248941
-0.18204455666741598, -0.843299158683125, 0.5056204480959084
-0.09169192569380932, -0.8598741024316722, 0.5020166806048545
-8.881784197001252e-16, -0.8660254037844356, 0.500000000000005
-1.1539952667327924e-15, -0.8660254037844357, 0.500000000000005
0.09169242058108754, -0.8598767530184452, 0.5020157623708894
0.1820453987821062, -0.8433016635616604, 0.5056192040079615
0.27025037780406674, -0.8175204475911536, 0.5082776341174421
0.35569088546925554, -0.7836238491070752, 0.5086821055838515
0.4376618482573985, -0.7421192194437601, 0.5067236975089874
0.5151963066720293, -0.6929321679304813, 0.5033290312779453
0.5869398810454687, -0.6356310142452098, 0.5005082397744846
0.6508588473832675, -0.5696887215183555, 0.5010585996588275
0.7060448981173708, -0.4963149388585306, 0.5042912858448262
0.7530970355142023, -0.41745659110256705, 0.5074097799166984
0.7924529145479543, -0.3344465747399105, 0.5086949887624161
0.8240912353137007, -0.24820969320998898, 0.5076001901524483
0.847469232189825, -0.15943407192933975, 0.5046425270789545
0.8615288038388553, -0.06874720640605671, 0.5013998428173335
0.8645491219240864, 0.022983576848847973, 0.5005569765330726
0.8558057396635728, 0.11432877041065395, 0.5029956526253974
0.8368118901796087, 0.20411680156534617, 0.5063303047498211
0.8090582378692754, 0.29164182934192323, 0.5083956758064963
0.7733686178815877, 0.37626206059747047, 0.508208058911549
0.7300436588530133, 0.4571952829771335, 0.5058710838427827
0.6789112310854611, 0.5333780693914663, 0.5025398501672949
0.6194279906675784, 0.6032267337460999, 0.5005345368832161
0.551505177976473, 0.6648809997575661, 0.5018518515400847
0.4767147730500232, 0.7180117267850842, 0.5051029513834114
0.396827715348827, 0.7631992956916862, 0.5078006426650675
0.3130214256137605, 0.8007197195464506, 0.508519407336917
0.22615167028486194, 0.8304248040610608, 0.5069427977277337
0.1368763706769472, 0.8516211419437392, 0.5038074463769455
0.045860350921110855, 0.8630524852729906, 0.5009886558101955
-0.04586032359061741, 0.863051945733363, 0.5009886083669234
-0.13687652547389084, 0.8516217842726489, 0.5038060112328351
-0.22615234940280043, 0.8304272341294918, 0.5069416223429604
-0.31302262740291553, 0.800722775315927, 0.508519803150068
-0.3968291183546314, 0.7632018914727909, 0.5077994561873541
-0.47671492761953704, 0.7180121599675306, 0.5050978134965941
-0.5515007652166186, 0.6648759393712438, 0.5018489889001752
-0.6194208537070647, 0.6032200180608158, 0.5005360626738495
-0.6789161421087655, 0.5333813931777123, 0.5025324504916477
-0.730055715640394, 0.45720236055716923, 0.5058647041260527
-0.7733795667783725, 0.3762672390468964, 0.5082084636408084
-0.8090633383127686, 0.2916434811471191, 0.5083947344773818
-0.8368082641170271, 0.2041160894669426, 0.5063200209659334
-0.855789485523702, 0.11432722683410625, 0.5029859183227445
-0.8645264656593028, 0.022983672700001345, 0.5005611888903289
-0.8615405777303923, -0.06874903009389506, 0.5013894756255834
-0.8475009317093518, -0.15944163410464313, 0.5046287133855245
-0.8241172573594009, -0.24821829346559932, 0.5075984200824619
-0.7924609481045682, -0.33445029519322694, 0.508695931990086
-0.7530867136981491, -0.41745050544556506, 0.5073971126483742
-0.7060200764141301, -0.49629576911295004, 0.5042728054770218
-0.650830418658691, -0.5696615912709028, 0.5010613611318754
-0.5869477422392532, -0.6356409926891777, 0.5005000120336346
-0.5152275125495192, -0.6929803859474734, 0.503307004685901
-0.4376864508023211, -0.7421655792863264, 0.5067166526998811
-0.35569779794308914, -0.7836406036531943, 0.508685098825517
-0.2702443365705976, -0.8174998264013403, 0.5082658403069438
-0.18204849102875484, -0.8432993261103254, 0.5055976464830096
-0.09170707983813463, -0.859954945779398, 0.5019888428122377
0.0, -0.8660254037844362, 0.5000000000000042
-1.1729649490619408e-15, -0.8660254037844362, 0.5000000000000042
0.09170747788903397, -0.8599567323293558, 0.5019880309706352
0.18204829685215085, -0.8432973682071037, 0.5055958407826127
0.27024365795328886, -0.8174975152481657, 0.5082644761026442
0.35569889138505423, -0.783643252745449, 0.5086855714567036
0.4376915844539692, -0.7421752682705695, 0.5067151508177462
0.5152357753937621, -0.6929931779219551, 0.5033012085003638
0.5869503219971856, -0.6356442669495022, 0.5004973776788186
0.6508195306118311, -0.5696512065561389, 0.5010623899493838
0.7060092485436127, -0.49628740577241115, 0.504264455896194
0.7530816012918562, -0.4174474925938274, 0.507390456688564
0.792465778232162, -0.33445253083168236, 0.508696491393118
0.8241354530341315, -0.24822431666633324, 0.507597123589652
0.8475268949234864, -0.1594478529010798, 0.5046174951511588
0.8615518953797611, -0.06875077962981495, 0.5013798352441889
0.8645022417834181, 0.022983773457554146, 0.5005656186238797
0.8557703207968945, 0.11432541183005163, 0.5029740260478721
0.8368039094727711, 0.20411526169914077, 0.5063056643326901
0.8090715230610714, 0.291646137402707, 0.5083932007467323
0.7733996733941223, 0.37627674307461545, 0.5082091501913443
0.730082148425436, 0.457217843015555, 0.5058508598709728
0.6789292540033796, 0.53339028727022, 0.5025136323552608
0.6193992338652726, 0.6031996834858375, 0.5005406107323727
0.5514850837616219, 0.6648579565269098, 0.5018385254967714
0.47671620622813293, 0.7180150081244356, 0.5050747694933374
0.39683718712069516, 0.7632168554084453, 0.5077926545048039
0.3130316476015439, 0.8007457079198338, 0.508522743191746
0.22616001016440723, 0.8304545392751098, 0.5069285363435241
0.13687972471632054, 0.8516352923808328, 0.5037784511923017
0.04585869206856246, 0.8630199787884478, 0.50098572622385
-0.04585866313968961, 0.8630194160196647, 0.5009856742828686
-0.13687991269525876, 0.8516360973486331, 0.5037769334748198
-0.22616074970611905, 0.8304571657154193, 0.5069272883950005
-0.31303287432703497, 0.800748826312007, 0.508523138927991
-0.39683868887049867, 0.7632196466437995, 0.5077913923771753
-0.47671663768971684, 0.7180158803504547, 0.5050693455460381
-0.5514806330901388, 0.664852852696537, 0.5018354740390287
-0.6193916300244107, 0.6031925346880134, 0.5005421858907659
-0.6789349573700567, 0.5333941634629313, 0.5025057983008289
-0.7300952027859701, 0.45722547377227635, 0.5058440875446774
-0.7734109475974595, 0.37628206907626355, 0.5082095042809485
-0.8090768809102404, 0.2916478797030222, 0.5083921823098781
-0.8368011316512272, 0.20411475649308417, 0.5062948354214287
-0.8557542344603548, 0.11432389258726892, 0.5029636921373594
-0.8644780652209707, 0.022983872404351798, 0.5005699704183426
-0.861565181996806, -0.06875282991426143, 0.5013688558770146
-0.84756110202357, -0.15945607690107616, 0.5046028317869118
-0.8241625017105884, -0.24823328408086845, 0.5075951122235028
-0.7924739914768503, -0.3344563302569684, 0.508697429796431
-0.7530719847246657, -0.4174418281296436, 0.5073771657135817
-0.7059847432849036, -0.4962684758584272, 0.504244899287413
-0.6507894360844603, -0.5696225189617061, 0.5010651583704964
-0.5869590449612889, -0.6356553373216361, 0.5004886702816699
-0.515269295127125, -0.6930451637015047, 0.503277831638541
-0.4377172917065098, -0.742223860495324, 0.5067074771832639
-0.355705920303559, -0.783660274143532, 0.5086886042680364
-0.27023771028275445, -0.8174773060709133, 0.5082521689720637
-0.1820398647512707, -0.8432458633346804, 0.5055677415525126
-0.09171550753334935, -0.859980372916228, 0.5019686755580266
0.0, -0.8660254037844368, 0.5000000000000033
-1.1928975046729142e-15, -0.8660254037844368, 0.5000000000000033
0.09171558707886701, -0.8599796126288798, 0.5019682223509098
0.1820392541520785, -0.843242138371761, 0.5055656411101115
0.27023704362754253, -0.817475046103313, 0.5082507442908136
0.3557070320578071, -0.7836629651448497, 0.508689083147908
0.4377226579362297, -0.742234020619245, 0.5067058400518895
0.5152781738378956, -0.6930589615494898, 0.5032716746565031
0.5869619081023607, -0.6356589712225637, 0.5004858808313011
0.6507779007375125, -0.5696115295733812, 0.501066188440695
0.7059740798707356, -0.49626023566591504, 0.5042360588972242
0.753067259619973, -0.4174390452502317, 0.5073701764188806
0.7924789299954255, -0.33445861349387684, 0.5086979857241174
0.8241814223304611, -0.24823956717958373, 0.5075936408532964
0.8475891269165841, -0.15946284282011752, 0.5045909124696694
0.8615779445956937, -0.06875479735929098, 0.5013586400299593
0.864452192740775, 0.022983976433239753, 0.5005745461859712
0.8557353127977843, 0.11432211310388063, 0.5029510615654782
0.8367980013049858, 0.2041142298527034, 0.5062797058660662
0.8090854823323027, 0.29165068286490325, 0.5083905215178472
0.7734316565853138, 0.3762918460393032, 0.5082100929493762
0.7301238276369804, 0.4572421681073998, 0.5058293771206768
0.6789501411677735, 0.5334044984248751, 0.5024858623359304
0.6193685751531114, 0.6031708697460425, 0.5005468807747323
0.5514648340967448, 0.664834737190944, 0.5018243164263958
0.4767191924132321, 0.7180207592888096, 0.5050450002223124
0.3968473269676579, 0.7632357406191663, 0.5077841495984814
0.3130420819444475, 0.800772229610637, 0.50852607622908
0.22616909303513316, 0.8304866798716466, 0.5069133806508141
0.13688377157583442, 0.8516528159442348, 0.5037477670457527
0.04585693498321599, 0.8629860577218758, 0.5009825202373213
-0.04585690432049693, 0.8629854702045986, 0.5009824634180924
-0.13688399704837423, 0.8516538022544835, 0.5037461597888864
-0.22616989855424774, 0.8304895190154076, 0.5069120530913068
-0.3130433341927251, 0.8007754121061135, 0.5085264713045257
-0.39684893493272333, 0.7632387432146658, 0.5077828043259431
-0.47671993186805184, 0.7180221232450356, 0.5050392658964613
-0.5514603549018148, 0.664829601821774, 0.5018210614072887
-0.6193604597631648, 0.6031632469921434, 0.5005485066736932
-0.6789567294458427, 0.5334089886291579, 0.5024775577514881
-0.7301379668875427, 0.4572503969706334, 0.5058221745435444
-0.7734432712624743, 0.3762973261544091, 0.5082103894931994
-0.8090911151905759, 0.2916525223831364, 0.5083894178319873
-0.836796175678226, 0.2041139605881927, 0.5062682854315543
-0.8557194688281549, 0.11432062946840585, 0.5029400813864372
-0.8644263491731492, 0.022984078608987407, 0.5005790408761851
-0.8615929180170028, -0.06875710355994129, 0.5013469985932643
-0.8476260599277541, -0.15947179384484986, 0.5045753191047765
-0.8242095587966568, -0.2482489254699689, 0.5075913607236093
-0.7924873281351705, -0.3344624940488704, 0.5086989172605376
-0.7530584482777732, -0.4174338564838924, 0.5073562091446039
-0.7059500073606871, -0.49624162693028884, 0.5042153426205428
-0.6507459927744507, -0.5695811492051331, 0.5010689566476512
-0.5869715910431906, -0.6356712616397824, 0.500476656048734
-0.5153142039977803, -0.6931150589006818, 0.5032468218275674
-0.4377495397404444, -0.7422849976200113, 0.5066974697997919
-0.3557141780088002, -0.7836802540213568, 0.5086921560572375
-0.27023121372323033, -0.8174553291895224, 0.5082378820531034
-0.1820308947741856, -0.84319120675552, 0.5055359781609552
-0.09171209152856352, -0.8599126356552637, 0.5019617449598938
0.0, -0.8660254037844374, 0.5000000000000022
-1.2138681536519632e-15, -0.8660254037844374, 0.5000000000000022
0.0917119651091535, -0.8599102327862295, 0.5019615070908455
0.1820302910112733, -0.8431875311011736, 0.5055337595030345
0.27023056196050815, -0.8174531300526265, 0.5082363918751552
0.35571530814212937, -0.7836829869741824, 0.5086926412737519
0.4377551533866535, -0.7422956613829367, 0.5066956826827927
0.5153237513093489, -0.6931299552534728, 0.5032402699082035
0.5869747701757582, -0.6356752978284608, 0.5004736991481932
0.6507337519322176, -0.5695695018170219, 0.5010699850280866
0.7059395637013933, -0.4962335483769823, 0.5042059728531066
0.7530541648683926, -0.4174313330910343, 0.5073488578958618
0.7924923781792297, -0.3344648261869637, 0.5086994684183553
0.8242292480079099, -0.24825548545688544, 0.5075896944191587
0.847656327458783, -0.1594791612899606, 0.5045626313577578
0.861607293194535, -0.0687593174003095, 0.5013361596930769
0.8643986667940294, 0.0229841860490141, 0.5005837659739266
0.8557008863002868, 0.1143189002277005, 0.5029266543723336
0.8367944193477217, 0.2041137772527029, 0.5062523160211305
0.8091001620549672, 0.2916554834883416, 0.5083876164139722
0.7734646109931425, 0.37630738831023913, 0.508210866974319
0.7301689772006662, 0.45726840229094334, 0.5058065136145654
0.6789742287534563, 0.5334209260133272, 0.5024564094635101
0.6193358305939882, 0.6031401244586715, 0.500553352189276
0.5514444753163342, 0.6648114006914836, 0.5018091548489371
0.47672390613824356, 0.7180292770730585, 0.5050135067492383
0.3968581857311561, 0.7632560599359128, 0.5077750761350999
0.31305273357841046, 0.8007992971291595, 0.508529401248479
0.22617898769096928, 0.8305214272575019, 0.5068972426038331
0.13688860171207146, 0.8516741019788988, 0.5037152492291175
0.04585507123908646, 0.8629506286035598, 0.5009790143168547
-0.04585503869208618, 0.8629500146864018, 0.5009789522015775
-0.13688886959624125, 0.8516752906386194, 0.5037135446404193
-0.22617986534533402, 0.8305244970475216, 0.506895827480555
-0.31305401193396315, 0.800802545216799, 0.5085297950040913
-0.3968599080531834, 0.7632592913594001, 0.5077736392589252
-0.4767249882250252, 0.7180311919563622, 0.505007434799521
-0.5514399790931596, 0.664806248465024, 0.5018056800741225
-0.6193271533683248, 0.6031319818486163, 0.5005550300510195
-0.6789818065813332, 0.5334260994056037, 0.5024475940051043
-0.7301842977484853, 0.4572772784825625, 0.5057988383090943
-0.7734765823341989, 0.37631302952533635, 0.5082110981730008
-0.8091060890793237, 0.2916574276046816, 0.5083864182880082
-0.8367936621369002, 0.20411377690656834, 0.5062402520287664
-0.8556853722545374, 0.11431746576954524, 0.5029149764653191
-0.8643709910949109, 0.022984291590661794, 0.5005884064728571
-0.8616241505236989, -0.06876191327479429, 0.5013238007078187
-0.8476962274110902, -0.1594889122412967, 0.5045460173645531
-0.8242585384100191, -0.24826526046240915, 0.5075871144949478
-0.7925009665525811, -0.33446879009704333, 0.508700390776797
-0.7530462709143142, -0.41742668062539506, 0.5073341553001317
-0.7059160595438364, -0.49621535481611057, 0.5041840046344802
-0.6506998653687402, -0.5695372774746469, 0.5010727443658155
-0.5869855245161707, -0.6356889543390736, 0.5004639152842054
-0.5153625084228197, -0.6931905459982848, 0.5032137993687958
-0.4377832853179307, -0.7423491892640272, 0.5066865391886877
-0.35572257139182506, -0.7837005432480796, 0.5086957548755405
-0.2702248773905062, -0.8174339955494636, 0.5082229276360931
-0.18202204690946902, -0.8431373822248064, 0.5055024093590702
-0.09170825475319688, -0.8598402462248712, 0.5019544259459247
-8.881784197001252e-16, -0.8660254037844378, 0.5000000000000011
-1.2359601605324271e-15, -0.866025403784438, 0.5000000000000011
0.09170812046191469, -0.8598377341607935, 0.5019541659739487
0.1820214533665603, -0.8431337723074788, 0.5055000630026414
0.2702242438584366, -0.8174318680799816, 0.5082213663174007
0.3557237199147703, -0.7837033180731648, 0.5086962465282356
0.43778916244504995, -0.7423603921173596, 0.5066845854068598
0.5153727824713664, -0.6932066438381144, 0.5032068139417131
0.5869890566880298, -0.6356934415068012, 0.5004607772585289
0.650686853824843, -0.5695249124614943, 0.501073767503014
0.705905900119516, -0.4962074823797136, 0.5041740627575452
0.7530424902613183, -0.4174244495511769, 0.5073264099199614
0.7925061313322223, -0.33447117248074537, 0.5087009356993192
0.8242790434576514, -0.248272115869053, 0.5075852305680763
0.8477289375319845, -0.15949694211269938, 0.5045324850759085
0.8616403283184506, -0.0687644063614509, 0.5013122857437619
0.8643413169914675, 0.022984402584926348, 0.5005932835254548
0.8556672416771627, 0.11431580449283443, 0.5029006887864381
0.8367934473238707, 0.20411398479913748, 0.5062233675552024
0.8091156127195286, 0.29166055878424463, 0.5083844609092452
0.7734985831181065, 0.3763233899383167, 0.5082114494255914
0.7302179072464436, 0.4572967034413478, 0.5057821315470712
0.6790018970783762, 0.5334398207905658, 0.502425127739985
0.6193007928662231, 0.6031072585277446, 0.5005600294687559
0.5514240640433578, 0.6647880195743989, 0.5017929643795167
0.47673054188882696, 0.7180408951804305, 0.5049801355443378
0.3968698188448619, 0.7632779327296042, 0.5077653755676427
0.31306360740797307, 0.8008269230374143, 0.5085327123812595
0.22618977047865868, 0.830559002879506, 0.506880022700839
0.13689431841792954, 0.8516995881692437, 0.5036807355689935
0.04585309146869061, 0.8629135897588711, 0.5009751826051698
-0.04585305687001635, 0.8629129476440989, 0.5009751147344907
-0.13689463433583965, 0.8517010028151752, 0.5036789249000732
-0.22619072710843202, 0.8305623230590726, 0.506878511012961
-0.313064912449327, 0.8008302382093724, 0.508533104073414
-0.3968716644072172, 0.7632814121982273, 0.507763837514926
-0.47673200523266857, 0.7180434276103049, 0.5049736953359628
-0.5514195648036184, 0.6647828685149153, 0.5017892520226201
-0.6192914970222451, 0.6030985443281355, 0.5005617603009322
-0.6790105829865757, 0.5334457551864035, 0.5024157562219328
-0.7302345157213738, 0.4573062809603935, 0.5057739354289655
-0.7735109284339451, 0.3763291997064062, 0.5082116064542743
-0.8091218547905683, 0.291662615619379, 0.5083831579399507
-0.836793888636996, 0.20411429087053712, 0.506210601440017
-0.8556521603756887, 0.11431443554675376, 0.5028882562357547
-0.8643116227569734, 0.02298451163215388, 0.5005980719949719
-0.8616592932526012, -0.06876733089371993, 0.5012991473074951
-0.8477720709665632, -0.1595075746819268, 0.5045147478740281
-0.824309559452876, -0.24828233580257902, 0.5075823157082568
-0.7925149154027075, -0.3344752220447323, 0.5087018462630519
-0.7530356396721085, -0.4174204008294307, 0.5073109055334503
-0.7058831224630122, -0.496189812625203, 0.5041507402053126
-0.6506508033433847, -0.569490674861612, 0.5010765075262968
-0.5870010091723037, -0.6357086310817213, 0.5004503880977004
-0.5154145054069623, -0.6932721528424988, 0.503178565301002
-0.4378186263835369, -0.7424166522460781, 0.5066745818430701
-0.355731100340117, -0.7837211408385177, 0.5086994015049249
-0.2702187360357289, -0.8174134173147937, 0.5082072472661237
-0.1820133750496422, -0.8430846485206036, 0.5054668883514138
-0.09170417621550311, -0.8597645330763277, 0.5019464287053225
0.0, -0.8660254037844387, 0.49999999999999983
-1.2592659392331872e-15, -0.8660254037844388, 0.49999999999999983
0.09170403334399728, -0.8597619043020194, 0.5019461447000895
0.1820127957433056, -0.8430811233542271, 0.5054644037301246
0.27021812454039507, -0.8174113737026782, 0.5082056084392959
0.35573226719758017, -0.7837239573213973, 0.5086998997109224
0.43782478441688594, -0.7424284329540696, 0.5066724424708481
0.5154255703795774, -0.6932895668847415, 0.5031711026370275
0.5870049365861127, -0.6357136249854883, 0.5004470537643465
0.6506369478188384, -0.5694775253657576, 0.5010775211319841
0.7058733224991319, -0.49618219772212463, 0.5041401787143723
0.7530324304048079, -0.4174184986327566, 0.5073027297158725
0.7925201982031359, -0.3344776560662649, 0.5087023832916586
0.8243309315763835, -0.24828950689175946, 0.5075801884353631
0.8478074449995356, -0.15951633530534182, 0.504500284736605
0.8616774896220701, -0.0687701412270881, 0.5012868970151245
0.8642797513515088, 0.0229846263258998, 0.5006031027109784
0.855634614264363, 0.11431286357206558, 0.5028730367456682
0.8367954029950418, 0.20411494453907933, 0.5061927170925157
0.8091318893930087, 0.29166593024063747, 0.5083810272198575
0.7735336227092541, 0.3763398723275415, 0.5082118144420563
0.7302709610156614, 0.45732724484650933, 0.5057560747387266
0.6790335773240656, 0.5334614650323058, 0.5023918534025955
0.6192632275682568, 0.6030720585647574, 0.5005669161400127
0.5514036691977764, 0.6647646827807077, 0.5017756608545465
0.4767393166525389, 0.7180559894414147, 0.5049447136934975
0.39688228682524257, 0.7633014904339884, 0.5077549815495932
0.31307470826855666, 0.8008551199053342, 0.5085360030060745
0.2262015262889321, 0.8305996506206947, 0.5068616081559248
0.13690103990298724, 0.8517297674115538, 0.5036440436353792
0.04585098523351924, 0.8628748304198701, 0.5009709966545255
-0.04585094839644531, 0.862874158147644, 0.5009709225225066
-0.13690141029592762, 0.8517314346870579, 0.503642117025889
-0.226202569507429, 0.8306032429526999, 0.5068599896849495
-0.3130760405630758, 0.800858503651401, 0.5085363917957805
-0.3968842653330495, 0.763305239129654, 0.5077533314547258
-0.4767412043766995, 0.7180592145183531, 0.5049378706489414
-0.5513991839643444, 0.6647595549466075, 0.5017716912464841
-0.619253248783339, 0.6030627142882281, 0.500568700653036
-0.6790435058795168, 0.5334682481308304, 0.5023818750190028
-0.7302889755683974, 0.4573375830183048, 0.5057473032010552
-0.7735463605391915, 0.37634585861421777, 0.5082118872949251
-0.8091384693108403, 0.29166810875390276, 0.5083796076013909
-0.8367971886817107, 0.20411559974568427, 0.506179182696873
-0.8556200865012951, 0.11431157981068797, 0.5028597864066567
-0.8642478275275455, 0.022984739019842798, 0.5006080402949236
-0.8616988166499184, -0.06877343957606426, 0.5012729098034391
-0.8478541071878979, -0.15952794124193387, 0.5044813078195961
-0.8243627509417301, -0.24830020263514235, 0.5075768987493228
-0.792529183550257, -0.33448179366472025, 0.5087032790959424
-0.7530267648532033, -0.4174151287884049, 0.50728634841312
-0.7058514558743411, -0.4961651773616384, 0.5041153878078491
-0.6505985248547368, -0.5694410844245423, 0.5010802292401254
-0.5870182317646612, -0.6357305390811193, 0.5004360079237269
-0.5154705230627563, -0.6933604678781499, 0.5031408937431429
-0.43785566920757457, -0.7424876237686026, 0.5066614801860797
-0.35573976420614034, -0.7837420447163626, 0.5087030968618338
-0.2702128292801281, -0.8173937206590519, 0.5081907748846858
-0.18200494313609167, -0.8430333050710415, 0.5054292513007074
-0.0916998339159279, -0.8596852652641835, 0.5019376936542502
0.0, -0.8660254037844395, 0.49999999999999856
-1.283888345262979e-15, -0.8660254037844395, 0.49999999999999856
0.09169968167294257, -0.8596825115795832, 0.5019373834885706
0.1820043828308606, -0.843029886657339, 0.505426616594854
0.2702122441625409, -0.817391774623227, 0.5081890513383382
0.3557409492616237, -0.7837449024807829, 0.508703601759464
0.43786212706367433, -0.7425000247798519, 0.5066591336878769
0.5154824499394857, -0.6933793261760856, 0.5031329040807836
0.5870226026245116, -0.6357361037634185, 0.5004324603720278
0.6505837427406359, -0.5694270752538848, 0.5010812281399093
0.7058421031826343, -0.4961578794528534, 0.5041041536967519
0.7530242042080626, -0.41741359622074714, 0.5072777010416699
0.7925345877239248, -0.33448428076938463, 0.5087038063509716
0.824385045808233, -0.24830771161545923, 0.507574498888288
0.8478923905530029, -0.15953750945457837, 0.5044658156233226
0.8617192776118282, -0.06877661125352585, 0.5012598576721086
0.8642135256703258, 0.02298485755874652, 0.5006132251528275
0.8556032805959506, 0.11431012284895964, 0.502843556031435
0.836800642738184, 0.20411676139493326, 0.5061602024732893
0.8091490522413274, 0.29167162158629234, 0.5083772837869918
0.7735697830850878, 0.3763568583729835, 0.508211932681648
0.7303285191044342, 0.45736021699279017, 0.5057281656038256
0.6790697594389721, 0.5334861770987301, 0.5023564020303327
0.6192228688261717, 0.6030342830203168, 0.5005740144025621
0.5513833744215698, 0.664741499050707, 0.501757151316513
0.4767504728301582, 0.7180749838770288, 0.504907045693514
0.3968956558224471, 0.7633268780436863, 0.5077438186723833
0.3130860408783226, 0.800883900259709, 0.508539265651997
0.22621434970259927, 0.8306436395431185, 0.5068418707239651
0.1369089017600591, 0.8517651958116887, 0.5036049673916457
0.04584874087344441, 0.8628342297259973, 0.5009664251240415
-0.04584870158903896, 0.8628335251559913, 0.5009663441731987
-0.1369093340244228, 0.851767145801835, 0.503602913682748
-0.22621548800166882, 0.830647528061241, 0.5068401338316788
-0.31308740097612886, 0.8008873540616532, 0.5085396505927682
-0.3968977778906795, 0.7633309193569886, 0.5077420441652492
-0.47675283314670247, 0.7180789864222825, 0.5048997606324094
-0.5513789238259479, 0.6647364213779605, 0.5017529027023048
-0.6192121340007415, 0.6030242423385412, 0.5005758529015927
-0.6790810837648453, 0.5334939079267869, 0.5023457594223635
-0.7303480709070077, 0.4573713810949139, 0.5057187564236583
-0.7735829333292096, 0.37636302971349644, 0.5082119099922532
-0.809155994951182, 0.29167393169067135, 0.5083757340853482
-0.8368039365445247, 0.20411781449604618, 0.5061458247746433
-0.8555894483871018, 0.11430894798694213, 0.5028294176112451
-0.8641791325499099, 0.022984974040071392, 0.5006183116340263
-0.8617432569914167, -0.06878033590324265, 0.5012449437376122
-0.847942909206336, -0.1595501920553874, 0.5044454661955647
-0.8244182531293796, -0.24831891706160167, 0.5075707889770344
-0.7925437800407256, -0.33448850888094606, 0.508704684036751
-0.753019883236325, -0.41741098904635154, 0.5072603575931156
-0.7058213630813617, -0.4961416537697112, 0.5040777669850123
-0.6505427118296329, -0.5693882168919066, 0.501083889125737
-0.5870374058222232, -0.6357549626145915, 0.5004207005266247
-0.5155309244485174, -0.6934561485019528, 0.5031005272861555
-0.43789452924960853, -0.7425623638487284, 0.506647100284289
-0.3557485616973708, -0.7837632515473612, 0.5087068420408005
-0.2702072023318558, -0.817375047650472, 0.5081734355600546
-0.18199682702697037, -0.8429836984700221, 0.5053893146151313
-0.09169520325204603, -0.859602190615792, 0.5019281551057987
0.0, -0.8660254037844403, 0.49999999999999706
-1.309942193294489e-15, -0.8660254037844404, 0.49999999999999717
0.09169504075140858, -0.8595993030589996, 0.5019278164343656
0.1819962913745397, -0.8429804122752498, 0.5053865165475038
0.27020664854552034, -0.8173732146394032, 0.5081716190933913
0.355749764714072, -0.7837661500248514, 0.5087073537941936
0.43790130749835654, -0.7425754317540252, 0.5066445220837212
0.5155437918450414, -0.6934765943046706, 0.5030919537780819
0.5870422753403225, -0.6357611718682502, 0.5004169208555825
0.6505269096877091, -0.5693732632104397, 0.5010848670770721
0.7058125602498064, -0.4961347416602331, 0.5040658008746332
0.753018058253742, -0.417409871580053, 0.5072511919218596
0.7925493089958046, -0.3344910505736694, 0.508705199384349
0.8244415313384994, -0.24832678834080374, 0.5075680831969805
0.847984374553989, -0.15956065447894208, 0.5044288327760433
0.8617662635324081, -0.06878392026850413, 0.5012310148147607
0.8641421349512184, 0.022985096568045434, 0.5006236494868926
0.8555735658717109, 0.11430763705237215, 0.5028120881539029
0.8368095668454827, 0.2041195552063371, 0.5061256395720775
0.8091671671256785, 0.29167765910050103, 0.5083731946619399
0.7736071215052072, 0.37637437262323614, 0.5082117707801416
0.7303910043574274, 0.45739582959542446, 0.5056982015233729
0.6791110014586287, 0.533514316752894, 0.502318565057319
0.6191794140504254, 0.6029936575815634, 0.5005813246634571
0.5513632810171746, 0.664718601092211, 0.5017373328290171
0.476764281580487, 0.7180983577850436, 0.5048669096037167
0.3969099982340287, 0.7633542558300561, 0.5077318009614511
0.31309760977783274, 0.8009132765272566, 0.5085424918877197
0.2262283463205671, 0.8306912670378518, 0.5068206641041649
0.13691805989776373, 0.8518065020096399, 0.5035632731562734
0.04584634533074775, 0.8627916555957427, 0.5009614334380343
-0.04584630336478266, 0.8627909163871459, 0.5009613450530606
-0.13691856254869267, 0.8518087687578346, 0.5035610796652125
-0.22622958919176028, 0.8306954783309264, 0.5068187954912111
-0.3130989982034331, 0.8009168018506793, 0.5085428719110561
-0.3969122754894161, 0.7633586156473896, 0.5077298879147711
-0.4767671684620404, 0.7181032337802594, 0.5048591379424127
-0.5513588900244958, 0.664713606428919, 0.5017327810798259
-0.6191678398182727, 0.6029828450196723, 0.5005832169112013
-0.6791238962186399, 0.5335231073561135, 0.5023071931791205
-0.7304122393306873, 0.4574078915679065, 0.5056880835485054
-0.7736207055613976, 0.3763807381834965, 0.5082116396034767
-0.8091744999680295, 0.2916801117964426, 0.5083714995439814
-0.8368145528940872, 0.20412106197366725, 0.5061103331500704
-0.8555605963337917, 0.11430659971227994, 0.5027969831144992
-0.8641049993752815, 0.022985216974292202, 0.5006288828563796
-0.8617932272060155, -0.06878813242712135, 0.5012150861350954
-0.8480391140877732, -0.1595745303369812, 0.5044069589092715
-0.8244762187919311, -0.24833854079147558, 0.5075639012490418
-0.7925587140692126, -0.33449537179009986, 0.5087060551391401
-0.753015261795329, -0.4174081206367973, 0.5072327892527833
-0.7057931985601784, -0.49611947884217905, 0.5040376753033744
-0.6504830040872903, -0.5693317455353184, 0.5010874625794721
-0.5870587761903686, -0.6357822296506233, 0.5004043828147021
-0.5155961119440292, -0.6935599307689672, 0.503057171426568
-0.43793533214397345, -0.7426411581439561, 0.5066312891238205
-0.35575749073732077, -0.7837847565352077, 0.508710638364731
-0.2702019068161805, -0.8173575584094078, 0.5081551439581106
-0.18198911674002174, -0.8429362301242751, 0.505346871681213
-0.09169025663965466, -0.8595150333379241, 0.501917740547823
0.0, -0.8660254037844414, 0.49999999999999545
-1.3375560473382738e-15, -0.8660254037844414, 0.49999999999999556
0.09169008288643725, -0.859512002100024, 0.5019173707785615
0.1819886124519385, -0.8429331056694994, 0.5053438952725936
0.2702013900235608, -0.8173558558552652, 0.5081532252122483
0.35575871136193854, -0.7837876949487842, 0.5087111571765435
0.43793640133469797, -0.7426443502676854, 0.5066265136981805
0.5156002406521616, -0.6935683695265324, 0.5030494296019611
0.5870642078048993, -0.6357891688060696, 0.5004003498126024
0.6504660758757115, -0.5693157513204838, 0.5010884120367362
0.7057850655934583, -0.496113032232355, 0.5040249103882616
0.7530142707292753, -0.4174074690830632, 0.507223051924518
0.7925643712690775, -0.3344979696528551, 0.5087065561578841
0.8245005464620232, -0.24834680127742714, 0.5075608514540473
0.8480840649375845, -0.15958598488469927, 0.504389055675731
0.8618191011444117, -0.06879218947513172, 0.5012001955709939
0.8640650031817559, 0.02298534363020864, 0.5006343704128107
0.8555458529228489, 0.11430547227255966, 0.5027784558234211
0.8368226256644947, 0.2041234631479059, 0.5060888184674336
0.8091863062826191, 0.29168407197824303, 0.5083687187737413
0.7736456995914842, 0.37639244146869505, 0.5082112907084511
0.730458887535087, 0.4574343139164735, 0.5056659504873895
0.6791579405446195, 0.5335462913835639, 0.5022781055392269
0.6191325176427707, 0.6029498696666753, 0.5005888449381194
0.5513435115174443, 0.664696150701544, 0.5017160910818296
0.47678104665143023, 0.7181266540190863, 0.5048240523880339
0.39692539340197897, 0.7633838013393734, 0.5077188300787703
0.3131094192539109, 0.8009432609715219, 0.5085456721942212
0.22624363431175834, 0.8307428624518787, 0.5067978208266021
0.13692869404162053, 0.851854398093379, 0.5035186947075289
0.04584378394419181, 0.8627469634518239, 0.50095598339905
-0.04584373903344814, 0.8627461870409271, 0.5009558868994043
-0.13692927690794823, 0.8518570202036815, 0.5035163469524804
-0.2262449923888466, 0.8307474259967977, 0.5067958052422458
-0.31311083649568333, 0.8009468592576822, 0.5085460460933449
-0.3969278385952732, 0.7633885083717197, 0.5077167623043368
-0.47678452060632404, 0.7181325122997246, 0.5048157431698889
-0.5513392103093891, 0.6646912790830257, 0.5017112093543591
-0.6191200085752318, 0.602938199035257, 0.5005907899806494
-0.679172605477925, 0.5335562688034008, 0.5022659302804663
-0.7304819683551238, 0.4574473531747957, 0.5056550420549273
-0.7736597405180294, 0.37639901111949303, 0.5082110362647883
-0.8091940592847238, 0.2916866795140577, 0.5083668606850532
-0.8368295113373502, 0.2041254875193266, 0.5060724856509152
-0.8555339429550359, 0.11430460705832843, 0.5027622960590122
-0.8640248127834554, 0.022985468092295635, 0.5006397463191865
-0.8618494297705961, -0.06879696078097307, 0.5011831522862749
-0.8481434314078495, -0.15960118595565448, 0.5043654828743441
-0.824536814716444, -0.24835914191206354, 0.5075561381676074
-0.7925739949614394, -0.3345023867033483, 0.5087073856490089
-0.7530132020354856, -0.41740667896992967, 0.5072034790136251
-0.7057673771025188, -0.4960989271616799, 0.5039948846761059
-0.6504189923463495, -0.5692713000969967, 0.5010909198634198
-0.5870826244867013, -0.6358127198917161, 0.5003869614075992
-0.515580262110181, -0.6935511366781185, 0.5030235676606233
-0.4379128547533965, -0.7426099066801919, 0.506592947492348
-0.355766548303304, -0.7838065532127476, 0.5087144874574143
-0.27019700175118677, -0.817341433631853, 0.5081358025049642
-0.1819819191635414, -0.8428913653092968, 0.5053016889042288
-0.09168496306883903, -0.8594234913165644, 0.5019063698183484
0.0, -0.8660254037844424, 0.49999999999999384
-1.3668743424074387e-15, -0.8660254037844421, 0.4999999999999938
0.08868925513712352, -0.8583543288122681, 0.503532121943507
0.17008452707907876, -0.8408248758568393, 0.5084804530233304
0.2436948266180594, -0.8143734770964772, 0.5128170039443086
0.3092464565920549, -0.7800285686093974, 0.5149340470454703
0.3663656525035455, -0.7380900621197655, 0.5144729565690139
0.414549172171937, -0.6884102967677243, 0.5127049981981978
0.4529074789632392, -0.6302660750849071, 0.5118790951801719
0.48050636408863145, -0.5635822486786218, 0.5141684454142056
0.49825073084800003, -0.4905830535075518, 0.5184234817211936
0.5068850038461967, -0.4123196306044726, 0.5229027027846567
0.5075533057586772, -0.3300644001625193, 0.5258114108780435
0.5011306755945001, -0.2447768562308737, 0.5263562806143035
0.487930414040448, -0.15709242892716396, 0.5251565760679922
0.46784821127937015, -0.06761836333240329, 0.524045441964449
0.4408573516570091, 0.022560264382118302, 0.5252339399402186
0.4084470377443135, 0.11207434163451725, 0.5286237043464757
0.37194967156941094, 0.19993685895045113, 0.5329594417545052
0.33304797671337244, 0.28536608442598427, 0.5364168250501311
0.293122996600477, 0.3677416774965845, 0.5378513781848249
0.2530545995081429, 0.44625008861006304, 0.5373758983749702
0.21333331833821195, 0.5196663895348114, 0.5363164062491748
0.17439556832618347, 0.5863583606616435, 0.5366723922413634
0.13725826384869758, 0.6457152363766411, 0.5391483312760578
0.10296882902384738, 0.697055269741497, 0.5430876723494772
0.07260518093582852, 0.7403141672686608, 0.546840262708257
0.04696042128612013, 0.7758291426116013, 0.5490178621851449
0.02653643384429205, 0.8034968510968352, 0.5493034733083157
0.011622595788315544, 0.8224866179621337, 0.5485484109814952
0.002405973994539616, 0.8315443213732228, 0.548399499158627
-0.0009081650083117426, 0.8304691714868202, 0.5500355821520206
0.001803702876719035, 0.8193371674123189, 0.5533756222577364
0.010447990528211284, 0.7984458850481542, 0.5571772789842988
0.02469687652322103, 0.7690630814104564, 0.5599137476052205
0.04415342059507227, 0.7320026966810107, 0.5609267917842095
0.0683668368663522, 0.6873890085755641, 0.5606372825219783
0.09678318738686148, 0.6349945188155985, 0.5603133251293612
0.1288131320721821, 0.5750655963188674, 0.5612715391898375
0.16378934099380157, 0.5084122243578588, 0.5638932522991975
0.20052448063245665, 0.43559964745162844, 0.567521621946427
0.2380106025761953, 0.358166475516137, 0.5706120117700801
0.27536865948201406, 0.2772871608102423, 0.572260304446639
0.3117040378324686, 0.19377508676784258, 0.5725154151685578
0.3460002052610015, 0.10831163403070279, 0.5722809900108368
0.3772262160901434, 0.021738079434034985, 0.5727773384118438
0.4046133867234341, -0.06500384050928887, 0.5746861268674054
0.4265158423679768, -0.15070884457835476, 0.5779575396969844
0.44217349810179396, -0.23431618231657514, 0.581194743138483
0.4511622731668524, -0.3151322104929422, 0.5833423016721732
0.4530139004629334, -0.39248093215756097, 0.5841492482800457
0.44708519204756153, -0.46546929006743704, 0.5841837818518409
0.4327269292819476, -0.5330480484294201, 0.5844576374989519
0.4096654445377681, -0.5945855214500375, 0.5857704867373446
0.3768410539258955, -0.6481576170756997, 0.5885687324854285
0.33477338272345497, -0.6938300284863359, 0.5917306124890185
0.283892550133156, -0.7318404075679527, 0.594230100151577
0.22450587946893152, -0.761954001077895, 0.595535651247503
0.15708706180661888, -0.7840381553315863, 0.5959386739738399
0.08206097711880941, -0.7975005765137241, 0.5962109945606225
-1.2906342661267445e-15, -0.8021466764146755, 0.5971270463786496
-0.0, -0.8021466764146751, 0.5971270463786503
-0.08239360873718204, -0.7943382614612574, 0.6001743679766733
-0.15839550958384313, -0.7779141605003503, 0.6037234848248709
-0.22740522171276617, -0.7531461312203083, 0.6070350953375653
-0.2889960774863227, -0.7206138763416313, 0.609514082775515
-0.34271041703114613, -0.6804295121286659, 0.6110578028578573
-0.3882017323015462, -0.632932777555058, 0.6122089555952743
-0.4248747117641745, -0.5781339010544286, 0.6137388521669063
-0.451912039559798, -0.5162231637213447, 0.6163012557431427
-0.4702304380319363, -0.44912663130241154, 0.6194625758725258
-0.48012248800820606, -0.37739053657810145, 0.6226763390323383
-0.48238815620317144, -0.30194800013973633, 0.6253750321071317
-0.47778629959992125, -0.22365026190713888, 0.6273370283321951
-0.4666895712565319, -0.14323452945697102, 0.628815172079358
-0.44910861159217114, -0.06150589471596785, 0.6303902403471613
-0.42513310772335566, 0.020481187812337105, 0.6326255588415024
-0.3962010181811618, 0.10170007829714033, 0.6354129416825021
-0.3632207923590121, 0.18132381105123208, 0.6384156072326919
-0.32762610901032774, 0.2585004730469984, 0.6411697602818739
-0.29073354824202374, 0.3324480296328479, 0.6434104289919071
-0.2534066511919443, 0.4023281791298716, 0.6452253583384623
-0.21609631169121046, 0.4671748066177873, 0.6469752759035299
-0.17915294119396744, 0.526012659511883, 0.6490724139312698
-0.143544474147556, 0.5787859139534578, 0.6515717820678265
-0.11012208858576156, 0.6247961037634461, 0.6543074273867386
-0.07993526340281298, 0.6634304100742063, 0.6569759420183775
-0.053845505622026085, 0.6944196047303561, 0.6593501119261118
-0.03233803085010693, 0.7174610068209925, 0.6614328453595943
-0.015637696320292632, 0.7321265681494109, 0.6634216048990672
-0.003914993129923709, 0.738099765538026, 0.6655559044053003
0.002583499705063372, 0.7359897635797571, 0.6679032806393381
0.0036936111105302025, 0.7259320261424733, 0.6703850341204296
-0.0005926827067639084, 0.7075147733211923, 0.6728656257705214
-0.00996408572734242, 0.6810893444528288, 0.6752255569607657
-0.02394187601465156, 0.6470558565210478, 0.6774671087562352
-0.042075753832617274, 0.6057739503453665, 0.679689966870691
-0.06406668432790122, 0.5577365508466636, 0.6819876546493586
-0.08973316135455056, 0.5038602400537041, 0.6843374990445565
-0.11868260906212613, 0.4450463004560237, 0.6866553059621556
-0.14993437059240816, 0.3813707246577832, 0.6888981872565855
-0.18212732387345815, 0.31359758000727667, 0.6911112067899874
-0.21401711947297816, 0.2425741841780959, 0.6933772529036786
-0.24467298187018852, 0.16917488381454507, 0.6957716793259994
-0.2735323514633081, 0.09430578582772875, 0.6982908229020007
-0.30033046952409803, 0.018873382334464787, 0.7007887201171813
-0.32482784628321854, -0.05637496609523778, 0.703094378653691
-0.34577722184936144, -0.1306448522869526, 0.7051143526775228
-0.36164720522336613, -0.20300200116712125, 0.7070802320624838
-0.3712949045876961, -0.27253330169757944, 0.7092269571759832
-0.3740529239057242, -0.33837669195116876, 0.7116854476457443
-0.36966602638186496, -0.39979050629200114, 0.7144167769159986
-0.358201286836701, -0.45632360861875365, 0.7171715112375263
-0.33992435201067983, -0.508054036091314, 0.7196440979923276
-0.3141965122807633, -0.5539242151151902, 0.721526967082514
-0.2806456841908762, -0.5933644787791229, 0.7232066218410254
-0.23907294846990285, -0.6256637756595079, 0.7250887905398244
-0.18957376452903582, -0.6499599158331959, 0.7274732789923292
-0.1327937697508323, -0.6662909972837102, 0.7303475978997374
-0.0693966230624822, -0.6749400336870915, 0.7334078099779845
0.0, -0.6767540871017959, 0.736209145278035
