4.440892098500626e-16, 37.960409094372984, -0.09999989999985255
4.032063683944678, 37.70385950758063, -0.11694905254222544
8.01007153529891, 37.027509354238305, -0.13389820508459832
11.88805637700639, 35.93103053369676, -0.1508473576269712
15.619953824223646, 34.42327578701608, -0.16779651016934408
19.161587838124017, 32.5214612466733, -0.18474566271171694
22.473431124371004, 30.251694651734624, -0.20169481525408986
25.523004799490135, 27.647731255247727, -0.21864396779646272
28.284715559797363, 24.747096489424028, -0.23559312033883562
30.728307205985182, 21.580284186243826, -0.2525422728812085
32.819285916107916, 18.176372643794977, -0.2694914254235814
34.52797626196595, 14.57094403101706, -0.28644057796595424
35.83163738540998, 10.805323344461103, -0.3033897305083272
36.71777820480151, 6.925136248715628, -0.3203388830507
37.18445650612219, 2.9772673201842643, -0.3372880355930729
37.24017639486814, -0.9929972236139406, -0.3542371881354458
36.8893627937674, -4.9431153747960215, -0.37118634067781864
36.12713672361046, -8.829534743600881, -0.3881354932201916
34.952536702558625, -12.606527650637256, -0.4050846457625645
33.37416937670163, -16.228070973392924, -0.42203379830493726
31.411794542212363, -19.651360146858288, -0.4389829508473102
29.09479293936106, -22.839678519298538, -0.4559321033896831
26.460566361601032, -25.765363585984158, -0.47288125593205593
23.545617219933625, -28.40437544163112, -0.4898304084744289
20.377782974909557, -30.72493045625396, -0.5067795610168018
16.984741451057488, -32.69150729392329, -0.5237287135591746
13.401668046263854, -34.27384784566934, -0.5406778661015474
9.670747149553304, -35.45132230779697, -0.5576270186439204
5.838185474420312, -36.2149835198156, -0.5745761711862933
1.9506196280680648, -36.56883098107476, -0.5915253237286661
-1.9482834775719384, -36.524508451351394, -0.608474476271039
-5.8173079212507774, -36.08432811009304, -0.625423628813412
-9.613391972615563, -35.2400998282335, -0.6423727813557847
-13.290576385405892, -33.9895645774707, -0.6593219338981576
-16.803183709954915, -32.342796410149106, -0.6762710864405306
-20.10986994035718, -30.322208917916015, -0.6932202389829034
-23.177619138198924, -27.961332355904098, -0.7101693915252764
-25.983153754525972, -25.300323562754137, -0.7271185440676492
-28.50378760914444, -22.37459260686259, -0.744067696610022
-30.705334181478907, -19.208090748946077, -0.761016849152395
-32.550161673179346, -15.826794951593309, -0.7779660016947678
-34.0084788629054, -12.266561785222782, -0.7949151542371408
-35.061828443300975, -8.57061449480973, -0.8118643067795136
-35.706331411286655, -4.786063999428512, -0.8288134593218864
-35.951860791306665, -0.9590025803331924, -0.8457626118642594
-35.81343900483732, 2.868698616494051, -0.8627117644066321
-35.28931299328822, 6.657715463419581, -0.8796609169490052
-34.366046909783876, 10.364816571112707, -0.896610069491378
-33.041453776253675, 13.943462658716566, -0.913559222033751
-31.327361646437364, 17.348087434649678, -0.9305083745761238
-29.250441940761803, 20.539493868090027, -0.9474575271184966
-26.84837489358398, 23.488663122474033, -0.9644066796608695
-24.16490273158026, 26.177923813878987, -0.9813558322032424
-21.232658732350195, 28.585751815455094, -0.9983049847456154
-18.068991716619262, 30.671839471366997, -1.0152541372879882
-14.69982283666488, 32.39714613970884, -1.032203289830361
-11.162301878508737, 33.73241848968494, -1.049152442372734
-7.501632852312399, 34.66293837627516, -1.0661015949151067
-3.765742527335285, 35.190154711003686, -1.0830507474574798
4.973799150320701e-14, 35.332255551895095, -1.0999998999998526
-8.881784197001252e-16, 35.33225555189509, -1.0999998999998526
3.6358277209657293, 35.12490174036419, -1.1169490525422254
6.984744987535211, 34.53553650059912, -1.1338982050845983
10.010126681535459, 33.54782293646976, -1.1508473576269713
12.679134293544687, 32.1613756180173, -1.167796510169344
14.967593114659401, 30.39201956931271, -1.184745662711717
16.86400687993499, 28.270860076456938, -1.20169481525409
18.37086344959448, 25.839783385905886, -1.218643967796463
19.500786429183833, 23.142391245855386, -1.2355931203388357
20.257245598935352, 20.20124119047755, -1.2525422728812086
20.63980311357132, 17.033258064901165, -1.2694914254235814
20.657500933687697, 13.666704113536117, -1.2864405779659545
20.331202849429403, 10.140733987440118, -1.3033897305083273
19.69408792286461, 6.501497699572871, -1.3203388830507001
18.788682192337525, 2.7960399856433895, -1.337288035593073
17.66283616838981, -0.9329561440350326, -1.3542371881354458
16.356010849005457, -4.648101925993246, -1.3711863406778189
14.898996761503684, -8.309434782247266, -1.3881354932201917
13.326674005602912, -11.87178938505815, -1.4050846457625643
11.68068482858754, -15.288361546897292, -1.4220337983049374
10.007198724387278, -18.51686077485563, -1.4389829508473104
8.35316867028988, -21.524522817338223, -1.4559321033896833
6.763210179355882, -24.291671985501516, -1.472881255932056
5.275550522763368, -26.801408149814154, -1.489830408474429
3.9214584064240965, -29.020313937258084, -1.5067795610168018
2.729698056435879, -30.90612122428415, -1.5237287135591746
1.727459497750388, -32.42311623016687, -1.5406778661015477
0.938214523835482, -33.5491735444255, -1.5576270186439205
0.37994416070522297, -34.27874715281771, -1.5745761711862933
0.06451878521209509, -34.62332378926328, -1.5915253237286664
-0.0018975325241374907, -34.60208822719049, -1.608474476271039
0.1817529711792849, -34.21594745920447, -1.625423628813412
0.6109446392485847, -33.44726152770616, -1.642372781355785
1.2745957007909263, -32.28566340079047, -1.6593219338981577
2.155199038563791, -30.73762902926543, -1.6762710864405306
3.2303171775980424, -28.826333603936618, -1.6932202389829036
4.475011924851762, -26.58884190074665, -1.7101693915252765
5.863884204416474, -24.06899502296054, -1.7271185440676493
7.368231816330349, -21.301456993604944, -1.7440676966100224
8.94956961319715, -18.303461691338104, -1.761016849152395
10.561571356821158, -15.094526954882102, -1.777966001694768
12.15601878661401, -11.70732385066416, -1.7949151542371409
13.686917988795024, -8.184267222879003, -1.8118643067795137
15.114623709215351, -4.5723423046519205, -1.8288134593218865
16.407629165713104, -0.9165943475809988, -1.8457626118642596
17.537976106791263, 2.743721715316764, -1.8627117644066322
18.465325911801905, 6.372365690015333, -1.8796609169490053
19.138168566396633, 9.92766654145496, -1.8966100694913783
19.51109070376851, 13.363270368402329, -1.9135592220337512
19.549750873974382, 16.633708731602443, -1.930508374576124
19.233894650631996, 19.701102645800905, -1.9474575271184968
18.556160874167148, 22.53961326120525, -1.96440667966087
17.51842983302309, 25.135830915478365, -1.9813558322032425
16.116326876472215, 27.47015092169101, -1.9983049847456156
14.333517142105638, 29.499406131931476, -2.0152541372879886
12.164513666229839, 31.18143099950848, -2.032203289830361
9.619213956338855, 32.48524679944897, -2.0491524423727343
6.721232671084263, 33.39655559759476, -2.066101594915107
3.502995085493246, 33.919187210490385, -2.08305074745748
-1.3322676295501878e-15, 34.07447953015792, -2.099999899999853
4.973799150320701e-14, 34.07447953015791, -2.099999899999853
-3.5067563027572186, 33.88393232003082, -2.116949052542226
-6.7361747968073775, 33.32737871189133, -2.1338982050845985
-9.652489756799058, 32.384614641405335, -2.1508473576269713
-12.22289929539373, 31.052786894782678, -2.167796510169344
-14.423296740287388, 29.3471294357161, -2.1847456627117174
-16.243101115872406, 27.29961196806426, -2.2016948152540903
-17.68683117525898, 24.953454539400894, -2.2186439677964627
-18.769563136845655, 22.35283381359283, -2.235593120338836
-19.494489899236516, 19.517955991742536, -2.252542272881209
-19.85875669614403, 16.462464335379426, -2.2694914254235816
-19.868834302193804, 13.212290899407929, -2.286440577965955
-19.543982411335797, 9.80539431565705, -2.3033897305083273
-18.917265049868277, 6.287294074260915, -2.3203388830507
-18.032439078722668, 2.7042472479977073, -2.337288035593073
-16.939085270353843, -0.9024631940720577, -2.3542371881354462
-15.676025606194562, -4.497301805023204, -2.371186340677819
-14.270502701872523, -8.041847471133506, -2.388135493220192
-12.753646012807009, -11.491863537295085, -2.4050846457625648
-11.164624047199117, -14.801177674365379, -2.4220337983049376
-9.548650987058341, -17.92837729224977, -2.4389829508473104
-7.9528523914900315, -20.842218021823072, -2.4559321033896833
-6.4223718384018795, -23.525126823868046, -2.472881255932056
-4.994958424683002, -25.961947353169542, -2.489830408474429
-3.6995365267232057, -28.119446955011902, -2.5067795610168018
-2.562231797356219, -29.954641916231, -2.5237287135591746
-1.6086242630793048, -31.43126710462814, -2.5406778661015474
-0.8615874048287626, -32.52729550173112, -2.5576270186439207
-0.33901750185278745, -33.238036275410565, -2.574576171186293
-0.05264011780438693, -33.57626114143271, -2.5915253237286664
-0.008100526251980988, -33.56212335572074, -2.6084744762710392
-0.20582986480061116, -33.196059761492805, -2.6254236288134125
-0.6411564346198118, -32.45884342865292, -2.642372781355785
-1.3035001646292557, -31.33869016172845, -2.6593219338981577
-2.1761335138648237, -29.84125874726586, -2.676271086440531
-3.2371801944600334, -27.9894375694424, -2.693220238982904
-4.461721200951201, -25.820181898934926, -2.7101693915252767
-5.823935504820643, -23.376984556467907, -2.7271185440676495
-7.295283800407283, -20.693518958889857, -2.7440676966100224
-8.838990029274234, -17.785446189904302, -2.761016849152395
-10.411100224544201, -14.670784106069291, -2.777966001694768
-11.96541201537452, -11.381018660623875, -2.794915154237141
-13.457199270365322, -7.957574205426609, -2.8118643067795137
-14.847243269167418, -4.4464305672113955, -2.8288134593218865
-16.103898261243575, -0.8915047423653103, -2.8457626118642594
-17.199336922078484, 2.669157790774356, -2.8627117644066327
-18.094918631605978, 6.200475085703619, -2.8796609169490055
-18.74176524170295, 9.661834467415604, -2.8966100694913783
-19.09643793527224, 13.007884645060326, -2.913559222033751
-19.125674592851265, 16.194160555660254, -2.930508374576124
-18.809494273100647, 19.183759805744156, -2.947457527118497
-18.140347054437495, 21.951672299921608, -2.9644066796608697
-17.1198821127934, 24.484987485790743, -2.9813558322032425
-15.744167826063904, 26.76443271025736, -2.9983049847456154
-13.997973363118291, 28.747431491069918, -3.0152541372879886
-11.87633189905902, 30.392519324172035, -3.032203289830361
-9.388978486507, 31.669356062087882, -3.0491524423727343
-6.558894201429419, 32.563996474920046, -3.066101594915107
-3.41767711965241, 33.08011809371078, -3.08305074745748
4.973799150320701e-14, 33.23823905040744, -3.099999899999853
-1.3322676295501878e-15, 33.23823905040745, -3.099999899999853
3.4202919140309493, 33.05577183699552, -3.116949052542226
6.569319438645784, 32.515935591442215, -3.1338982050845985
9.412246922387492, 31.599100094342624, -3.1508473576269713
11.91711446189289, 30.30261033266884, -3.167796510169344
14.060405302698626, 28.641349600578454, -3.1847456627117174
15.831810329776072, 26.646319749345864, -3.20169481525409
17.235864394899394, 24.359297293082065, -3.2186439677964627
18.287575231418852, 21.822938849237424, -3.235593120338836
18.990279400079302, 19.05695237452589, -3.252542272881209
19.341183738682343, 16.074930753459906, -3.269491425423582
19.346452155463624, 12.90238957290454, -3.2864405779659545
19.02474240934713, 9.576379379757988, -3.3033897305083273
18.4083844070762, 6.141162984154953, -3.3203388830507006
17.540474037163108, 2.6417114952256617, -3.3372880355930734
16.470102739773644, -0.8816948664977011, -3.354237188135446
15.235565059878796, -4.394186194538637, -3.371186340677819
13.863170348306234, -7.85811997912256, -3.388135493220192
12.382776294363747, -11.230386426225616, -3.4050846457625648
10.832249842882323, -14.466130784956846, -3.4220337983049376
9.255736755842255, -17.52505187765156, -3.4389829508473104
7.6996654470058115, -20.376408357827064, -3.4559321033896833
6.2087989850957115, -23.002290802536393, -3.472881255932056
4.820435193894433, -25.38707565399998, -3.489830408474429
3.5624816649375743, -27.49833577406398, -3.5067795610168018
2.4597912022603836, -29.294809137678023, -3.5237287135591746
1.5369460319347859, -30.741816388421288, -3.540677866101548
0.8162610420718521, -31.818138102114755, -3.5576270186439203
0.3154178745882761, -32.51872854983238, -3.574576171186293
0.04601504473995799, -32.85480727990201, -3.5915253237286664
0.01341820212691991, -32.84455485610299, -3.6084744762710392
0.21768791243695418, -32.488133862586224, -3.6254236288134125
0.6540560144191563, -31.767941040884267, -3.6423727813557853
1.3123275915079908, -30.673696546218032, -3.6593219338981577
2.176457333808023, -29.211470448992117, -3.676271086440531
3.225138545406641, -27.403256839719557, -3.693220238982904
4.433493063741652, -25.284041927493945, -3.7101693915252767
5.7751014583884785, -22.894960057337485, -3.7271185440676495
7.221114201714398, -20.268398847076398, -3.7440676966100224
8.735994900657374, -17.420608399014576, -3.761016849152395
10.27799326455468, -14.37032858544417, -3.777966001694768
11.802982908507722, -11.148756791821132, -3.794915154237141
13.267515304014733, -7.796137044399865, -3.8118643067795137
14.632410790409214, -4.356895072870592, -3.828813459321887
15.864885466922967, -0.8736875781777425, -3.8457626118642594
16.935926921639755, 2.6160269884247933, -3.862711764406632
17.808078475909475, 6.077420454770306, -3.8796609169490055
18.435655218770833, 9.470695191888922, -3.8966100694913783
18.77786318268106, 12.751948734391359, -3.913559222033751
18.802761869338852, 15.878238270282624, -3.9305083745761245
18.49012800386897, 18.813470222568178, -3.947457527118497
17.83098345781876, 21.5321580362548, -3.9644066796608697
16.825248444571717, 24.019755931736448, -3.981355832203243
15.468925603919047, 26.256280759011446, -3.998304984745616
13.749031878464567, 28.201444787948102, -4.015254137287989
11.662139046716138, 29.816538120238278, -4.0322032898303615
9.218145538528344, 31.073169836767217, -4.049152442372734
6.439055739483044, 31.95764237879837, -4.066101594915107
3.35509822880484, 32.47184943054937, -4.08305074745748
-4.440892098500626e-16, 32.63286395405765, -4.099999899999853
4.973799150320701e-14, 32.63286395405765, -4.099999899999853
-3.472908797873348, 32.45182863208295, -4.116949052542226
-6.907864697425142, 31.91794237344938, -4.1338982050845985
-10.263253712735123, 31.01492832495117, -4.150847357626971
-13.494957865479785, 29.741945919407154, -4.167796510169344
-16.561511605457408, 28.11364246910152, -4.184745662711717
-19.429537469479328, 26.158941376892923, -4.201694815254091
-22.077177549222462, 23.91655451459074, -4.218643967796464
-24.49164367615257, 21.426451614606, -4.2355931203388355
-26.644655713285857, 18.70898844542466, -4.252542272881208
-28.495997691592386, 15.779594433399144, -4.269491425423582
-30.010712441725623, 12.664440321172558, -4.286440577965955
-31.164654944081747, 9.39979775073896, -4.303389730508328
-31.948825599718596, 6.02829943766951, -4.320338883050701
-32.36904070149097, 2.5933428215533443, -4.3372880355930725
-32.44310474136404, -0.8655893513118592, -4.354237188135446
-32.17580067155184, -4.313672621396605, -4.371186340677819
-31.552347048790082, -7.713674607549077, -4.388135493220192
-30.561783160840662, -11.023756907741378, -4.405084645762565
-29.20701780956786, -14.200762739003403, -4.422033798304938
-27.506272076324024, -17.205634989568978, -4.43898295084731
-25.490057377759754, -20.00764593393275, -4.455932103389683
-23.19722462937476, -22.587386607236233, -4.472881255932056
-20.66190209170821, -24.92776983887834, -4.489830408474429
-17.90342857204434, -26.997597352522476, -4.506779561016803
-14.9401428181121, -28.758583168822767, -4.523728713559175
-11.800655202265471, -30.178663882968557, -4.540677866101548
-8.52276361544571, -31.23775042309685, -4.55762701864392
-5.148998793027528, -31.929905253684083, -4.574576171186293
-1.7216714536206092, -32.26358348511373, -4.591525323728666
1.72114349128783, -32.2538024133614, -4.60847447627104
5.1442477362248695, -31.90068971082682, -4.6254236288134125
8.509614629342352, -31.18976400850119, -4.642372781355785
11.775162095182493, -30.113505691185996, -4.659321933898157
14.89882105061993, -28.67888241624295, -4.676271086440531
17.84335795583379, -26.90674900293665, -4.693220238982903
20.580552868416852, -24.829432377541764, -4.710169391525277
23.092044547267534, -22.485008172812183, -4.7271185440676495
25.35842225019885, -19.904569764026284, -4.744067696610022
27.34630380216432, -17.10585376150493, -4.761016849152395
29.018328135793315, -14.109150046930914, -4.777966001694768
30.345602030643015, -10.945664454647302, -4.794915154237141
31.31111983235096, -7.6543892417571175, -4.811864306779514
31.91229529112123, -4.278025856868841, -4.8288134593218865
32.159340465524906, -0.8579400621058149, -4.845762611864259
32.06596309341162, 2.56879810640171, -4.862711764406632
31.62810536368672, 5.967350159182271, -4.879660916949005
30.830506566732062, 9.298697763474209, -4.896610069491379
29.669617370633873, 12.520534705308323, -4.913559222033752
28.155671762002505, 15.59157595228135, -4.9305083745761245
26.312652099517944, 18.476497954637104, -4.947457527118496
24.17413361294679, 21.149060449449856, -4.96440667966087
21.77846603689214, 23.592658234975794, -4.981355832203243
19.153594419874747, 25.78648859823599, -4.998304984745616
16.314375813832232, 27.693084793226355, -5.015254137287989
13.284144286964962, 29.276967735410484, -5.0322032898303615
10.096438919337473, 30.511925298704885, -5.049152442372734
6.791736063017189, 31.384486649978854, -5.066101594915107
3.4127210919434794, 31.89456552594168, -5.08305074745748
-8.881784197001252e-16, 32.05551368486801, -5.099999899999853
4.263256414560601e-14, 32.05551368486801, -5.099999899999853
-3.4106092221922606, 31.875012018313623, -5.116949052542226
-6.783290097129199, 31.345688861595036, -5.1338982050845985
-10.0775540368562, 30.454981194360588, -5.150847357626971
-13.251075460988153, 29.204029771037593, -5.167796510169344
-16.263939043835798, 27.607254967014832, -5.184745662711717
-19.083139008244014, 25.69139190134537, -5.201694815254091
-21.685533012327042, 23.491890009043587, -5.218643967796463
-24.055988832234544, 21.045843605137993, -5.235593120338836
-26.16689068986866, 18.37442636909513, -5.252542272881208
-27.981143223856737, 15.495155108358198, -5.269491425423582
-29.466803646180836, 12.43496898905586, -5.286440577965955
-30.601373410478057, 9.229370963022003, -5.303389730508328
-31.37541030853626, 5.919328363729326, -5.320338883050701
-31.79221196906502, 2.546628590351487, -5.337288035593073
-31.865788721786572, -0.8500271410134809, -5.354237188135446
-31.5999854616567, -4.235776975703992, -5.371186340677819
-30.983044553792723, -7.573759415668785, -5.388135493220192
-30.007229936307297, -10.823432119874939, -5.405084645762565
-28.676887126262976, -13.943373769162417, -5.422033798304938
-27.009521017194437, -16.895783489352283, -5.43898295084731
-25.03319969870982, -19.649905778774762, -5.455932103389683
-22.783513909866492, -22.18469601436525, -5.472881255932056
-20.29269675141391, -24.481463301052273, -5.489830408474429
-17.581225676796997, -26.51031080217794, -5.506779561016802
-14.669253576895276, -28.236096012374652, -5.523728713559175
-11.58578378373555, -29.629471517930035, -5.540677866101548
-8.367603036752376, -30.671502720860325, -5.55762701864392
-5.055559455367598, -31.35532064169312, -5.574576171186293
-1.6905213798957575, -31.686494217051123, -5.591525323728666
1.6899934073528795, -31.67671293720654, -5.60847447627104
5.050808189703162, -31.326103741520612, -5.625423628813412
8.35445357586427, -30.623514768579724, -5.642372781355785
11.560290427421624, -29.56431279877378, -5.659321933898158
14.62793104975302, -28.15639361996905, -5.676271086440531
17.521152332707054, -26.419458273465306, -5.693220238982904
20.21134470846946, -24.38312257479694, -5.710169391525277
22.678332209804083, -22.082316142198245, -5.7271185440676495
24.90155947747772, -19.54682539712522, -5.744067696610022
26.849545721203466, -16.795997991885933, -5.761016849152396
28.48819461912384, -13.851760028219985, -5.777966001694768
29.79104669498504, -10.74533878328399, -5.794915154237142
30.741808117311056, -7.514471481090354, -5.811864306779514
31.336468061439632, -4.200128741021303, -5.8288134593218865
31.582019626675162, -0.8423780969990148, -5.845762611864259
31.489126351211212, 2.5220836811646423, -5.862711764406632
31.054673802897444, 5.858376180774032, -5.879660916949005
30.267216801360707, 9.128267828378936, -5.896610069491378
29.125707133305905, 12.291062692229584, -5.913559222033751
27.64080782601249, 15.30713230709156, -5.930508374576124
25.834869875104392, 18.14192397621972, -5.947457527118496
23.73847065560708, 20.768444278981786, -5.964406679660869
21.386817883092682, 23.167990598578033, -5.981355832203243
18.80718127314454, 25.318920617931393, -5.998304984745615
16.016794533604884, 27.186680588983435, -6.015254137287989
13.040261501825247, 28.739049095382253, -6.0322032898303615
9.91073583733234, 29.951971817914938, -6.049152442372734
6.667154861226044, 30.812206634415016, -6.066101594915107
3.350420352304965, 31.317725189655334, -6.08305074745748
-4.440892098500626e-16, 31.478163415678377, -6.099999899999853
4.618527782440651e-14, 31.478163415678377, -6.099999899999853
-3.34830843934077, 31.298170823046092, -6.1169490525422265
-6.658708400670767, 30.77340687258698, -6.1338982050845985
-9.891850558596715, 29.895026978175483, -6.150847357626972
-13.007192614327046, 28.6661107316676, -6.167796510169344
-15.966355945046509, 27.100847271289073, -6.184745662711718
-18.736722004160427, 25.22381905213892, -6.20169481525409
-21.293883694348956, 23.067221366749383, -6.218643967796464
-23.62032274899507, 20.66522429993196, -6.2355931203388355
-25.68910068818891, 18.03984702437536, -6.252542272881208
-27.46627431375882, 15.210709201492406, -6.269491425423581
-28.922892531991877, 12.20549656570414, -6.286440577965955
-30.038077865968933, 9.058938814149823, -6.303389730508327
-30.80196556446771, 5.810352019975203, -6.320338883050701
-31.215367757023447, 2.4999139816467126, -6.3372880355930725
-31.288462719563647, -0.8344654345833233, -6.354237188135446
-31.024143574877005, -4.1578780499029016, -6.37118634067782
-30.41371997790469, -7.43383805630201, -6.388135493220192
-29.45267121249215, -10.62310502408657, -6.405084645762564
-28.14674835823528, -13.685981810758111, -6.422033798304938
-26.512747763895277, -16.585918515144666, -6.438982950847311
-24.576323959134818, -19.29215070047841, -6.455932103389683
-22.369796662448756, -21.78199961977348, -6.472881255932056
-19.923478323814365, -24.035141573884633, -6.489830408474429
-17.25900783038057, -26.023001296030312, -6.506779561016803
-14.398359245444155, -27.71359784045137, -6.523728713559175
-11.370910216385909, -29.080274610114976, -6.540677866101548
-8.212436703207441, -30.10523643455499, -6.55762701864392
-4.962115866847505, -30.78070857279124, -6.574576171186293
-1.6593706693727834, -31.109392285669152, -6.591525323728666
1.65884268543356, -31.099610784426233, -6.60847447627104
4.957364377579102, -30.751490237802244, -6.625423628813412
8.199286739457818, -30.057246868030113, -6.642372781355785
11.345416602552458, -29.015115351751245, -6.659321933898157
14.357035932941848, -27.63389374976927, -6.676271086440531
17.19893161828655, -25.932144367983504, -6.693220238982903
19.842123289002828, -23.936797379541872, -6.710169391525277
22.264613225086286, -21.67961821781976, -6.727118544067649
24.44467830965581, -19.189065854441644, -6.744067696610022
26.352765046496344, -16.486128529869244, -6.761016849152396
27.958052904124425, -13.594366995314292, -6.777966001694768
29.23648576353115, -10.545010766114489, -6.794915154237141
30.17247383960668, -7.374547408488247, -6.811864306779514
30.760613436860144, -4.122228237552514, -6.8288134593218865
31.004688461145133, -0.826816654585005, -6.845762611864259
30.912273617410563, 2.4753688516993098, -6.862711764406632
30.48121189168178, 5.74939672942588, -6.879660916949005
29.703912629642495, 8.957832354833286, -6.896610069491379
28.581794491482345, 12.06158954814529, -6.913559222033752
27.125928971086125, 15.022681883259335, -6.9305083745761245
25.357061717746507, 17.80733212154795, -6.947457527118496
23.30279589679739, 20.38781627203874, -6.96440667966087
20.995164712845394, 22.74331860755934, -6.981355832203242
18.460748750119727, 24.85132811302803, -6.998304984745616
15.719202295503916, 26.680255286692727, -7.015254137287988
12.796378236529701, 28.201127401258038, -7.0322032898303615
9.725028774915621, 29.392010961169095, -7.049152442372734
6.542566146090057, 30.239896760547204, -7.066101594915107
3.2881182702718643, 30.740858754977577, -7.08305074745748
-4.440892098500626e-16, 30.900813146488737, -7.099999899999853
4.263256414560601e-14, 30.900813146488733, -7.099999899999853
-3.2860063090671323, 30.721303473880976, -7.1169490525422265
-6.534119159734983, 30.201094923792667, -7.1338982050845985
-9.706143079040201, 29.3350653527231, -7.150847357626972
-12.763309304847892, 28.12818867118605, -7.167796510169344
-15.668761823059839, 26.59441834661514, -7.184745662711717
-18.390285394089275, 24.756221386056712, -7.20169481525409
-20.902229271955733, 22.64254830902735, -7.218643967796463
-23.184644634559238, 20.28459295929599, -7.2355931203388355
-25.211284251179546, 17.705249495404033, -7.252542272881208
-26.95139024225523, 14.926256425737488, -7.269491425423582
-28.378978989515673, 11.976023011981752, -7.286440577965955
-29.474767641060627, 8.888501018379847, -7.303389730508328
-30.22848970899984, 5.701370045980724, -7.320338883050701
-30.638507061482578, 2.453198954364052, -7.3372880355930725
-30.711126017743055, -0.8189042588478829, -7.354237188135446
-30.448273428391232, -4.079975592437807, -7.371186340677819
-29.844372169411887, -7.293910166540218, -7.388135493220192
-28.898106725630413, -10.422775500546685, -7.405084645762564
-27.61660111590581, -13.428586745819423, -7.422033798304938
-26.015951087175612, -16.276039396212532, -7.438982950847311
-24.119429014139318, -18.934379813298612, -7.455932103389683
-21.95607241544478, -21.379297034327838, -7.472881255932055
-19.554246022729306, -23.588803690771154, -7.489830408474429
-16.936774247702594, -25.53566754713512, -7.506779561016802
-14.12745959894989, -27.191088116720977, -7.523728713559175
-11.156034396216928, -28.531072967357677, -7.540677866101548
-8.057264271197578, -29.53895061773479, -7.55762701864392
-4.868667722187549, -30.20606744706221, -7.574576171186292
-1.6282192479654998, -30.532276872821726, -7.591525323728666
1.6276912513023372, -30.522495135733447, -7.60847447627104
4.8639159935511955, -30.17684759547268, -7.625423628813412
8.04411377480082, -29.490959357960215, -7.6423727813557845
11.130540511302428, -28.465913146100533, -7.659321933898158
14.08613546468143, -27.111382241891427, -7.676271086440531
16.876695015088824, -25.444805969893046, -7.693220238982904
19.47288781425944, -23.490455805426357, -7.710169391525277
21.85088711321098, -21.27691399908163, -7.727118544067649
23.987777590033353, -18.831290237362683, -7.744067696610022
25.855960528387484, -16.176244697470132, -7.761016849152396
27.427902555357356, -13.336970804755362, -7.777966001694768
28.681918969074612, -10.344680274911218, -7.794915154237141
29.60311582654165, -7.23461664594573, -7.811864306779514
30.18472980234285, -4.044324083956575, -7.8288134593218865
30.42734621896851, -0.8112557594739911, -7.845762611864259
30.3354038301039, 2.428653576883202, -7.862711764406633
29.907717860281664, 5.640411428162853, -7.879660916949005
29.14059336165369, 8.787391058259445, -7.896610069491379
28.03787935799003, 11.832115252663206, -7.913559222033751
26.611034415286483, 14.738224375857866, -7.930508374576124
24.879226044775642, 17.472721415322347, -7.947457527118496
22.86710847739549, 20.00717565481872, -7.96440667966087
20.603506166410988, 22.318641978094384, -7.981355832203243
18.11429571389998, 24.383709568760704, -7.998304984745616
15.421598633268559, 26.173807896185657, -8.015254137287988
12.552494516890658, 27.66320262653856, -8.032203289830361
9.539317522761946, 28.832042385680737, -8.049152442372733
6.4179694363777, 29.667555449198908, -8.066101594915107
3.22581468946848, 30.163964519441546, -8.08305074745748
-4.440892098500626e-16, 30.323462877299104, -8.099999899999853
4.263256414560601e-14, 30.323462877299107, -8.099999899999853
-3.2237026743506476, 30.144408263615095, -8.116949052542227
-6.409521891373189, 29.628751434759845, -8.133898205084598
-9.520431387268454, 28.775095975559754, -8.15084735762697
-12.519425512785228, 27.590263450490596, -8.167796510169344
-15.371156163526287, 26.087967082125235, -8.184745662711718
-18.043828038455164, 24.288597339746868, -8.20169481525409
-20.510569396155244, 22.21787052955115, -8.218643967796464
-22.74895362354655, 19.903948772581565, -8.235593120338837
-24.733439865401355, 17.370632838115032, -8.252542272881207
-26.436490170709988, 14.641796436741723, -8.269491425423581
-27.83506288814682, 11.74654826858781, -8.286440577965955
-28.91144202614757, 8.718057258764407, -8.303389730508327
-29.65498097770533, 5.592382041463973, -8.3203388830507
-30.061628795243468, 2.4064834538231947, -8.337288035593073
-30.133777830106254, -0.803343652224135, -8.354237188135446
-29.872373299691777, -4.002069335904103, -8.37118634067782
-29.27499989341027, -7.153975365915421, -8.388135493220192
-28.34353621508432, -10.222443438464001, -8.405084645762564
-27.086444991924665, -13.17118846075737, -8.422033798304938
-25.51912963542982, -15.966145405102168, -8.438982950847311
-23.662513602029634, -18.576592158248037, -8.455932103389683
-21.542340648698865, -20.976587842856546, -8.472881255932055
-19.18499899832547, -23.14244861248023, -8.489830408474429
-16.614524095584915, -25.048308189435858, -8.506779561016803
-13.85655440846646, -26.668566287949073, -8.523728713559175
-10.94115621602397, -27.98186639227582, -8.540677866101548
-7.90208536838341, -28.97264424831412, -8.55762701864392
-4.77521468510289, -29.631395528939102, -8.574576171186294
-1.5970670320987586, -29.95514709063502, -8.591525323728666
1.5965390211982622, -29.945365101937796, -8.60847447627104
4.770462700966329, -29.60217408018488, -8.625423628813412
7.888934306989772, -28.924651217708853, -8.642372781355785
10.91566203530716, -27.9167059620889, -8.659321933898157
13.81522939341518, -26.588858490944766, -8.676271086440531
16.554441667049147, -24.95744165926579, -8.693220238982903
19.103637421537474, -23.04409677886075, -8.710169391525277
21.437153343426402, -20.87420304587544, -8.727118544067649
23.53085603570289, -18.473497554728414, -8.744067696610022
25.35913080180243, -15.8663457494832, -8.761016849152396
26.89774315417673, -13.079571327771816, -8.777966001694768
28.127346023350704, -10.144347173071866, -8.794915154237142
29.033732805191512, -7.094678784097868, -8.811864306779514
29.608815376629472, -3.9664159863845123, -8.828813459321886
29.849992075544364, -0.7956954367394642, -8.84576261186426
29.75851586268055, 2.3819378140620735, -8.862711764406633
29.334189906490174, 5.531419872932094, -8.879660916949005
28.57725826265223, 8.616943615410598, -8.896610069491377
27.493961598022217, 11.602639752672472, -8.91355922203375
26.096123346577755, 14.453759460495899, -8.930508374576124
24.401361229614402, 17.138090842035112, -8.947457527118496
22.431407480038764, 19.626521567230437, -8.96440667966087
20.21184188342244, 21.89396038842135, -8.981355832203242
17.767820967642663, 23.91606331936845, -8.998304984745616
15.123982988210287, 25.667337196189624, -9.015254137287988
12.30861029900416, 27.125274567121515, -9.032203289830361
9.353601857410883, 28.272065729261104, -9.049152442372735
6.293364199711599, 29.09518096538474, -9.066101594915107
3.1635094322529094, 29.587040636300724, -9.083050747457479
-8.881784197001252e-16, 29.74611260810948, -9.099999899999853
4.263256414560601e-14, 29.74611260810948, -9.099999899999853
-3.1613973567885956, 29.567483339701717, -9.116949052542225
-6.28491606493975, 29.05637469060871, -9.133898205084598
-9.33471525353324, 28.215118476951417, -9.150847357626972
-12.275541212899144, 27.05233491753356, -9.167796510169344
-15.073538418604496, 25.58149229191891, -9.184745662711718
-17.69734870353517, 23.820945216855048, -9.20169481525409
-20.11890367815791, 21.793187692483023, -9.218643967796462
-22.31324876318355, 19.5232908593877, -9.235593120338836
-24.255565806135237, 17.035995978404546, -9.25254227288121
-25.92157329315254, 14.357328917008308, -9.269491425423581
-27.291144106875503, 11.517072293705032, -9.286440577965955
-28.348100259584676, 8.547607205672751, -9.303389730508327
-29.081437429194416, 5.483387573199446, -9.3203388830507
-29.484731761670364, 2.359767425810896, -9.337288035593073
-29.556417292839903, -0.7877836472895697, -9.354237188135446
-29.296441395805193, -3.924158984187805, -9.37118634067782
-28.705601854173594, -7.014033229148143, -9.388135493220192
-27.788959369085383, -10.022108687345726, -9.405084645762564
-26.55627953789723, -12.913786815881682, -9.422033798304938
-25.02228200284351, -15.656235780407638, -9.438982950847311
-23.20557638657507, -18.218786699350808, -9.455932103389683
-21.128600795702354, -20.573871568363188, -9.472881255932055
-18.81573633225321, -22.696075184152843, -9.489830408474429
-16.29225646054996, -24.56092169540198, -9.506779561016803
-13.585643392877753, -26.146031681993385, -9.523728713559176
-10.726275540408086, -27.432654641536082, -9.540677866101548
-7.746899594462708, -28.406316266272178, -9.55762701864392
-4.681756391490392, -29.056690970892596, -9.574576171186294
-1.565913927248113, -29.37800197082425, -9.591525323728668
1.5653859004164263, -29.368219713436005, -9.608474476271038
4.677004130563889, -29.027467815151752, -9.625423628813412
7.733747932084778, -28.35832135878541, -9.642372781355785
10.700781051302032, -27.367493575534063, -9.659321933898159
13.544317458372511, -26.06632186349235, -9.676271086440531
16.232170665100607, -24.47004992342734, -9.693220238982903
18.734371180008253, -22.597719142619233, -9.710169391525277
21.02341133967831, -20.471484889143692, -9.72711854406765
23.073912286030613, -18.115686770243833, -9.744067696610022
24.862274430721563, -15.556430927349528, -9.761016849152396
26.36757425427957, -12.822168446495334, -9.777966001694768
27.57276661950661, -9.944011330913229, -9.794915154237142
28.46432342414584, -6.954733399913436, -9.811864306779514
29.032868259812467, -3.888503644484431, -9.828813459321887
29.27262512914266, -0.78013573315534, -9.84576261186426
29.181608465473296, 2.335221494148515, -9.862711764406633
28.76062601747731, 5.4224215982102155, -9.879660916949007
28.01390653529507, 8.446489669634294, -9.896610069491379
26.950041071532866, 11.373162989815128, -9.913559222033753
25.581194877911337, 14.169286782368935, -9.930508374576124
23.92346550152406, 16.803439306338827, -9.947457527118498
21.995691889643442, 19.24585306992611, -9.964406679660868
19.82017141197704, 21.4692734421007, -9.981355832203244
17.421323177558033, 23.448387533959657, -9.998304984745616
14.826354781077336, 25.16084194437626, -10.015254137287988
12.064725549143706, 26.58734307165783, -10.03220328983036
9.167881526868518, 27.712080616116747, -10.049152442372733
6.1687498893169925, 28.52277161833042, -10.066101594915107
3.1012022985309082, 29.010085081610757, -10.08305074745748
-4.440892098500626e-16, 29.16876233891985, -10.099999899999853
3.907985046680551e-14, 29.16876233891985, -10.099999899999853
-3.099090155502457, 28.990526673411694, -10.116949052542227
-6.16030111071562, 28.48396287142563, -10.133898205084598
-9.148994438327295, 27.65513248066057, -10.150847357626972
-12.031656387867548, 26.514402930164103, -10.167796510169342
-14.775908019504568, 25.074992729813907, -10.184745662711716
-17.350846072327013, 23.35326319796526, -10.20169481525409
-19.72723169501743, 21.36849943791389, -10.218643967796464
-21.877529035661734, 19.142618288620596, -10.235593120338836
-23.77766030164093, 16.701337841354725, -10.25254227288121
-25.40663872039189, 14.07285353514306, -10.269491425423583
-26.74722250910001, 11.287595051935774, -10.286440577965955
-27.78474153772222, 8.377150518105175, -10.303389730508329
-28.50785701931537, 5.3743861878656, -10.3203388830507
-28.907814672377423, 2.313050826158762, -10.337288035593073
-28.979043456942147, -0.7722242657007468, -10.354237188135446
-28.72047570132653, -3.846244191803102, -10.37118634067782
-28.136176635351877, -6.874083291061274, -10.388135493220192
-27.23437587328901, -9.821771092957448, -10.405084645762564
-26.026104280948914, -12.656381665406855, -10.422033798304938
-24.525406665934984, -15.346309702582477, -10.438982950847311
-22.748615895366413, -17.86096230255309, -10.455932103389683
-20.7148522245583, -20.171147686557234, -10.472881255932055
-18.446457025384984, -22.249682148501755, -10.489830408474429
-15.969970357809228, -24.073506415569902, -10.506779561016803
-13.314726262053046, -25.623483601674344, -10.523728713559175
-10.5113922313249, -26.8834374679181, -10.540677866101548
-7.591706515161677, -27.839965527486818, -10.55762701864392
-4.5882924403592344, -28.48195176378357, -10.574576171186294
-1.5347598264974565, -28.800840455392397, -10.591525323728666
1.5342317816327342, -28.79105791436357, -10.60847447627104
4.583539877756312, -28.452726781314905, -10.625423628813412
7.578554210672935, -27.791968621810703, -10.642372781355785
10.485897421344209, -26.818275739560193, -10.659321933898157
13.273399369564512, -25.543771660736674, -10.676271086440531
15.909881012039769, -23.982629090793697, -10.693220238982903
18.365088077479168, -22.151321620972183, -10.710169391525277
20.609660455452847, -20.068758995976683, -10.72711854406765
22.61694480912582, -17.75785670397918, -10.744067696610022
24.365389856895845, -15.246499389571294, -10.761016849152396
25.837395406875572, -12.56476202937607, -10.777966001694768
27.01818044063409, -9.743672592822996, -10.794915154237142
27.894886247673337, -6.814780019198227, -10.811864306779514
28.45688641136222, -3.810586712134519, -10.828813459321887
28.69524438412178, -0.7645766810685645, -10.84576261186426
28.60468027482317, 2.288504558871093, -10.862711764406633
28.187024036464646, 5.313416115977976, -10.879660916949005
27.4505373661829, 8.276028862734277, -10.896610069491379
26.406117645039753, 11.143684920969127, -10.91355922203375
25.06624810370056, 13.884805995751684, -10.930508374576123
23.44553697542281, 16.46876565159302, -10.947457527118496
21.55996058607968, 18.865169131717458, -10.964406679660868
19.428494365610756, 21.044580804007104, -10.981355832203242
17.074800956070973, 22.980680249321146, -10.998304984745616
14.528713367843178, 24.654320714877255, -11.01525413728799
11.820840244496067, 26.04940795945595, -11.032203289830361
8.982156271319756, 27.1520866139984, -11.049152442372735
6.044125872578832, 27.95032538043685, -11.066101594915107
3.038893060379635, 28.433095650385603, -11.083050747457479
-4.440892098500626e-16, 28.591412069730215, -11.099999899999853
3.907985046680551e-14, 28.591412069730215, -11.099999899999853
-3.036780842313102, 28.41353606625493, -11.116949052542225
-6.0356764079812955, 27.91151404520658, -11.133898205084598
-8.963268666771752, 27.095137553119837, -11.150847357626972
-11.787771005450143, 25.976467314841823, -11.167796510169344
-14.478264331827923, 24.568467009608057, -11.184745662711718
-17.00431869555496, 22.885549259965295, -11.20169481525409
-19.335553012279295, 20.943805395655232, -11.218643967796464
-21.44179325669844, 18.761929980414443, -11.235593120338836
-23.299721333144518, 16.36665718133574, -11.25254227288121
-24.891685518651727, 13.788369922685208, -11.269491425423581
-26.203297961604214, 11.058116490866206, -11.286440577965955
-27.221365005061678, 8.206686810299152, -11.303389730508329
-27.93423752496627, 5.265377366203582, -11.3203388830507
-28.330876106914502, 2.2663335826201547, -11.337288035593073
-28.401655274521026, -0.756665552167477, -11.354237188135446
-28.14447405759758, -3.7683246022665466, -11.37118634067782
-27.566722727571523, -6.7341250674737285, -11.388135493220192
-26.67978538995621, -9.621430506450814, -11.405084645762564
-25.49591872361026, -12.398972878012342, -11.422033798304938
-24.028501990120212, -15.036366318183493, -11.438982950847311
-22.291630533082344, -17.5031177632287, -11.455932103389683
-20.30109427562399, -19.76841567388271, -11.472881255932055
-18.077160028825407, -21.803268181703015, -11.489830408474429
-15.64766476047913, -23.586060612928893, -11.506779561016803
-13.043802726154002, -25.100921321486844, -11.523728713559175
-10.29650614770977, -26.334214610737092, -11.540677866101548
-7.436505655398143, -27.273590766059147, -11.55762701864392
-4.494822383695582, -27.907175701479346, -11.574576171186294
-1.503604608970506, -28.223661395302514, -11.591525323728668
1.5030765428410793, -28.213878551628056, -11.608474476271038
4.490069495966704, -27.877948787118182, -11.625423628813412
7.423352666168108, -27.225591763547186, -11.642372781355785
10.271010996849963, -26.269052192300244, -11.659321933898159
13.002474831562836, -25.021207156863795, -11.676271086440531
15.587571664400752, -23.495177410318966, -11.693220238982903
17.995787031804653, -21.704902860489238, -11.710169391525277
20.195900013194077, -19.666024840927097, -11.72711854406765
22.159951971042254, -17.40000614177003, -11.744067696610022
23.868475359196616, -14.936550250715493, -11.761016849152396
25.307206054140764, -12.307351927636947, -11.777966001694768
26.46358712558439, -9.543330808304201, -11.79491515423714
27.32541967977198, -6.674818137496712, -11.811864306779514
27.880867533762622, -3.732664808579048, -11.828813459321886
28.11784872558539, -0.7490183233208743, -11.84576261186426
28.02772980335783, 2.241786934826602, -11.862711764406631
27.613381628889343, 5.2044028802051425, -11.879660916949005
26.887149830158553, 8.1055607883269, -11.896610069491377
25.862191152681305, 10.91420549005461, -11.91355922203375
24.551281960177466, 13.600316691767414, -11.930508374576124
22.967573542510895, 16.134068611343128, -11.947457527118496
21.124212340197012, 18.484468652655355, -11.96440667966087
19.036810199642385, 20.619882020766088, -11.981355832203242
16.728252774200758, 22.512939356294208, -11.998304984745616
14.231058164432085, 24.14777219771481, -12.015254137287988
11.576954356717536, 25.5114690624864, -12.032203289830361
8.796425813574338, 26.59208330793033, -12.049152442372733
5.919491473909313, 27.377840162335794, -12.066101594915107
2.9765814611872767, 27.856069954611677, -12.08305074745748
-4.440892098500626e-16, 28.014061800540592, -12.099999899999853
3.907985046680551e-14, 28.014061800540592, -12.099999899999853
-2.974469158241288, 27.836509100640114, -12.116949052542227
-5.9110412783515835, 27.339026105067052, -12.133898205084598
-8.777537661298068, 26.53513327353721, -12.150847357626972
-11.543885035168572, 25.438527891350272, -12.167796510169344
-14.180606696882688, 24.061913669868005, -12.184745662711716
-16.657765026271477, 22.41780123172385, -12.20169481525409
-18.94386707344949, 20.51910507466262, -12.218643967796462
-21.006040174788826, 18.381224790061168, -12.235593120338836
-22.82174683007362, 16.03195274824717, -12.252542272881207
-24.37671257043805, 13.503877638287193, -12.269491425423581
-25.659370288822682, 10.828636536442765, -12.286440577965955
-26.65796973709574, 8.03621565879434, -12.303389730508327
-27.360576503210616, 5.156360523913821, -12.3203388830507
-27.753914487463426, 2.2196156010877557, -12.337288035593073
-27.82425157034529, -0.7411075669607634, -12.354237188135446
-27.568434109693673, -3.690399833943158, -12.37118634067782
-26.99723846496893, -6.594158036640312, -12.388135493220192
-26.125187539141344, -9.421086779060781, -12.405084645762564
-24.965722311153534, -12.141560321133973, -12.422033798304936
-23.531566179253765, -14.726404712482609, -12.438982950847311
-21.834618552906804, -17.145251787781103, -12.455932103389683
-19.887326180376792, -19.365674931463847, -12.472881255932055
-17.707844158709428, -21.35683181090767, -12.489830408474429
-15.325338559941706, -23.098582432416702, -12.506779561016803
-12.772872478134747, -24.578344089707947, -12.523728713559175
-10.081617133122954, -25.78498580519001, -12.540677866101548
-7.2812965022829665, -26.707190663093918, -12.55762701864392
-4.401345735559159, -27.332360434980956, -12.574576171186292
-1.4724481432267496, -27.646463547403687, -12.591525323728666
1.4719200391086893, -27.63668036411292, -12.60847447627104
4.396592484610347, -27.30313145396326, -12.625423628813412
7.268142773877645, -26.65918945911507, -12.642372781355785
10.056121611296058, -25.719822671937173, -12.659321933898159
12.73154351101423, -24.498627569363826, -12.676271086440531
15.265241462844436, -23.00769295182726, -12.693220238982903
17.626466795306783, -21.25846130756527, -12.710169391525277
19.782129147609027, -19.263281717706874, -12.72711854406765
21.702931930482453, -17.042133683186805, -12.74406769661002
23.371529108506433, -14.62658254644842, -12.761016849152394
24.777005629010798, -12.049937966982345, -12.777966001694768
25.90898632287035, -9.342985798338717, -12.794915154237142
26.75592206978431, -6.534847198360769, -12.811864306779514
27.304809217684742, -3.6547375112578386, -12.828813459321886
27.540436934528934, -0.7334606981535197, -12.84576261186426
27.45075539832812, 2.1950685471226903, -12.862711764406633
27.03969626657795, 5.095381301398786, -12.879660916949005
26.323742978155718, 7.935085026443316, -12.896610069491379
25.318261450067844, 10.684724653763356, -12.91355922203375
24.036295387692025, 13.315818471102286, -12.930508374576124
22.489572940103727, 15.799346818126285, -12.947457527118496
20.688445751412278, 18.103750366957158, -12.96440667966087
18.645118306046115, 20.19517656298196, -12.981355832203242
16.38167693393438, 22.04516247510335, -12.998304984745616
13.933388425232428, 23.64119478459925, -13.015254137287988
11.333067843166392, 24.9735262067919, -13.032203289830361
8.610689831275513, 26.03207022687762, -13.049152442372733
5.794845950830551, 26.805313742451894, -13.066101594915107
2.914267208247474, 27.279005414198114, -13.083050747457479
-4.440892098500626e-16, 27.43671153135097, -13.099999899999853
3.552713678800501e-14, 27.436711531350966, -13.099999899999853
-2.912154806752625, 27.25944314433274, -13.116949052542225
-5.786394978219876, 26.766496807475555, -13.133898205084598
-8.591801108173025, 25.97511918495646, -13.15084735762697
-11.299998437909936, 24.90058448294278, -13.167796510169344
-13.882934418289121, 23.55533118089294, -13.184745662711716
-16.311183350020823, 21.950016721358082, -13.201694815254092
-18.55217326585476, 20.094397958562457, -13.218643967796462
-20.570268324944685, 18.000501410455836, -13.235593120338837
-22.34373442841782, 15.697223119564402, -13.252542272881207
-23.86171879326026, 13.219376278939276, -13.269491425423581
-25.1154393357344, 10.599155146338994, -13.286440577965955
-26.094554752105623, 7.865736631990298, -13.303389730508329
-26.78687134767052, 5.047335052261202, -13.3203388830507
-27.17692808890414, 2.172896807895282, -13.337288035593073
-27.24683105960431, -0.7255503445027832, -13.354237188135446
-26.99235332581648, -3.612469434135194, -13.37118634067782
-26.427722153820355, -6.454181617134412, -13.38813549322019
-25.570581958797725, -9.22073971581815, -13.405084645762564
-24.435514472610855, -11.884143817238051, -13.422033798304936
-23.034597305003054, -14.416423862865244, -13.438982950847311
-21.377577990539997, -16.78736287871198, -13.455932103389683
-19.473547034733155, -18.962924717493856, -13.472881255932055
-17.338508094472452, -20.910371364911235, -13.489830408474429
-15.002990503304146, -22.61106976599259, -13.506779561016803
-12.501935153259804, -24.055751052234854, -13.523728713559176
-9.866725004538273, -25.235750766727428, -13.540677866101548
-7.126078482398741, -26.140763802533215, -13.55762701864392
-4.307861939368383, -26.75750339032284, -13.574576171186294
-1.4412902554298275, -27.06924552560261, -13.591525323728668
1.4407621306451643, -27.05946197789801, -13.608474476271038
4.303108315171462, -26.72827219735731, -13.625423628813412
7.112923984782848, -26.09276026061666, -13.642372781355785
9.841229111079631, -25.170586874079504, -13.659321933898157
12.460605079507117, -23.976032029671003, -13.67627108644053
14.942889196328764, -22.520173601625622, -13.693220238982903
17.257126112955056, -20.81199532043593, -13.710169391525277
19.368347069584257, -18.860528983158652, -13.727118544067649
21.245882780587998, -16.68423789036499, -13.74406769661002
22.87454916133455, -14.316595270618212, -13.761016849152394
24.2467935682764, -11.792520002081357, -13.777966001694768
25.354377616466202, -9.142637367550025, -13.79491515423714
26.18639163149978, -6.3948666032072055, -13.811864306779514
26.72870883481123, -3.576804358327172, -13.828813459321887
26.96300764868258, -0.7179038481898146, -13.84576261186426
26.87375526731124, 2.148349313095042, -13.862711764406633
26.465965238538423, 4.986350736213584, -13.879660916949007
25.760315798388717, 7.764601125141753, -13.896610069491379
24.774328325186676, 10.45524235207181, -13.913559222033753
23.521287234240276, 13.03131092131025, -13.930508374576124
22.011532765418814, 15.46459885575826, -13.947457527118498
20.252659335882576, 17.723012957685455, -13.96440667966087
18.253418178262383, 19.770464018068385, -13.981355832203242
16.03507168507382, 21.57734709491643, -13.998304984745616
13.635703429313464, 23.134586815074787, -14.01525413728799
11.089180685389218, 24.435579195798923, -14.032203289830361
8.42494800758255, 25.472046876424294, -14.049152442372735
5.670188511455177, 26.232743705931853, -14.066101594915107
2.851949964487006, 26.701899064364895, -14.08305074745748
-4.440892098500626e-16, 26.859361262161343, -14.099999899999853
3.552713678800501e-14, 26.859361262161343, -14.099999899999853
-2.849837455460068, 26.68233533190683, -14.116949052542227
-5.6617366946764385, 26.193923701305494, -14.133898205084598
-8.406058671754574, 25.41509476279287, -14.150847357626972
-11.056111186788552, 24.36263688409056, -14.167796510169344
-13.585246748664078, 23.048717834471226, -14.184745662711718
-15.96457188216873, 21.482193164700846, -14.201694815254092
-18.160471085405728, 19.669683642336715, -14.218643967796464
-20.134476291245782, 17.619758597895856, -14.235593120338837
-21.86568165430558, 15.362466866966951, -14.25254227288121
-23.346703029472575, 12.934865458970457, -14.269491425423581
-24.57150489063294, 10.369672286977206, -14.286440577965957
-25.531118979478013, 7.695249276812455, -14.303389730508329
-26.213119248003515, 4.938300297494567, -14.320338883050702
-26.599915055463107, 2.126177135373047, -14.337288035593073
-26.66939229880653, -0.709993910348326, -14.354237188135446
-26.41622889907148, -3.5345328929620137, -14.37118634067782
-25.85817186808672, -6.314195160159708, -14.38813549322019
-25.01596820725835, -9.020389111231783, -14.405084645762564
-23.90529459327348, -11.626723206030036, -14.422033798304936
-22.537593288310674, -14.106422707342665, -14.43898295084731
-20.920506746828515, -16.429449473430516, -14.455932103389683
-19.05975591316724, -18.560164302907445, -14.472881255932055
-16.96915045384427, -20.463885076525198, -14.489830408474429
-14.680619292505673, -22.1235203870814, -14.506779561016803
-12.230990391186884, -23.533141303873528, -14.523728713559175
-9.651829579833477, -24.68650918303487, -14.540677866101548
-6.970850989844774, -25.574308656499234, -14.55762701864392
-4.2143703964890635, -26.182601749487567, -14.574576171186292
-1.410130768299537, -26.492005801453814, -14.591525323728666
1.4096026333361062, -26.482221874095337, -14.60847447627104
4.209616380049223, -26.153368212820624, -14.625423628813412
6.957695676347859, -25.526302637113897, -14.642372781355785
9.62633329769685, -24.621344479225293, -14.659321933898157
12.189659164705303, -23.453419636376537, -14.676271086440531
14.620513540018159, -22.0326171150299, -14.693220238982905
16.88776357117004, -20.365503119670166, -14.710169391525277
18.95455279808131, -18.457765892732525, -14.72711854406765
20.78880230703605, -16.32631713574359, -14.74406769661002
22.377533369048855, -14.006587345594527, -14.761016849152394
23.71656923811249, -11.535097884011757, -14.777966001694768
24.799760573587193, -8.9422853335082, -14.794915154237142
25.616826356889437, -6.254875695433483, -14.811864306779512
26.15256347771752, -3.4988648399858704, -14.828813459321886
26.38555936290386, -0.7023478287777414, -14.84576261186426
26.296727426266578, 2.1016291290981677, -14.862711764406633
25.892185582455138, 4.877310462095297, -14.879660916949007
25.196867187103773, 7.594108585005264, -14.896610069491377
24.23039162374362, 10.22575853853368, -14.91355922203375
23.006256234595885, 12.74679357134805, -14.930508374576123
21.533450328610286, 15.129823132014957, -14.947457527118496
19.81685139881908, 17.342254922784424, -14.96440667966087
17.861709103263642, 19.34574377914829, -14.981355832203242
15.688435061576167, 21.109490415992877, -14.998304984745616
13.338002383343987, 22.627946507867286, -15.015254137287988
10.845292841726808, 23.89762782829376, -15.032203289830361
8.239199978144496, 24.912012732557216, -15.049152442372733
5.545518270103077, 25.66012745584324, -15.066101594915107
2.789629347799759, 26.124747763299094, -15.083050747457479
-4.440892098500626e-16, 26.282010992971724, -15.099999899999853
3.552713678800501e-14, 26.282010992971724, -15.099999899999853
-2.7875167168305928, 26.1051824477268, -15.116949052542225
-5.537065554460659, 25.621304241536382, -15.133898205084598
-8.22030998048924, 24.855059469614616, -15.15084735762697
-10.812223242340732, 23.82468489913677, -15.167796510169344
-13.287542891735644, 22.54207184139261, -15.184745662711716
-15.617928621058793, 21.0143277133389, -15.201694815254092
-17.768759767606426, 19.244961470900048, -15.218643967796462
-19.69866221772414, 17.238994701327137, -15.235593120338837
-21.387585759788255, 15.027682344364337, -15.252542272881207
-22.831663997851727, 12.650344687011666, -15.269491425423581
-24.02756680833117, 10.140187898955292, -15.286440577965955
-24.967661314837095, 7.52475307165923, -15.303389730508327
-25.639317150809934, 4.829255496715579, -15.3203388830507
-26.022873295754557, 2.079456461363242, -15.337288035593073
-26.09193371231559, -0.6944383354968193, -15.354237188135446
-25.84005783909126, -3.4565896877845237, -15.37118634067782
-25.288585592782418, -6.174197997084335, -15.38813549322019
-24.461345869785685, -8.82003477930696, -15.405084645762564
-23.37506201113951, -11.369298325406128, -15.422033798304936
-22.040551890386627, -13.796400125198483, -15.438982950847311
-20.463402538311172, -16.07150988491044, -15.455932103389683
-18.645951815702247, -18.157392907063105, -15.472881255932055
-16.599769765408364, -20.01737103732056, -15.489830408474427
-14.358223542398626, -21.63593187452057, -15.506779561016803
-11.960037817326137, -23.01051386618269, -15.523728713559173
-9.43693067420886, -24.137260720658244, -15.540677866101547
-6.8156133719887215, -25.007823575301458, -15.55762701864392
-4.1208704558306275, -25.60765246476774, -15.574576171186292
-1.3789694945172701, -25.914742717272198, -15.591525323728666
1.378441323481851, -25.904958380431296, -15.608474476271038
4.116115989479825, -25.578416424516313, -15.625423628813412
6.802457162525872, -24.959814940922755, -15.642372781355784
9.411433960916193, -24.072095182111788, -15.659321933898156
11.918705366081578, -22.9307894318624, -15.67627108644053
14.29811304974987, -21.545021041465038, -15.693220238982903
16.518377571531744, -19.918982685030862, -15.710169391525275
18.5407452077747, -18.054991563318282, -15.72711854406765
20.33168814251986, -15.968369678539489, -15.74406769661002
21.880479431122538, -13.696557624708023, -15.761016849152394
23.186331986547387, -11.27767146845497, -15.777966001694768
24.245134748035767, -8.741929502070267, -15.79491515423714
25.047224159520237, -6.114873786035934, -15.811864306779512
25.576369986011503, -3.420918401929875, -15.828813459321886
25.808090398718644, -0.6867927106790097, -15.84576261186426
25.719669676087456, 2.0549078682052357, -15.862711764406631
25.318354088502844, 4.768259674321035, -15.879660916949003
24.63339597542287, 7.423606858987635, -15.896610069491377
23.686451146159516, 9.996273142871257, -15.913559222033749
22.491201038150102, 12.462265921089582, -15.930508374576121
21.055322752537094, 14.795017954042962, -15.947457527118495
19.381020132405578, 16.961474644081814, -15.964406679660868
17.469990254552314, 18.921015110078315, -15.981355832203242
15.341764944457964, 20.641589366653452, -15.998304984745614
13.040284413274128, 22.121271870613512, -16.015254137287986
10.601404242851107, 23.359671823245534, -16.03220328983036
8.053445346644592, 24.35196722599278, -16.049152442372733
5.420834257210122, 25.087462188873772, -16.066101594915107
2.727304919180959, 25.547548029243046, -16.083050747457477
-8.881784197001252e-16, 25.7046607237821, -16.09999989999985
3.197442310920451e-14, 25.7046607237821, -16.09999989999985
-2.6349880920626303, 25.527043939633604, -16.116949052542225
-5.053993512646939, 25.046825727455015, -16.1338982050846
-7.2362683232600515, 24.292410620432676, -16.150847357626972
-9.167675978865866, 23.283410560638814, -16.167796510169342
-10.836688945374043, 22.0314345216347, -16.184745662711716
-12.231939351746222, 20.541919351974325, -16.20169481525409
-13.340109846800713, 18.81535238574461, -16.21864396779646
-14.146869347369137, 16.85321623783859, -16.235593120338834
-14.660767067947106, 14.688033471251297, -16.252542272881207
-14.904670273699303, 12.3613547165913, -16.26949142542358
-14.901258449393392, 9.906805675846817, -16.286440577965955
-14.670178648067415, 7.3510968257030935, -16.303389730508325
-14.22871940140002, 4.717995053060266, -16.3203388830507
-13.5918992160236, 2.0317027038559563, -16.33728803559307
-12.774208649435018, -0.6785122031563018, -16.354237188135443
-11.804064246907213, -3.376686756314565, -16.371186340677816
-10.723044663487766, -6.03051320619041, -16.38813549322019
-9.570183799841354, -8.614125703514395, -16.405084645762564
-8.378324542369715, -11.10426853151482, -16.422033798304938
-7.176128551553818, -13.476519915913713, -16.43898295084731
-5.989597210998218, -15.701331561702322, -16.455932103389685
-4.843766896808109, -17.74005122427993, -16.472881255932055
-3.7657840557158746, -19.554177334015332, -16.489830408474425
-2.7848052664186795, -21.129805485486273, -16.5067795610168
-1.925983598977231, -22.46760793731577, -16.523728713559173
-1.208692528464165, -23.56594632825146, -16.540677866101547
-0.6479711894706837, -24.417378658356434, -16.55762701864392
-0.2554990886019366, -25.00686072533694, -16.57457617118629
-0.03984733988611555, -25.310059040949344, -16.591525323728664
-0.005782897277852084, -25.299329598521204, -16.608474476271038
-0.1533839661170162, -24.97485864175787, -16.625423628813408
-0.4785922159961422, -24.364936122890192, -16.642372781355782
-0.9742411233100645, -23.494841010302018, -16.659321933898156
-1.630063766484641, -22.380587019058545, -16.67627108644053
-2.43201696764869, -21.030409181853912, -16.693220238982903
-3.360811381388878, -19.446371360941555, -16.710169391525273
-4.389875337704886, -17.627720526747048, -16.727118544067647
-5.488952466003325, -15.588298055450707, -16.74406769661002
-6.632932267077847, -13.367326600665365, -16.761016849152394
-7.799690490110094, -11.00423949780863, -16.777966001694768
-8.964931280061071, -8.528926124176444, -16.794915154237138
-10.100563757463764, -5.965777743041242, -16.811864306779512
-11.173013869662487, -3.3377171352163613, -16.828813459321886
-12.140786080414172, -0.6701488439680221, -16.84576261186426
-12.959246020684155, 2.004868437117283, -16.862711764406633
-13.600928611943019, 4.6513960731389545, -16.879660916949003
-14.054939879569938, 7.240755436400705, -16.896610069491377
-14.307819522829707, 9.749784404763327, -16.91355922203375
-14.34233678614754, 12.155879757090904, -16.93050837457612
-14.13772375995084, 14.433324029136429, -16.947457527118495
-13.66904901332817, 16.548847399586485, -16.96440667966087
-12.910351838604642, 18.46003838301677, -16.981355832203242
-11.852197448545942, 20.133909273373643, -16.998304984745612
-10.511288220587282, 21.571828389945118, -17.015254137287986
-8.901540463336133, 22.776092489980734, -17.03220328983036
-7.033661215945703, 23.743336105034206, -17.049152442372733
-4.917895625930796, 24.463165538367026, -17.066101594915107
-2.566859207066516, 24.915946032540557, -17.083050747457477
3.197442310920451e-14, 25.0711265718468, -17.09999989999985
-4.440892098500626e-16, 25.071126571846797, -17.09999989999985
2.5696385806536686, 24.89002993028955, -17.116949052542225
4.928971108424632, 24.412066881142806, -17.1338982050846
7.0583640255551785, 23.668729035672513, -17.15084735762697
8.944841685984965, 22.680639753163817, -17.167796510169342
10.57764788091688, 21.4591096168514, -17.184745662711716
11.945475503357605, 20.008249133835363, -17.20169481525409
13.033856545155649, 18.326216219674354, -17.21864396779646
13.825785660660138, 16.411769878311688, -17.235593120338834
14.329997043553043, 14.298407217753116, -17.252542272881207
14.571260992415555, 12.029189544045135, -17.26949142542358
14.573250388003387, 9.637779996136421, -17.286440577965955
14.35553574402064, 7.15001711404195, -17.303389730508325
13.934323787645473, 4.588378343913718, -17.3203388830507
13.322413950109286, 1.9756984336610683, -17.337288035593073
12.53071711574895, -0.6597222823255402, -17.354237188135443
11.586242789706615, -3.282194536188533, -17.37118634067782
10.532053765691225, -5.860148799956319, -17.38813549322019
9.408108565776395, -8.369010406306415, -17.40508464576256
8.246901499679673, -10.786882254241178, -17.422033798304934
7.07589348560757, -13.09044389055878, -17.438982950847308
5.919256331995998, -15.250740192008266, -17.455932103389685
4.799662861787119, -17.22874553130879, -17.472881255932055
3.7427091150165612, -18.985406191634418, -17.489830408474425
2.778019194331348, -20.508271270630203, -17.5067795610168
1.9314076584940771, -21.80022610604036, -17.523728713559173
1.2220890288448194, -22.86109919390664, -17.540677866101547
0.6645442374618749, -23.684138519796214, -17.55762701864392
0.2698288786805907, -24.254276248067484, -17.57457617118629
0.046083809077124616, -24.54627001866472, -17.591525323728664
-0.0018432524665848993, -24.53103188896349, -17.608474476271038
0.12657793884607305, -24.20907307648917, -17.62542362881341
0.4275836198687899, -23.610507425252592, -17.642372781355782
0.8941163710539968, -22.761581695887454, -17.659321933898156
1.516155936619711, -21.67831707359293, -17.67627108644053
2.2802186951303485, -20.368354367917085, -17.693220238982903
3.168031076278999, -18.83266663999095, -17.710169391525273
4.154578773464553, -17.06904782996, -17.727118544067647
5.210952128885514, -15.09051257252538, -17.74406769661002
6.312354255187382, -12.936598617548658, -17.761016849152394
7.436827726225683, -10.646674314149294, -17.777966001694768
8.56072443089932, -8.249873225452022, -17.794915154237138
9.657010483920551, -5.769547581986091, -17.811864306779512
10.693511480495566, -3.227469771758439, -17.828813459321886
11.630410946739751, -0.647927619758419, -17.84576261186426
12.424573745406864, 1.937941981724956, -17.86271176440663
13.049013446188948, 4.49500924516848, -17.879660916949003
13.492844876083705, 6.9957050678620885, -17.896610069491377
13.74301461874746, 9.418059195238513, -17.91355922203375
13.782941655285821, 11.740572664821096, -17.93050837457612
13.592582035920126, 13.938495664988451, -17.947457527118495
13.147673239163872, 15.97934704877472, -17.96440667966087
12.42264633370964, 17.821244859227072, -17.981355832203242
11.407983190335347, 19.431921463459595, -17.998304984745616
10.120004654287598, 20.814071659076475, -18.015254137287986
8.572284025955685, 21.970935672700175, -18.03220328983036
6.775149057455498, 22.89974557271762, -18.049152442372733
4.738342346533413, 23.590513419292698, -18.066101594915104
2.4737844575582266, 24.023909512179923, -18.083050747457477
-4.440892098500626e-16, 24.16953780894937, -18.09999989999985
