2.604049983950549e-17, -0.15761892434230437, 0.987500012500848
2.604049983950549e-17, -0.15761892434230437, 0.987500012500848
2.604049983950549e-17, -0.15761892434230437, 0.987500012500848
2.604049983950549e-17, -0.15761892434230437, 0.987500012500848
2.604049983950549e-17, -0.15761892434230437, 0.987500012500848
2.604049983950549e-17, -0.15761892434230437, 0.987500012500848
2.604049983950549e-17, -0.15761892434230437, 0.987500012500848
-1.0528320873957161e-06, -0.15761892434221922, 0.9875000125003003
0.025935460429707714, -0.1554663804559891, 0.9875006614884937
0.06416401302311328, -0.1439663965726383, 0.9875002056155024
0.11145341023251251, -0.11145341023019532, 0.9875000125041027
0.14396639653167043, -0.06416401300991321, 0.9875002056223328
0.1554663804567959, -0.02593546043288864, 0.9875006614882832
0.15761892434221797, 1.052840522726069e-06, 0.9875000125003006
0.15761892434230446, 0.0, 0.987500012500848
0.15761892434230446, 0.0, 0.987500012500848
0.15761892434230446, 0.0, 0.987500012500848
0.15761892434230446, 0.0, 0.987500012500848
0.15761892434230446, 0.0, 0.987500012500848
0.15761892434230446, 0.0, 0.987500012500848
0.15761892434230446, 0.0, 0.987500012500848
0.15761892434223, -1.0528392434413375e-06, 0.9875000125002986
0.1554663804531748, 0.025935460431509544, 0.9875006614888895
0.14396639657263202, 0.06416401302286481, 0.9875002056155197
0.11145341023021707, 0.11145341023249446, 0.9875000125041022
0.06416401301150089, 0.14396639653159632, 0.9875002056222404
0.025935460431061288, 0.1554663804569841, 0.9875006614883015
-1.0528368871251218e-06, 0.15761892434221694, 0.9875000125003007
-2.6040499839505496e-17, 0.15761892434230437, 0.987500012500848
-2.6040499839505496e-17, 0.15761892434230437, 0.987500012500848
-2.6040499839505496e-17, 0.15761892434230437, 0.987500012500848
-2.6040499839505496e-17, 0.15761892434230437, 0.987500012500848
-2.6040499839505496e-17, 0.15761892434230437, 0.987500012500848
-2.6040499839505496e-17, 0.15761892434230437, 0.987500012500848
-2.6040499839505496e-17, 0.15761892434230437, 0.987500012500848
1.052836619887918e-06, 0.15761892434221755, 0.9875000125003006
-0.025935460430748958, 0.15546638045407976, 0.9875006614887669
-0.06416401302353147, 0.14396639657260057, 0.9875002056154807
-0.11145341023158747, 0.11145341023112047, 0.9875000125041028
-0.14396639653169138, 0.06416401301048226, 0.9875002056222927
-0.15546638045724384, 0.025935460431061073, 0.9875006614882607
-0.15761892434221822, -1.0528357188307308e-06, 0.9875000125003006
-0.15761892434230457, 0.0, 0.987500012500848
-0.15761892434230457, 0.0, 0.987500012500848
-0.15761892434230457, 0.0, 0.987500012500848
-0.15761892434230457, 0.0, 0.987500012500848
-0.15761892434230457, 0.0, 0.987500012500848
-0.15761892434230457, 0.0, 0.987500012500848
-0.15761892434230457, 0.0, 0.987500012500848
-0.15761892434221603, 1.0528391133525931e-06, 0.9875000125003008
-0.15546638045346842, -0.025935460432158785, 0.9875006614888262
-0.14396639657260804, -0.06416401302207342, 0.9875002056155745
-0.11145341023172745, -0.1114534102309802, 0.9875000125041027
-0.06416401300939148, -0.14396639653188398, 0.9875002056223355
-0.02593546043266221, -0.15546638045647604, 0.9875006614883395
1.0528398581330897e-06, -0.15761892434221078, 0.9875000125003016
-0.055432759253299574, -0.37590183036930924, 0.9250000125008481
-0.10747069575112651, -0.32987355792264555, 0.9378877786485033
-0.1634454850658858, -0.2779551707819385, 0.9465867611831262
-0.2214273864617023, -0.2214273864617067, 0.9497051253149463
-0.2779551707819364, -0.16344548506589004, 0.946586761183126
-0.32987355792264333, -0.10747069575113301, 0.9378877786485034
-0.37590183036930797, -0.05543275925330693, 0.9250000125008481
-0.05542248385412046, -0.37592857122122186, 0.9249897608206322
-0.04434907333718737, -0.3773897369367005, 0.9249919708564938
-0.03413173691484534, -0.37844442906519965, 0.924994507359201
-0.024668563470310857, -0.37917313026881044, 0.9249968644587196
-0.01587284436879001, -0.379638613164419, 0.9249986898402833
-0.007670675986673352, -0.37989022611608664, 0.924999771260175
1.1459848530981488e-06, -0.3799670734066811, 0.9250000125002422
6.277502879402036e-17, -0.3799670734069354, 0.9250000125008477
6.277502879402036e-17, -0.3799670734069354, 0.9250000125008477
6.277502879402036e-17, -0.3799670734069354, 0.9250000125008477
6.277502879402036e-17, -0.3799670734069354, 0.9250000125008477
6.277502879402036e-17, -0.3799670734069354, 0.9250000125008477
6.277502879402036e-17, -0.3799670734069354, 0.9250000125008477
6.277502879402036e-17, -0.3799670734069354, 0.9250000125008477
-1.1459828149260836e-06, -0.3799670734066831, 0.9250000125002416
0.007670675987751761, -0.37989022611724155, 0.9249997712596918
0.015872844369254457, -0.3796386131660674, 0.9249986898395989
0.024668563470530647, -0.37917313027063276, 0.9249968644579668
0.034131736915254604, -0.3784444290674013, 0.924994507358285
0.04434907333823116, -0.37738973693896943, 0.9249919708555181
0.05542248385615893, -0.37592857122273504, 0.9249897608198951
0.05543275925329874, -0.37590183036930924, 0.925000012500848
0.10747069575112597, -0.3298735579226446, 0.9378877786485038
0.16344548506588408, -0.27795517078193765, 0.9465867611831267
0.22142738646170135, -0.2214273864617041, 0.9497051253149473
0.277955170781935, -0.16344548506588685, 0.9465867611831271
0.3298735579226438, -0.10747069575112676, 0.9378877786485039
0.375901830369309, -0.055432759253298935, 0.9250000125008482
0.3759285712193315, -0.05542248385505766, 0.9249897608213443
0.37738973693485717, -0.044349073338144966, 0.9249919708572
0.37844442906355114, -0.03413173691564907, 0.9249945073598457
0.37917313026747124, -0.024668563470793436, 0.9249968644592558
0.379638613163476, -0.01587284436878767, 0.9249986898406704
0.3798902261155991, -0.007670675986041991, 0.9249997712603805
0.37996707340669084, 1.1459862290613087e-06, 0.9250000125002382
0.3799670734069355, 0.0, 0.9250000125008477
0.3799670734069355, 0.0, 0.9250000125008477
0.3799670734069355, 0.0, 0.9250000125008477
0.3799670734069355, 0.0, 0.9250000125008477
0.3799670734069355, 0.0, 0.9250000125008477
0.3799670734069355, 0.0, 0.9250000125008477
0.3799670734069355, 0.0, 0.9250000125008477
0.37996707340668695, -1.1459840900996496e-06, 0.92500001250024
0.37989022611655676, 0.007670675987200518, 0.9249997712599777
0.3796386131648331, 0.015872844369177987, 0.9249986898401068
0.37917313026899785, 0.024668563470654957, 0.9249968644586336
0.378444429065532, 0.0341317369152581, 0.9249945073590496
0.37738973693704997, 0.04434907333777743, 0.924991970856323
0.3759285712209811, 0.05542248385486735, 0.9249897608206853
0.3759018303693091, 0.05543275925329973, 0.925000012500848
0.32987355792264433, 0.107470695751128, 0.9378877786485036
0.27795517078193777, 0.16344548506588666, 0.9465867611831262
0.22142738646170537, 0.22142738646170373, 0.9497051253149464
0.16344548506589054, 0.27795517078193593, 0.9465867611831261
0.10747069575113288, 0.3298735579226435, 0.9378877786485034
0.05543275925330547, 0.37590183036930913, 0.9250000125008475
0.05542248385332909, 0.3759285712217689, 0.9249897608204574
0.04434907333672443, 0.37738973693756195, 0.9249919708561645
0.03413173691468712, 0.37844442906623305, 0.924994507358784
0.024668563470476405, 0.3791731302698443, 0.9249968644582914
0.015872844369306947, 0.37963861316527914, 0.9249986898399216
0.007670675987587458, 0.37989022611659684, 0.9249997712599578
-1.1459834963057293e-06, 0.37996707340668545, 0.9250000125002407
-6.277502879402036e-17, 0.3799670734069354, 0.9250000125008477
-6.277502879402036e-17, 0.3799670734069354, 0.9250000125008477
-6.277502879402036e-17, 0.3799670734069354, 0.9250000125008477
-6.277502879402036e-17, 0.3799670734069354, 0.9250000125008477
-6.277502879402036e-17, 0.3799670734069354, 0.9250000125008477
-6.277502879402036e-17, 0.3799670734069354, 0.9250000125008477
-6.277502879402036e-17, 0.3799670734069354, 0.9250000125008477
1.1459836750108214e-06, 0.3799670734066858, 0.9250000125002404
-0.007670675987457361, 0.3798902261168015, 0.924999771259875
-0.01587284436931104, 0.379638613165292, 0.9249986898399162
-0.02466856347070563, 0.3791731302696392, 0.9249968644583693
-0.03413173691529851, 0.3784444290663177, 0.9249945073587269
-0.04434907333787922, 0.3773897369379374, 0.9249919708559561
-0.05542248385514794, 0.3759285712219064, 0.9249897608202925
-0.05543275925330694, 0.3759018303693089, 0.9250000125008477
-0.10747069575113351, 0.3298735579226447, 0.9378877786485028
-0.16344548506589102, 0.2779551707819383, 0.9465867611831253
-0.22142738646170632, 0.2214273864617065, 0.9497051253149456
-0.2779551707819387, 0.1634454850658906, 0.9465867611831253
-0.32987355792264506, 0.10747069575113306, 0.9378877786485027
-0.3759018303693081, 0.0554327592533078, 0.925000012500848
-0.37592857122320367, 0.055422483856050045, 0.9249897608197113
-0.3773897369391706, 0.04434907333789519, 0.9249919708554522
-0.37844442906776143, 0.03413173691487631, 0.9249945073581517
-0.379173130271114, 0.02466856347022359, 0.9249968644577777
-0.3796386131661758, 0.01587284436910391, 0.9249986898395569
-0.37989022611705575, 0.007670675987890073, 0.9249997712597668
-0.3799670734066861, -1.1459823021567365e-06, 0.9250000125002404
-0.37996707340693525, 0.0, 0.925000012500848
-0.37996707340693525, 0.0, 0.925000012500848
-0.37996707340693525, 0.0, 0.925000012500848
-0.37996707340693525, 0.0, 0.925000012500848
-0.37996707340693525, 0.0, 0.925000012500848
-0.37996707340693525, 0.0, 0.925000012500848
-0.37996707340693525, 0.0, 0.925000012500848
-0.3799670734066846, 1.1459840049358978e-06, 0.9250000125002409
-0.37989022611662754, -0.007670675987446074, 0.9249997712599464
-0.3796386131650516, -0.01587284436943445, 0.9249986898400127
-0.3791731302694425, -0.024668563470769542, 0.9249968644584483
-0.3784444290662792, -0.0341317369150912, 0.9249945073587502
-0.3773897369381709, -0.044349073337200826, 0.9249919708558932
-0.3759285712225193, -0.05542248385380837, 0.9249897608201236
6.982150666838977e-17, -0.42261826174069383, 0.9063077870366526
6.982150666838977e-17, -0.42261826174069383, 0.9063077870366526
6.982150666838977e-17, -0.42261826174069383, 0.9063077870366526
6.982150666838977e-17, -0.42261826174069383, 0.9063077870366526
6.982150666838977e-17, -0.42261826174069383, 0.9063077870366526
6.982150666838977e-17, -0.42261826174069383, 0.9063077870366526
6.982150666838977e-17, -0.42261826174069383, 0.9063077870366526
-1.0824674490095274e-15, -0.4226182617406948, 0.906307787036652
0.06648662478098874, -0.3663017832877058, 0.9281177362196452
0.1412167179161693, -0.2988774507385088, 0.9437849903558732
0.22142738646170199, -0.22142738646170346, 0.9497051253149473
0.2988774507385086, -0.14121671791616952, 0.9437849903558732
0.36630178328770613, -0.0664866247809883, 0.9281177362196451
0.42261826174069406, 2.775557561562891e-16, 0.9063077870366525
0.4226182617406938, 0.0, 0.9063077870366526
0.4226182617406938, 0.0, 0.9063077870366526
0.4226182617406938, 0.0, 0.9063077870366526
0.4226182617406938, 0.0, 0.9063077870366526
0.4226182617406938, 0.0, 0.9063077870366526
0.4226182617406938, 0.0, 0.9063077870366526
0.4226182617406938, 0.0, 0.9063077870366526
0.42261826174069533, -1.9428902930940236e-15, 0.9063077870366518
0.3663017832877064, 0.06648662478098916, 0.9281177362196449
0.29887745073850824, 0.14121671791617224, 0.9437849903558728
0.22142738646170285, 0.22142738646170623, 0.9497051253149464
0.1412167179161701, 0.29887745073851274, 0.9437849903558716
0.06648662478098878, 0.3663017832877114, 0.9281177362196429
1.1102230246251563e-16, 0.42261826174070016, 0.9063077870366496
-6.982150666839085e-17, 0.4226182617407003, 0.9063077870366496
-6.982150666839085e-17, 0.4226182617407003, 0.9063077870366496
-6.982150666839085e-17, 0.4226182617407003, 0.9063077870366496
-6.982150666839085e-17, 0.4226182617407003, 0.9063077870366496
-6.982150666839085e-17, 0.4226182617407003, 0.9063077870366496
-6.982150666839085e-17, 0.4226182617407003, 0.9063077870366496
-6.982150666839085e-17, 0.4226182617407003, 0.9063077870366496
8.88178419700125e-16, 0.4226182617407011, 0.9063077870366493
-0.06648662478098909, 0.3663017832877123, 0.9281177362196426
-0.14121671791617102, 0.2988774507385143, 0.943784990355871
-0.22142738646170504, 0.2214273864617078, 0.9497051253149454
-0.29887745073851285, 0.14121671791617255, 0.9437849903558713
-0.3663017832877115, 0.0664866247809899, 0.9281177362196427
-0.4226182617406998, 6.383782391594647e-16, 0.9063077870366497
-0.4226182617407003, 0.0, 0.9063077870366496
-0.4226182617407003, 0.0, 0.9063077870366496
-0.4226182617407003, 0.0, 0.9063077870366496
-0.4226182617407003, 0.0, 0.9063077870366496
-0.4226182617407003, 0.0, 0.9063077870366496
-0.4226182617407003, 0.0, 0.9063077870366496
-0.4226182617407003, 0.0, 0.9063077870366496
-0.42261826174070116, 1.1102230246251565e-15, 0.9063077870366492
-0.366301783287713, -0.06648662478098699, 0.9281177362196424
-0.298877450738515, -0.1412167179161677, 0.9437849903558713
-0.22142738646170732, -0.22142738646170168, 0.9497051253149464
-0.1412167179161734, -0.2988774507385071, 0.943784990355873
-0.06648662478099031, -0.3663017832877053, 0.9281177362196452
7.494005416219805e-16, -0.4226182617406943, 0.9063077870366523
6.982150666838977e-17, -0.42261826174069383, 0.9063077870366526
6.982150666838977e-17, -0.42261826174069383, 0.9063077870366526
6.982150666838977e-17, -0.42261826174069383, 0.9063077870366526
6.982150666838977e-17, -0.42261826174069383, 0.9063077870366526
6.982150666838977e-17, -0.42261826174069383, 0.9063077870366526
6.982150666838977e-17, -0.42261826174069383, 0.9063077870366526
6.982150666838977e-17, -0.42261826174069383, 0.9063077870366526
-4.163336342344337e-16, -0.42261826174069433, 0.9063077870366525
0.06648662478098874, -0.3663017832877058, 0.9281177362196452
0.1412167179161693, -0.2988774507385088, 0.9437849903558732
0.22142738646170262, -0.22142738646170282, 0.9497051253149473
0.2988774507385086, -0.14121671791616952, 0.9437849903558732
0.3663017832877056, -0.06648662478098893, 0.9281177362196451
0.42261826174069406, 2.775557561562891e-16, 0.9063077870366525
0.4226182617406938, 0.0, 0.9063077870366526
0.4226182617406938, 0.0, 0.9063077870366526
0.4226182617406938, 0.0, 0.9063077870366526
0.4226182617406938, 0.0, 0.9063077870366526
0.4226182617406938, 0.0, 0.9063077870366526
0.4226182617406938, 0.0, 0.9063077870366526
0.4226182617406938, 0.0, 0.9063077870366526
0.4226182617406943, -6.10622663543836e-16, 0.9063077870366524
0.3663017832877064, 0.06648662478098916, 0.9281177362196449
0.29887745073850824, 0.14121671791617224, 0.9437849903558728
0.22142738646170285, 0.22142738646170623, 0.9497051253149464
0.14121671791616952, 0.2988774507385134, 0.9437849903558717
0.06648662478098945, 0.36630178328771085, 0.928117736219643
1.1102230246251563e-16, 0.42261826174070016, 0.9063077870366496
-6.982150666839085e-17, 0.4226182617407003, 0.9063077870366496
-6.982150666839085e-17, 0.4226182617407003, 0.9063077870366496
-6.982150666839085e-17, 0.4226182617407003, 0.9063077870366496
-6.982150666839085e-17, 0.4226182617407003, 0.9063077870366496
-6.982150666839085e-17, 0.4226182617407003, 0.9063077870366496
-6.982150666839085e-17, 0.4226182617407003, 0.9063077870366496
-6.982150666839085e-17, 0.4226182617407003, 0.9063077870366496
1.5265566588595898e-15, 0.42261826174070166, 0.906307787036649
-0.06648662478098909, 0.3663017832877123, 0.9281177362196426
-0.14121671791617102, 0.2988774507385143, 0.943784990355871
-0.22142738646170568, 0.22142738646170715, 0.9497051253149456
-0.29887745073851285, 0.14121671791617255, 0.9437849903558713
-0.36630178328771096, 0.06648662478099059, 0.928117736219643
-0.4226182617406998, 6.383782391594647e-16, 0.9063077870366497
-0.4226182617407003, 0.0, 0.9063077870366496
-0.4226182617407003, 0.0, 0.9063077870366496
-0.4226182617407003, 0.0, 0.9063077870366496
-0.4226182617407003, 0.0, 0.9063077870366496
-0.4226182617407003, 0.0, 0.9063077870366496
-0.4226182617407003, 0.0, 0.9063077870366496
-0.4226182617407003, 0.0, 0.9063077870366496
-0.42261826174070116, 1.1102230246251565e-15, 0.9063077870366492
-0.366301783287713, -0.06648662478098699, 0.9281177362196424
-0.298877450738515, -0.1412167179161677, 0.9437849903558713
-0.22142738646170793, -0.22142738646170107, 0.9497051253149463
-0.1412167179161734, -0.2988774507385071, 0.943784990355873
-0.06648662478099096, -0.36630178328770474, 0.9281177362196454
7.494005416219805e-16, -0.4226182617406943, 0.9063077870366523
6.982150666838977e-17, -0.42261826174069383, 0.9063077870366526
6.982150666838977e-17, -0.42261826174069383, 0.9063077870366526
6.982150666838977e-17, -0.42261826174069383, 0.9063077870366526
6.982150666838977e-17, -0.42261826174069383, 0.9063077870366526
6.982150666838977e-17, -0.42261826174069383, 0.9063077870366526
6.982150666838977e-17, -0.42261826174069383, 0.9063077870366526
6.982150666838977e-17, -0.42261826174069383, 0.9063077870366526
-1.7486012637846212e-15, -0.42261826174069533, 0.9063077870366518
0.06648662478098741, -0.366301783287707, 0.9281177362196448
0.1412167179161693, -0.2988774507385088, 0.9437849903558732
0.22142738646170135, -0.2214273864617041, 0.9497051253149473
0.29887745073850797, -0.1412167179161702, 0.9437849903558733
0.3663017832877056, -0.06648662478098893, 0.9281177362196451
0.42261826174069456, 9.436895709313829e-16, 0.9063077870366522
0.4226182617406938, 0.0, 0.9063077870366526
0.4226182617406938, 0.0, 0.9063077870366526
0.4226182617406938, 0.0, 0.9063077870366526
0.4226182617406938, 0.0, 0.9063077870366526
0.4226182617406938, 0.0, 0.9063077870366526
0.4226182617406938, 0.0, 0.9063077870366526
0.4226182617406938, 0.0, 0.9063077870366526
0.42261826174069483, -1.27675647831893e-15, 0.9063077870366523
0.36630178328770585, 0.06648662478098981, 0.928117736219645
0.29887745073850824, 0.14121671791617224, 0.9437849903558728
0.22142738646170285, 0.22142738646170623, 0.9497051253149464
0.14121671791616952, 0.2988774507385134, 0.9437849903558717
0.06648662478098878, 0.3663017832877114, 0.9281177362196429
1.1102230246251563e-16, 0.42261826174070016, 0.9063077870366496
-6.982150666839085e-17, 0.4226182617407003, 0.9063077870366496
-6.982150666839085e-17, 0.4226182617407003, 0.9063077870366496
-6.982150666839085e-17, 0.4226182617407003, 0.9063077870366496
-6.982150666839085e-17, 0.4226182617407003, 0.9063077870366496
-6.982150666839085e-17, 0.4226182617407003, 0.9063077870366496
-6.982150666839085e-17, 0.4226182617407003, 0.9063077870366496
-6.982150666839085e-17, 0.4226182617407003, 0.9063077870366496
8.88178419700125e-16, 0.4226182617407011, 0.9063077870366493
-0.06648662478098909, 0.3663017832877123, 0.9281177362196426
-0.14121671791617038, 0.29887745073851496, 0.943784990355871
-0.22142738646170504, 0.2214273864617078, 0.9497051253149454
-0.29887745073851285, 0.14121671791617255, 0.9437849903558713
-0.36630178328771096, 0.06648662478099059, 0.928117736219643
-0.4226182617406998, 6.383782391594647e-16, 0.9063077870366497
-0.4226182617407003, 0.0, 0.9063077870366496
-0.4226182617407003, 0.0, 0.9063077870366496
-0.4226182617407003, 0.0, 0.9063077870366496
-0.4226182617407003, 0.0, 0.9063077870366496
-0.4226182617407003, 0.0, 0.9063077870366496
-0.4226182617407003, 0.0, 0.9063077870366496
-0.4226182617407003, 0.0, 0.9063077870366496
-0.42261826174070116, 1.1102230246251565e-15, 0.9063077870366492
-0.3663017832877124, -0.06648662478098766, 0.9281177362196427
-0.298877450738515, -0.1412167179161677, 0.9437849903558713
-0.22142738646170856, -0.22142738646170043, 0.9497051253149464
-0.14121671791617404, -0.2988774507385065, 0.943784990355873
-0.06648662478099096, -0.36630178328770474, 0.9281177362196454
1.1102230246251565e-16, -0.42261826174069383, 0.9063077870366526
6.982150666838977e-17, -0.42261826174069383, 0.9063077870366526
6.982150666838977e-17, -0.42261826174069383, 0.9063077870366526
6.982150666838977e-17, -0.42261826174069383, 0.9063077870366526
6.982150666838977e-17, -0.42261826174069383, 0.9063077870366526
6.982150666838977e-17, -0.42261826174069383, 0.9063077870366526
6.982150666838977e-17, -0.42261826174069383, 0.9063077870366526
6.982150666838977e-17, -0.42261826174069383, 0.9063077870366526
-4.163336342344337e-16, -0.42261826174069433, 0.9063077870366525
0.06648662478098874, -0.3663017832877058, 0.9281177362196452
0.1412167179161693, -0.2988774507385088, 0.9437849903558732
0.22142738646170262, -0.22142738646170282, 0.9497051253149473
0.29887745073850797, -0.1412167179161702, 0.9437849903558733
0.366301783287705, -0.06648662478098957, 0.9281177362196453
0.42261826174069406, 2.775557561562891e-16, 0.9063077870366525
0.4226182617406938, 0.0, 0.9063077870366526
0.4226182617406938, 0.0, 0.9063077870366526
0.4226182617406938, 0.0, 0.9063077870366526
0.4226182617406938, 0.0, 0.9063077870366526
0.4226182617406938, 0.0, 0.9063077870366526
0.4226182617406938, 0.0, 0.9063077870366526
0.4226182617406938, 0.0, 0.9063077870366526
0.42261826174069483, -1.27675647831893e-15, 0.9063077870366523
0.36630178328770585, 0.06648662478098981, 0.928117736219645
0.29887745073850824, 0.14121671791617224, 0.9437849903558728
0.2214273864617016, 0.22142738646170748, 0.9497051253149464
0.14121671791616883, 0.29887745073851396, 0.9437849903558715
0.06648662478098878, 0.3663017832877114, 0.9281177362196429
1.1102230246251563e-16, 0.42261826174070016, 0.9063077870366496
-6.982150666839085e-17, 0.4226182617407003, 0.9063077870366496
-6.982150666839085e-17, 0.4226182617407003, 0.9063077870366496
-6.982150666839085e-17, 0.4226182617407003, 0.9063077870366496
-6.982150666839085e-17, 0.4226182617407003, 0.9063077870366496
-6.982150666839085e-17, 0.4226182617407003, 0.9063077870366496
-6.982150666839085e-17, 0.4226182617407003, 0.9063077870366496
-6.982150666839085e-17, 0.4226182617407003, 0.9063077870366496
8.88178419700125e-16, 0.4226182617407011, 0.9063077870366493
-0.06648662478098909, 0.3663017832877123, 0.9281177362196426
-0.14121671791617169, 0.2988774507385137, 0.943784990355871
-0.22142738646170504, 0.2214273864617078, 0.9497051253149454
-0.29887745073851285, 0.14121671791617255, 0.9437849903558713
-0.36630178328771096, 0.06648662478099059, 0.928117736219643
-0.4226182617406998, 6.383782391594647e-16, 0.9063077870366497
-0.4226182617407003, 0.0, 0.9063077870366496
-0.4226182617407003, 0.0, 0.9063077870366496
-0.4226182617407003, 0.0, 0.9063077870366496
-0.4226182617407003, 0.0, 0.9063077870366496
-0.4226182617407003, 0.0, 0.9063077870366496
-0.4226182617407003, 0.0, 0.9063077870366496
-0.4226182617407003, 0.0, 0.9063077870366496
-0.42261826174070116, 1.1102230246251565e-15, 0.9063077870366492
-0.3663017832877124, -0.06648662478098766, 0.9281177362196427
-0.298877450738515, -0.1412167179161677, 0.9437849903558713
-0.22142738646170793, -0.22142738646170107, 0.9497051253149463
-0.1412167179161728, -0.2988774507385077, 0.9437849903558729
-0.06648662478098964, -0.36630178328770596, 0.928117736219645
7.494005416219805e-16, -0.4226182617406943, 0.9063077870366523
6.982150666838977e-17, -0.42261826174069383, 0.9063077870366526
6.982150666838977e-17, -0.42261826174069383, 0.9063077870366526
6.982150666838977e-17, -0.42261826174069383, 0.9063077870366526
6.982150666838977e-17, -0.42261826174069383, 0.9063077870366526
6.982150666838977e-17, -0.42261826174069383, 0.9063077870366526
6.982150666838977e-17, -0.42261826174069383, 0.9063077870366526
6.982150666838977e-17, -0.42261826174069383, 0.9063077870366526
-1.0824674490095274e-15, -0.4226182617406948, 0.906307787036652
0.06648662478098741, -0.366301783287707, 0.9281177362196448
0.1412167179161693, -0.2988774507385088, 0.9437849903558732
0.22142738646170135, -0.2214273864617041, 0.9497051253149473
0.2988774507385086, -0.14121671791616952, 0.9437849903558732
0.3663017832877056, -0.06648662478098893, 0.9281177362196451
0.42261826174069406, 2.775557561562891e-16, 0.9063077870366525
0.4226182617406938, 0.0, 0.9063077870366526
0.4226182617406938, 0.0, 0.9063077870366526
0.4226182617406938, 0.0, 0.9063077870366526
0.4226182617406938, 0.0, 0.9063077870366526
0.4226182617406938, 0.0, 0.9063077870366526
0.4226182617406938, 0.0, 0.9063077870366526
0.4226182617406938, 0.0, 0.9063077870366526
0.42261826174069483, -1.27675647831893e-15, 0.9063077870366523
0.3663017832877064, 0.06648662478098916, 0.9281177362196449
0.29887745073850824, 0.14121671791617224, 0.9437849903558728
0.2214273864617016, 0.22142738646170748, 0.9497051253149464
0.14121671791616883, 0.29887745073851396, 0.9437849903558715
0.06648662478098878, 0.3663017832877114, 0.9281177362196429
1.1102230246251563e-16, 0.42261826174070016, 0.9063077870366496
-6.982150666839085e-17, 0.4226182617407003, 0.9063077870366496
-6.982150666839085e-17, 0.4226182617407003, 0.9063077870366496
-6.982150666839085e-17, 0.4226182617407003, 0.9063077870366496
-6.982150666839085e-17, 0.4226182617407003, 0.9063077870366496
-6.982150666839085e-17, 0.4226182617407003, 0.9063077870366496
-6.982150666839085e-17, 0.4226182617407003, 0.9063077870366496
-6.982150666839085e-17, 0.4226182617407003, 0.9063077870366496
8.88178419700125e-16, 0.4226182617407011, 0.9063077870366493
-0.06648662478098841, 0.36630178328771285, 0.9281177362196422
-0.14121671791617102, 0.2988774507385143, 0.943784990355871
-0.22142738646170504, 0.2214273864617078, 0.9497051253149454
-0.29887745073851163, 0.14121671791617388, 0.9437849903558715
-0.3663017832877093, 0.0664866247809925, 0.9281177362196434
-0.4226182617406992, 1.3045120539345583e-15, 0.90630778703665
-0.4226182617407003, 0.0, 0.9063077870366496
-0.4226182617407003, 0.0, 0.9063077870366496
-0.4226182617407003, 0.0, 0.9063077870366496
-0.4226182617407003, 0.0, 0.9063077870366496
-0.4226182617407003, 0.0, 0.9063077870366496
-0.4226182617407003, 0.0, 0.9063077870366496
-0.4226182617407003, 0.0, 0.9063077870366496
-0.42261826174070116, 1.1102230246251565e-15, 0.9063077870366492
-0.3663017832877118, -0.06648662478098824, 0.9281177362196427
-0.298877450738515, -0.1412167179161677, 0.9437849903558713
-0.22142738646170732, -0.22142738646170168, 0.9497051253149464
-0.1412167179161734, -0.2988774507385071, 0.943784990355873
-0.06648662478099031, -0.3663017832877053, 0.9281177362196452
1.4432899320127037e-15, -0.42261826174069494, 0.9063077870366522
6.982150666838977e-17, -0.42261826174069383, 0.9063077870366526
6.982150666838977e-17, -0.42261826174069383, 0.9063077870366526
6.982150666838977e-17, -0.42261826174069383, 0.9063077870366526
6.982150666838977e-17, -0.42261826174069383, 0.9063077870366526
6.982150666838977e-17, -0.42261826174069383, 0.9063077870366526
6.982150666838977e-17, -0.42261826174069383, 0.9063077870366526
6.982150666838977e-17, -0.42261826174069383, 0.9063077870366526
-1.0824674490095274e-15, -0.4226182617406948, 0.906307787036652
0.06648662478098741, -0.366301783287707, 0.9281177362196448
0.1412167179161693, -0.2988774507385088, 0.9437849903558732
0.22142738646170135, -0.2214273864617041, 0.9497051253149473
0.2988774507385086, -0.14121671791616952, 0.9437849903558732
0.3663017832877056, -0.06648662478098893, 0.9281177362196451
0.42261826174069406, 2.775557561562891e-16, 0.9063077870366525
0.4226182617406938, 0.0, 0.9063077870366526
0.4226182617406938, 0.0, 0.9063077870366526
0.4226182617406938, 0.0, 0.9063077870366526
0.4226182617406938, 0.0, 0.9063077870366526
0.4226182617406938, 0.0, 0.9063077870366526
0.4226182617406938, 0.0, 0.9063077870366526
0.4226182617406938, 0.0, 0.9063077870366526
0.42261826174069533, -1.9428902930940236e-15, 0.9063077870366518
0.3663017832877064, 0.06648662478098916, 0.9281177362196449
0.29887745073850824, 0.14121671791617224, 0.9437849903558728
0.22142738646170224, 0.22142738646170687, 0.9497051253149464
0.14121671791616883, 0.29887745073851396, 0.9437849903558715
0.06648662478098878, 0.3663017832877114, 0.9281177362196429
-5.828670879282071e-16, 0.4226182617407007, 0.9063077870366494
-6.982150666839085e-17, 0.4226182617407003, 0.9063077870366496
-6.982150666839085e-17, 0.4226182617407003, 0.9063077870366496
-6.982150666839085e-17, 0.4226182617407003, 0.9063077870366496
-6.982150666839085e-17, 0.4226182617407003, 0.9063077870366496
-6.982150666839085e-17, 0.4226182617407003, 0.9063077870366496
-6.982150666839085e-17, 0.4226182617407003, 0.9063077870366496
-6.982150666839085e-17, 0.4226182617407003, 0.9063077870366496
8.88178419700125e-16, 0.4226182617407011, 0.9063077870366493
-0.06648662478098841, 0.36630178328771285, 0.9281177362196422
-0.14121671791617038, 0.29887745073851496, 0.943784990355871
-0.22142738646170568, 0.22142738646170715, 0.9497051253149456
-0.2988774507385123, 0.14121671791617318, 0.9437849903558715
-0.36630178328771096, 0.06648662478099059, 0.928117736219643
-0.4226182617406998, 6.383782391594647e-16, 0.9063077870366497
-0.4226182617407003, 0.0, 0.9063077870366496
-0.4226182617407003, 0.0, 0.9063077870366496
-0.4226182617407003, 0.0, 0.9063077870366496
-0.4226182617407003, 0.0, 0.9063077870366496
-0.4226182617407003, 0.0, 0.9063077870366496
-0.4226182617407003, 0.0, 0.9063077870366496
-0.4226182617407003, 0.0, 0.9063077870366496
-0.42261826174070116, 1.1102230246251565e-15, 0.9063077870366492
-0.3663017832877124, -0.06648662478098766, 0.9281177362196427
-0.29887745073851446, -0.1412167179161683, 0.9437849903558715
-0.22142738646170793, -0.22142738646170107, 0.9497051253149463
-0.1412167179161728, -0.2988774507385077, 0.9437849903558729
-0.06648662478098964, -0.36630178328770596, 0.928117736219645
1.1102230246251565e-16, -0.42261826174069383, 0.9063077870366526
6.982150666838977e-17, -0.42261826174069383, 0.9063077870366526
6.982150666838977e-17, -0.42261826174069383, 0.9063077870366526
6.982150666838977e-17, -0.42261826174069383, 0.9063077870366526
6.982150666838977e-17, -0.42261826174069383, 0.9063077870366526
6.982150666838977e-17, -0.42261826174069383, 0.9063077870366526
6.982150666838977e-17, -0.42261826174069383, 0.9063077870366526
6.982150666838977e-17, -0.42261826174069383, 0.9063077870366526
-4.163336342344337e-16, -0.42261826174069433, 0.9063077870366525
0.06648662478098874, -0.3663017832877058, 0.9281177362196452
0.1412167179161693, -0.2988774507385088, 0.9437849903558732
0.22142738646170262, -0.22142738646170282, 0.9497051253149473
0.2988774507385086, -0.14121671791616952, 0.9437849903558732
0.3663017832877056, -0.06648662478098893, 0.9281177362196451
0.42261826174069406, 2.775557561562891e-16, 0.9063077870366525
0.4226182617406938, 0.0, 0.9063077870366526
0.4226182617406938, 0.0, 0.9063077870366526
0.4226182617406938, 0.0, 0.9063077870366526
0.4226182617406938, 0.0, 0.9063077870366526
0.4226182617406938, 0.0, 0.9063077870366526
0.4226182617406938, 0.0, 0.9063077870366526
0.4226182617406938, 0.0, 0.9063077870366526
0.42261826174069483, -1.27675647831893e-15, 0.9063077870366523
0.3663017832877064, 0.06648662478098916, 0.9281177362196449
0.29887745073850824, 0.14121671791617224, 0.9437849903558728
0.22142738646170285, 0.22142738646170623, 0.9497051253149464
0.14121671791616952, 0.2988774507385134, 0.9437849903558717
0.06648662478099014, 0.3663017832877103, 0.9281177362196433
1.1102230246251563e-16, 0.42261826174070016, 0.9063077870366496
-6.982150666839085e-17, 0.4226182617407003, 0.9063077870366496
-6.982150666839085e-17, 0.4226182617407003, 0.9063077870366496
-6.982150666839085e-17, 0.4226182617407003, 0.9063077870366496
-6.982150666839085e-17, 0.4226182617407003, 0.9063077870366496
-6.982150666839085e-17, 0.4226182617407003, 0.9063077870366496
-6.982150666839085e-17, 0.4226182617407003, 0.9063077870366496
-6.982150666839085e-17, 0.4226182617407003, 0.9063077870366496
1.5265566588595898e-15, 0.42261826174070166, 0.906307787036649
-0.06648662478098773, 0.3663017832877135, 0.9281177362196422
-0.1412167179161691, 0.2988774507385161, 0.9437849903558708
-0.22142738646170504, 0.2214273864617078, 0.9497051253149454
-0.2988774507385123, 0.14121671791617318, 0.9437849903558715
-0.3663017832877104, 0.06648662478099125, 0.9281177362196431
-0.4226182617406998, 6.383782391594647e-16, 0.9063077870366497
-0.4226182617407003, 0.0, 0.9063077870366496
-0.4226182617407003, 0.0, 0.9063077870366496
-0.4226182617407003, 0.0, 0.9063077870366496
-0.4226182617407003, 0.0, 0.9063077870366496
-0.4226182617407003, 0.0, 0.9063077870366496
-0.4226182617407003, 0.0, 0.9063077870366496
-0.4226182617407003, 0.0, 0.9063077870366496
-0.4226182617407006, 3.885780586188048e-16, 0.9063077870366495
-0.3663017832877118, -0.06648662478098824, 0.9281177362196427
-0.29887745073851446, -0.1412167179161683, 0.9437849903558715
-0.22142738646170732, -0.22142738646170168, 0.9497051253149464
-0.1412167179161728, -0.2988774507385077, 0.9437849903558729
-0.06648662478098964, -0.36630178328770596, 0.928117736219645
1.4432899320127037e-15, -0.42261826174069494, 0.9063077870366522
6.982150666838977e-17, -0.42261826174069383, 0.9063077870366526
6.982150666838977e-17, -0.42261826174069383, 0.9063077870366526
6.982150666838977e-17, -0.42261826174069383, 0.9063077870366526
6.982150666838977e-17, -0.42261826174069383, 0.9063077870366526
6.982150666838977e-17, -0.42261826174069383, 0.9063077870366526
6.982150666838977e-17, -0.42261826174069383, 0.9063077870366526
6.982150666838977e-17, -0.42261826174069383, 0.9063077870366526
-4.163336342344337e-16, -0.42261826174069433, 0.9063077870366525
0.06648662478098874, -0.3663017832877058, 0.9281177362196452
0.1412167179161693, -0.2988774507385088, 0.9437849903558732
0.22142738646170262, -0.22142738646170282, 0.9497051253149473
0.2988774507385086, -0.14121671791616952, 0.9437849903558732
0.3663017832877056, -0.06648662478098893, 0.9281177362196451
0.42261826174069406, 2.775557561562891e-16, 0.9063077870366525
0.4226182617406938, 0.0, 0.9063077870366526
0.4226182617406938, 0.0, 0.9063077870366526
0.4226182617406938, 0.0, 0.9063077870366526
0.4226182617406938, 0.0, 0.9063077870366526
0.4226182617406938, 0.0, 0.9063077870366526
0.4226182617406938, 0.0, 0.9063077870366526
0.4226182617406938, 0.0, 0.9063077870366526
0.42261826174069483, -1.27675647831893e-15, 0.9063077870366523
0.3663017832877064, 0.06648662478098916, 0.9281177362196449
0.29887745073850824, 0.14121671791617224, 0.9437849903558728
0.22142738646170285, 0.22142738646170623, 0.9497051253149464
0.1412167179161701, 0.29887745073851274, 0.9437849903558716
0.06648662478098878, 0.3663017832877114, 0.9281177362196429
1.1102230246251563e-16, 0.42261826174070016, 0.9063077870366496
-6.982150666839085e-17, 0.4226182617407003, 0.9063077870366496
-6.982150666839085e-17, 0.4226182617407003, 0.9063077870366496
-6.982150666839085e-17, 0.4226182617407003, 0.9063077870366496
-6.982150666839085e-17, 0.4226182617407003, 0.9063077870366496
-6.982150666839085e-17, 0.4226182617407003, 0.9063077870366496
-6.982150666839085e-17, 0.4226182617407003, 0.9063077870366496
-6.982150666839085e-17, 0.4226182617407003, 0.9063077870366496
8.88178419700125e-16, 0.4226182617407011, 0.9063077870366493
-0.06648662478098909, 0.3663017832877123, 0.9281177362196426
-0.14121671791617102, 0.2988774507385143, 0.943784990355871
-0.22142738646170504, 0.2214273864617078, 0.9497051253149454
-0.29887745073851163, 0.14121671791617388, 0.9437849903558715
-0.3663017832877093, 0.0664866247809925, 0.9281177362196434
-0.4226182617406992, 1.3045120539345583e-15, 0.90630778703665
-0.4226182617407003, 0.0, 0.9063077870366496
-0.4226182617407003, 0.0, 0.9063077870366496
-0.4226182617407003, 0.0, 0.9063077870366496
-0.4226182617407003, 0.0, 0.9063077870366496
-0.4226182617407003, 0.0, 0.9063077870366496
-0.4226182617407003, 0.0, 0.9063077870366496
-0.4226182617407003, 0.0, 0.9063077870366496
-0.42261826174070116, 1.1102230246251565e-15, 0.9063077870366492
-0.3663017832877124, -0.06648662478098766, 0.9281177362196427
-0.29887745073851446, -0.1412167179161683, 0.9437849903558715
-0.22142738646170732, -0.22142738646170168, 0.9497051253149464
-0.1412167179161728, -0.2988774507385077, 0.9437849903558729
-0.06648662478098964, -0.36630178328770596, 0.928117736219645
1.1102230246251565e-16, -0.42261826174069383, 0.9063077870366526
6.982150666838977e-17, -0.42261826174069383, 0.9063077870366526
6.982150666838977e-17, -0.42261826174069383, 0.9063077870366526
6.982150666838977e-17, -0.42261826174069383, 0.9063077870366526
6.982150666838977e-17, -0.42261826174069383, 0.9063077870366526
6.982150666838977e-17, -0.42261826174069383, 0.9063077870366526
6.982150666838977e-17, -0.42261826174069383, 0.9063077870366526
6.982150666838977e-17, -0.42261826174069383, 0.9063077870366526
-4.163336342344337e-16, -0.42261826174069433, 0.9063077870366525
0.06648662478098874, -0.3663017832877058, 0.9281177362196452
0.1412167179161693, -0.2988774507385088, 0.9437849903558732
0.22142738646170262, -0.22142738646170282, 0.9497051253149473
0.2988774507385086, -0.14121671791616952, 0.9437849903558732
0.3663017832877056, -0.06648662478098893, 0.9281177362196451
0.42261826174069406, 2.775557561562891e-16, 0.9063077870366525
0.4226182617406938, 0.0, 0.9063077870366526
0.4226182617406938, 0.0, 0.9063077870366526
0.4226182617406938, 0.0, 0.9063077870366526
0.4226182617406938, 0.0, 0.9063077870366526
0.4226182617406938, 0.0, 0.9063077870366526
0.4226182617406938, 0.0, 0.9063077870366526
0.4226182617406938, 0.0, 0.9063077870366526
0.42261826174069483, -1.27675647831893e-15, 0.9063077870366523
0.3663017832877064, 0.06648662478098916, 0.9281177362196449
0.29887745073850824, 0.14121671791617224, 0.9437849903558728
0.22142738646170285, 0.22142738646170623, 0.9497051253149464
0.14121671791616952, 0.2988774507385134, 0.9437849903558717
0.06648662478098878, 0.3663017832877114, 0.9281177362196429
1.1102230246251563e-16, 0.42261826174070016, 0.9063077870366496
-6.982150666839085e-17, 0.4226182617407003, 0.9063077870366496
-6.982150666839085e-17, 0.4226182617407003, 0.9063077870366496
-6.982150666839085e-17, 0.4226182617407003, 0.9063077870366496
-6.982150666839085e-17, 0.4226182617407003, 0.9063077870366496
-6.982150666839085e-17, 0.4226182617407003, 0.9063077870366496
-6.982150666839085e-17, 0.4226182617407003, 0.9063077870366496
-6.982150666839085e-17, 0.4226182617407003, 0.9063077870366496
8.88178419700125e-16, 0.4226182617407011, 0.9063077870366493
-0.06648662478098841, 0.36630178328771285, 0.9281177362196422
-0.14121671791617102, 0.2988774507385143, 0.943784990355871
-0.22142738646170504, 0.2214273864617078, 0.9497051253149454
-0.29887745073851163, 0.14121671791617388, 0.9437849903558715
-0.3663017832877093, 0.0664866247809925, 0.9281177362196434
-0.4226182617406992, 1.3045120539345583e-15, 0.90630778703665
-0.4226182617407003, 0.0, 0.9063077870366496
-0.4226182617407003, 0.0, 0.9063077870366496
-0.4226182617407003, 0.0, 0.9063077870366496
-0.4226182617407003, 0.0, 0.9063077870366496
-0.4226182617407003, 0.0, 0.9063077870366496
-0.4226182617407003, 0.0, 0.9063077870366496
-0.4226182617407003, 0.0, 0.9063077870366496
-0.42261826174070116, 1.1102230246251565e-15, 0.9063077870366492
-0.3663017832877124, -0.06648662478098766, 0.9281177362196427
-0.29887745073851446, -0.1412167179161683, 0.9437849903558715
-0.22142738646170793, -0.22142738646170107, 0.9497051253149463
-0.1412167179161734, -0.2988774507385071, 0.943784990355873
-0.06648662478098964, -0.36630178328770596, 0.928117736219645
7.494005416219805e-16, -0.4226182617406943, 0.9063077870366523
6.982150666838977e-17, -0.42261826174069383, 0.9063077870366526
6.982150666838977e-17, -0.42261826174069383, 0.9063077870366526
6.982150666838977e-17, -0.42261826174069383, 0.9063077870366526
6.982150666838977e-17, -0.42261826174069383, 0.9063077870366526
6.982150666838977e-17, -0.42261826174069383, 0.9063077870366526
6.982150666838977e-17, -0.42261826174069383, 0.9063077870366526
6.982150666838977e-17, -0.42261826174069383, 0.9063077870366526
-4.163336342344337e-16, -0.42261826174069433, 0.9063077870366525
0.06648662478098874, -0.3663017832877058, 0.9281177362196452
0.1412167179161693, -0.2988774507385088, 0.9437849903558732
0.22142738646170262, -0.22142738646170282, 0.9497051253149473
0.2988774507385086, -0.14121671791616952, 0.9437849903558732
0.3663017832877056, -0.06648662478098893, 0.9281177362196451
0.42261826174069406, 2.775557561562891e-16, 0.9063077870366525
0.4226182617406938, 0.0, 0.9063077870366526
0.4226182617406938, 0.0, 0.9063077870366526
0.4226182617406938, 0.0, 0.9063077870366526
0.4226182617406938, 0.0, 0.9063077870366526
0.4226182617406938, 0.0, 0.9063077870366526
0.4226182617406938, 0.0, 0.9063077870366526
0.4226182617406938, 0.0, 0.9063077870366526
0.42261826174069483, -1.27675647831893e-15, 0.9063077870366523
0.3663017832877064, 0.06648662478098916, 0.9281177362196449
0.29887745073850824, 0.14121671791617224, 0.9437849903558728
0.22142738646170224, 0.22142738646170687, 0.9497051253149464
0.14121671791616883, 0.29887745073851396, 0.9437849903558715
0.06648662478098878, 0.3663017832877114, 0.9281177362196429
1.1102230246251563e-16, 0.42261826174070016, 0.9063077870366496
-6.982150666839085e-17, 0.4226182617407003, 0.9063077870366496
-6.982150666839085e-17, 0.4226182617407003, 0.9063077870366496
-6.982150666839085e-17, 0.4226182617407003, 0.9063077870366496
-6.982150666839085e-17, 0.4226182617407003, 0.9063077870366496
-6.982150666839085e-17, 0.4226182617407003, 0.9063077870366496
-6.982150666839085e-17, 0.4226182617407003, 0.9063077870366496
-6.982150666839085e-17, 0.4226182617407003, 0.9063077870366496
8.88178419700125e-16, 0.4226182617407011, 0.9063077870366493
-0.06648662478098841, 0.36630178328771285, 0.9281177362196422
-0.14121671791617102, 0.2988774507385143, 0.943784990355871
-0.22142738646170568, 0.22142738646170715, 0.9497051253149456
-0.29887745073851285, 0.14121671791617255, 0.9437849903558713
-0.3663017832877104, 0.06648662478099125, 0.9281177362196431
-0.4226182617406998, 6.383782391594647e-16, 0.9063077870366497
-0.4226182617407003, 0.0, 0.9063077870366496
-0.4226182617407003, 0.0, 0.9063077870366496
-0.4226182617407003, 0.0, 0.9063077870366496
-0.4226182617407003, 0.0, 0.9063077870366496
-0.4226182617407003, 0.0, 0.9063077870366496
-0.4226182617407003, 0.0, 0.9063077870366496
-0.4226182617407003, 0.0, 0.9063077870366496
-0.42261826174070116, 1.1102230246251565e-15, 0.9063077870366492
-0.3663017832877118, -0.06648662478098824, 0.9281177362196427
-0.29887745073851446, -0.1412167179161683, 0.9437849903558715
-0.22142738646170732, -0.22142738646170168, 0.9497051253149464
-0.1412167179161728, -0.2988774507385077, 0.9437849903558729
-0.06648662478098964, -0.36630178328770596, 0.928117736219645
7.494005416219805e-16, -0.4226182617406943, 0.9063077870366523
6.982150666838977e-17, -0.42261826174069383, 0.9063077870366526
6.982150666838977e-17, -0.42261826174069383, 0.9063077870366526
6.982150666838977e-17, -0.42261826174069383, 0.9063077870366526
6.982150666838977e-17, -0.42261826174069383, 0.9063077870366526
6.982150666838977e-17, -0.42261826174069383, 0.9063077870366526
6.982150666838977e-17, -0.42261826174069383, 0.9063077870366526
6.982150666838977e-17, -0.42261826174069383, 0.9063077870366526
-4.163336342344337e-16, -0.42261826174069433, 0.9063077870366525
0.06648662478098874, -0.3663017832877058, 0.9281177362196452
0.1412167179161693, -0.2988774507385088, 0.9437849903558732
0.22142738646170262, -0.22142738646170282, 0.9497051253149473
0.2988774507385086, -0.14121671791616952, 0.9437849903558732
0.3663017832877056, -0.06648662478098893, 0.9281177362196451
0.42261826174069406, 2.775557561562891e-16, 0.9063077870366525
0.4226182617406938, 0.0, 0.9063077870366526
0.4226182617406938, 0.0, 0.9063077870366526
0.4226182617406938, 0.0, 0.9063077870366526
0.4226182617406938, 0.0, 0.9063077870366526
0.4226182617406938, 0.0, 0.9063077870366526
0.4226182617406938, 0.0, 0.9063077870366526
0.4226182617406938, 0.0, 0.9063077870366526
0.42261826174069483, -1.27675647831893e-15, 0.9063077870366523
0.3663017832877064, 0.06648662478098916, 0.9281177362196449
0.29887745073850824, 0.14121671791617224, 0.9437849903558728
0.22142738646170285, 0.22142738646170623, 0.9497051253149464
0.14121671791616883, 0.29887745073851396, 0.9437849903558715
0.06648662478098878, 0.3663017832877114, 0.9281177362196429
1.1102230246251563e-16, 0.42261826174070016, 0.9063077870366496
-6.982150666839085e-17, 0.4226182617407003, 0.9063077870366496
-6.982150666839085e-17, 0.4226182617407003, 0.9063077870366496
-6.982150666839085e-17, 0.4226182617407003, 0.9063077870366496
-6.982150666839085e-17, 0.4226182617407003, 0.9063077870366496
-6.982150666839085e-17, 0.4226182617407003, 0.9063077870366496
-6.982150666839085e-17, 0.4226182617407003, 0.9063077870366496
-6.982150666839085e-17, 0.4226182617407003, 0.9063077870366496
8.88178419700125e-16, 0.4226182617407011, 0.9063077870366493
-0.06648662478098909, 0.3663017832877123, 0.9281177362196426
-0.14121671791617102, 0.2988774507385143, 0.943784990355871
-0.22142738646170504, 0.2214273864617078, 0.9497051253149454
-0.298877450738511, 0.14121671791617452, 0.9437849903558715
-0.3663017832877093, 0.0664866247809925, 0.9281177362196434
-0.4226182617406992, 1.3045120539345583e-15, 0.90630778703665
-0.4226182617407003, 0.0, 0.9063077870366496
-0.4226182617407003, 0.0, 0.9063077870366496
-0.4226182617407003, 0.0, 0.9063077870366496
-0.4226182617407003, 0.0, 0.9063077870366496
-0.4226182617407003, 0.0, 0.9063077870366496
-0.4226182617407003, 0.0, 0.9063077870366496
-0.4226182617407003, 0.0, 0.9063077870366496
-0.42261826174070116, 1.1102230246251565e-15, 0.9063077870366492
-0.3663017832877124, -0.06648662478098766, 0.9281177362196427
-0.29887745073851446, -0.1412167179161683, 0.9437849903558715
-0.22142738646170793, -0.22142738646170107, 0.9497051253149463
-0.1412167179161728, -0.2988774507385077, 0.9437849903558729
-0.06648662478098964, -0.36630178328770596, 0.928117736219645
7.494005416219805e-16, -0.4226182617406943, 0.9063077870366523
6.982150666838977e-17, -0.42261826174069383, 0.9063077870366526
6.982150666838977e-17, -0.42261826174069383, 0.9063077870366526
6.982150666838977e-17, -0.42261826174069383, 0.9063077870366526
6.982150666838977e-17, -0.42261826174069383, 0.9063077870366526
6.982150666838977e-17, -0.42261826174069383, 0.9063077870366526
6.982150666838977e-17, -0.42261826174069383, 0.9063077870366526
6.982150666838977e-17, -0.42261826174069383, 0.9063077870366526
-4.163336342344337e-16, -0.42261826174069433, 0.9063077870366525
0.06648662478098874, -0.3663017832877058, 0.9281177362196452
0.1412167179161693, -0.2988774507385088, 0.9437849903558732
0.22142738646170135, -0.2214273864617041, 0.9497051253149473
0.2988774507385086, -0.14121671791616952, 0.9437849903558732
0.3663017832877056, -0.06648662478098893, 0.9281177362196451
0.42261826174069406, 2.775557561562891e-16, 0.9063077870366525
0.4226182617406938, 0.0, 0.9063077870366526
0.4226182617406938, 0.0, 0.9063077870366526
0.4226182617406938, 0.0, 0.9063077870366526
0.4226182617406938, 0.0, 0.9063077870366526
0.4226182617406938, 0.0, 0.9063077870366526
0.4226182617406938, 0.0, 0.9063077870366526
0.4226182617406938, 0.0, 0.9063077870366526
0.42261826174069483, -1.27675647831893e-15, 0.9063077870366523
0.3663017832877064, 0.06648662478098916, 0.9281177362196449
0.29887745073850824, 0.14121671791617224, 0.9437849903558728
0.22142738646170224, 0.22142738646170687, 0.9497051253149464
0.14121671791616883, 0.29887745073851396, 0.9437849903558715
0.06648662478098945, 0.36630178328771085, 0.928117736219643
1.1102230246251563e-16, 0.42261826174070016, 0.9063077870366496
-6.982150666839085e-17, 0.4226182617407003, 0.9063077870366496
-6.982150666839085e-17, 0.4226182617407003, 0.9063077870366496
-6.982150666839085e-17, 0.4226182617407003, 0.9063077870366496
-6.982150666839085e-17, 0.4226182617407003, 0.9063077870366496
-6.982150666839085e-17, 0.4226182617407003, 0.9063077870366496
-6.982150666839085e-17, 0.4226182617407003, 0.9063077870366496
-6.982150666839085e-17, 0.4226182617407003, 0.9063077870366496
8.88178419700125e-16, 0.4226182617407011, 0.9063077870366493
-0.06648662478098841, 0.36630178328771285, 0.9281177362196422
-0.14121671791617102, 0.2988774507385143, 0.943784990355871
-0.22142738646170504, 0.2214273864617078, 0.9497051253149454
-0.2988774507385123, 0.14121671791617318, 0.9437849903558715
-0.36630178328771096, 0.06648662478099059, 0.928117736219643
-0.4226182617406998, 6.383782391594647e-16, 0.9063077870366497
-0.4226182617407003, 0.0, 0.9063077870366496
-0.4226182617407003, 0.0, 0.9063077870366496
-0.4226182617407003, 0.0, 0.9063077870366496
-0.4226182617407003, 0.0, 0.9063077870366496
-0.4226182617407003, 0.0, 0.9063077870366496
-0.4226182617407003, 0.0, 0.9063077870366496
-0.4226182617407003, 0.0, 0.9063077870366496
-0.4226182617407006, 3.885780586188048e-16, 0.9063077870366495
-0.3663017832877118, -0.06648662478098824, 0.9281177362196427
-0.29887745073851446, -0.1412167179161683, 0.9437849903558715
-0.22142738646170732, -0.22142738646170168, 0.9497051253149464
-0.1412167179161728, -0.2988774507385077, 0.9437849903558729
-0.06648662478098964, -0.36630178328770596, 0.928117736219645
1.4432899320127037e-15, -0.42261826174069494, 0.9063077870366522
6.982150666838977e-17, -0.42261826174069383, 0.9063077870366526
6.982150666838977e-17, -0.42261826174069383, 0.9063077870366526
6.982150666838977e-17, -0.42261826174069383, 0.9063077870366526
6.982150666838977e-17, -0.42261826174069383, 0.9063077870366526
6.982150666838977e-17, -0.42261826174069383, 0.9063077870366526
6.982150666838977e-17, -0.42261826174069383, 0.9063077870366526
6.982150666838977e-17, -0.42261826174069383, 0.9063077870366526
-1.0824674490095274e-15, -0.4226182617406948, 0.906307787036652
0.06648662478098874, -0.3663017832877058, 0.9281177362196452
0.1412167179161693, -0.2988774507385088, 0.9437849903558732
0.22142738646170199, -0.22142738646170346, 0.9497051253149473
0.2988774507385086, -0.14121671791616952, 0.9437849903558732
0.3663017832877056, -0.06648662478098893, 0.9281177362196451
0.4226182617406936, -3.3306690738754696e-16, 0.9063077870366528
0.4226182617406938, 0.0, 0.9063077870366526
0.4226182617406938, 0.0, 0.9063077870366526
0.4226182617406938, 0.0, 0.9063077870366526
0.4226182617406938, 0.0, 0.9063077870366526
0.4226182617406938, 0.0, 0.9063077870366526
0.4226182617406938, 0.0, 0.9063077870366526
0.4226182617406938, 0.0, 0.9063077870366526
0.42261826174069483, -1.27675647831893e-15, 0.9063077870366523
0.3663017832877064, 0.06648662478098916, 0.9281177362196449
0.29887745073850824, 0.14121671791617224, 0.9437849903558728
0.22142738646170224, 0.22142738646170687, 0.9497051253149464
0.14121671791616883, 0.29887745073851396, 0.9437849903558715
0.06648662478098878, 0.3663017832877114, 0.9281177362196429
1.1102230246251563e-16, 0.42261826174070016, 0.9063077870366496
-6.982150666839085e-17, 0.4226182617407003, 0.9063077870366496
-6.982150666839085e-17, 0.4226182617407003, 0.9063077870366496
-6.982150666839085e-17, 0.4226182617407003, 0.9063077870366496
-6.982150666839085e-17, 0.4226182617407003, 0.9063077870366496
-6.982150666839085e-17, 0.4226182617407003, 0.9063077870366496
-6.982150666839085e-17, 0.4226182617407003, 0.9063077870366496
-6.982150666839085e-17, 0.4226182617407003, 0.9063077870366496
8.88178419700125e-16, 0.4226182617407011, 0.9063077870366493
-0.06648662478098909, 0.3663017832877123, 0.9281177362196426
-0.14121671791617102, 0.2988774507385143, 0.943784990355871
-0.22142738646170504, 0.2214273864617078, 0.9497051253149454
-0.29887745073851163, 0.14121671791617388, 0.9437849903558715
-0.3663017832877093, 0.0664866247809925, 0.9281177362196434
-0.4226182617406992, 1.3045120539345583e-15, 0.90630778703665
-0.4226182617407003, 0.0, 0.9063077870366496
-0.4226182617407003, 0.0, 0.9063077870366496
-0.4226182617407003, 0.0, 0.9063077870366496
-0.4226182617407003, 0.0, 0.9063077870366496
-0.4226182617407003, 0.0, 0.9063077870366496
-0.4226182617407003, 0.0, 0.9063077870366496
-0.4226182617407003, 0.0, 0.9063077870366496
-0.4226182617407006, 3.885780586188048e-16, 0.9063077870366495
-0.3663017832877118, -0.06648662478098824, 0.9281177362196427
-0.29887745073851446, -0.1412167179161683, 0.9437849903558715
-0.22142738646170732, -0.22142738646170168, 0.9497051253149464
-0.14121671791617213, -0.2988774507385083, 0.9437849903558728
-0.06648662478098964, -0.36630178328770596, 0.928117736219645
1.4432899320127037e-15, -0.42261826174069494, 0.9063077870366522
6.982150666838977e-17, -0.42261826174069383, 0.9063077870366526
6.982150666838977e-17, -0.42261826174069383, 0.9063077870366526
6.982150666838977e-17, -0.42261826174069383, 0.9063077870366526
6.982150666838977e-17, -0.42261826174069383, 0.9063077870366526
6.982150666838977e-17, -0.42261826174069383, 0.9063077870366526
6.982150666838977e-17, -0.42261826174069383, 0.9063077870366526
6.982150666838977e-17, -0.42261826174069383, 0.9063077870366526
-4.163336342344337e-16, -0.42261826174069433, 0.9063077870366525
0.06648662478098874, -0.3663017832877058, 0.9281177362196452
0.1412167179161693, -0.2988774507385088, 0.9437849903558732
0.22142738646170199, -0.22142738646170346, 0.9497051253149473
0.2988774507385086, -0.14121671791616952, 0.9437849903558732
0.3663017832877056, -0.06648662478098893, 0.9281177362196451
0.42261826174069406, 2.775557561562891e-16, 0.9063077870366525
0.4226182617406938, 0.0, 0.9063077870366526
0.4226182617406938, 0.0, 0.9063077870366526
0.4226182617406938, 0.0, 0.9063077870366526
0.4226182617406938, 0.0, 0.9063077870366526
0.4226182617406938, 0.0, 0.9063077870366526
0.4226182617406938, 0.0, 0.9063077870366526
0.4226182617406938, 0.0, 0.9063077870366526
0.42261826174069483, -1.27675647831893e-15, 0.9063077870366523
0.36630178328770585, 0.06648662478098981, 0.928117736219645
0.29887745073850824, 0.14121671791617224, 0.9437849903558728
0.22142738646170224, 0.22142738646170687, 0.9497051253149464
0.14121671791616883, 0.29887745073851396, 0.9437849903558715
0.06648662478098878, 0.3663017832877114, 0.9281177362196429
1.1102230246251563e-16, 0.42261826174070016, 0.9063077870366496
-6.982150666839085e-17, 0.4226182617407003, 0.9063077870366496
-6.982150666839085e-17, 0.4226182617407003, 0.9063077870366496
-6.982150666839085e-17, 0.4226182617407003, 0.9063077870366496
-6.982150666839085e-17, 0.4226182617407003, 0.9063077870366496
-6.982150666839085e-17, 0.4226182617407003, 0.9063077870366496
-6.982150666839085e-17, 0.4226182617407003, 0.9063077870366496
-6.982150666839085e-17, 0.4226182617407003, 0.9063077870366496
8.88178419700125e-16, 0.4226182617407011, 0.9063077870366493
-0.06648662478098841, 0.36630178328771285, 0.9281177362196422
-0.14121671791617102, 0.2988774507385143, 0.943784990355871
-0.22142738646170504, 0.2214273864617078, 0.9497051253149454
-0.29887745073851285, 0.14121671791617255, 0.9437849903558713
-0.36630178328771096, 0.06648662478099059, 0.928117736219643
-0.4226182617406998, 6.383782391594647e-16, 0.9063077870366497
-0.4226182617407003, 0.0, 0.9063077870366496
-0.4226182617407003, 0.0, 0.9063077870366496
-0.4226182617407003, 0.0, 0.9063077870366496
-0.4226182617407003, 0.0, 0.9063077870366496
-0.4226182617407003, 0.0, 0.9063077870366496
-0.4226182617407003, 0.0, 0.9063077870366496
-0.4226182617407003, 0.0, 0.9063077870366496
-0.42261826174070116, 1.1102230246251565e-15, 0.9063077870366492
-0.3663017832877118, -0.06648662478098824, 0.9281177362196427
-0.29887745073851385, -0.14121671791616897, 0.9437849903558715
-0.22142738646170668, -0.22142738646170232, 0.9497051253149463
-0.14121671791617213, -0.2988774507385083, 0.9437849903558728
-0.06648662478098896, -0.36630178328770646, 0.9281177362196449
1.4432899320127037e-15, -0.42261826174069494, 0.9063077870366522
6.982150666838977e-17, -0.42261826174069383, 0.9063077870366526
6.982150666838977e-17, -0.42261826174069383, 0.9063077870366526
6.982150666838977e-17, -0.42261826174069383, 0.9063077870366526
6.982150666838977e-17, -0.42261826174069383, 0.9063077870366526
6.982150666838977e-17, -0.42261826174069383, 0.9063077870366526
6.982150666838977e-17, -0.42261826174069383, 0.9063077870366526
6.982150666838977e-17, -0.42261826174069383, 0.9063077870366526
-4.163336342344337e-16, -0.42261826174069433, 0.9063077870366525
0.06648662478098807, -0.36630178328770646, 0.928117736219645
0.1412167179161693, -0.2988774507385088, 0.9437849903558732
0.22142738646170135, -0.2214273864617041, 0.9497051253149473
0.2988774507385086, -0.14121671791616952, 0.9437849903558732
0.366301783287705, -0.06648662478098957, 0.9281177362196453
0.42261826174069406, 2.775557561562891e-16, 0.9063077870366525
0.4226182617406938, 0.0, 0.9063077870366526
0.4226182617406938, 0.0, 0.9063077870366526
0.4226182617406938, 0.0, 0.9063077870366526
0.4226182617406938, 0.0, 0.9063077870366526
0.4226182617406938, 0.0, 0.9063077870366526
0.4226182617406938, 0.0, 0.9063077870366526
0.4226182617406938, 0.0, 0.9063077870366526
0.42261826174069483, -1.27675647831893e-15, 0.9063077870366523
0.3663017832877064, 0.06648662478098916, 0.9281177362196449
0.29887745073850824, 0.14121671791617224, 0.9437849903558728
0.22142738646170285, 0.22142738646170623, 0.9497051253149464
0.14121671791616952, 0.2988774507385134, 0.9437849903558717
0.06648662478098878, 0.3663017832877114, 0.9281177362196429
1.1102230246251563e-16, 0.42261826174070016, 0.9063077870366496
-6.982150666839085e-17, 0.4226182617407003, 0.9063077870366496
-6.982150666839085e-17, 0.4226182617407003, 0.9063077870366496
-6.982150666839085e-17, 0.4226182617407003, 0.9063077870366496
-6.982150666839085e-17, 0.4226182617407003, 0.9063077870366496
-6.982150666839085e-17, 0.4226182617407003, 0.9063077870366496
-6.982150666839085e-17, 0.4226182617407003, 0.9063077870366496
-6.982150666839085e-17, 0.4226182617407003, 0.9063077870366496
8.88178419700125e-16, 0.4226182617407011, 0.9063077870366493
-0.06648662478098909, 0.3663017832877123, 0.9281177362196426
-0.14121671791617102, 0.2988774507385143, 0.943784990355871
-0.22142738646170504, 0.2214273864617078, 0.9497051253149454
-0.29887745073851163, 0.14121671791617388, 0.9437849903558715
-0.3663017832877093, 0.0664866247809925, 0.9281177362196434
-0.4226182617406992, 1.3045120539345583e-15, 0.90630778703665
-0.4226182617407003, 0.0, 0.9063077870366496
-0.4226182617407003, 0.0, 0.9063077870366496
-0.4226182617407003, 0.0, 0.9063077870366496
-0.4226182617407003, 0.0, 0.9063077870366496
-0.4226182617407003, 0.0, 0.9063077870366496
-0.4226182617407003, 0.0, 0.9063077870366496
-0.4226182617407003, 0.0, 0.9063077870366496
-0.42261826174070116, 1.1102230246251565e-15, 0.9063077870366492
-0.3663017832877124, -0.06648662478098766, 0.9281177362196427
-0.298877450738515, -0.1412167179161677, 0.9437849903558713
-0.22142738646170732, -0.22142738646170168, 0.9497051253149464
-0.1412167179161734, -0.2988774507385071, 0.943784990355873
-0.06648662478098964, -0.36630178328770596, 0.928117736219645
7.494005416219805e-16, -0.4226182617406943, 0.9063077870366523
6.982150666838977e-17, -0.42261826174069383, 0.9063077870366526
6.982150666838977e-17, -0.42261826174069383, 0.9063077870366526
6.982150666838977e-17, -0.42261826174069383, 0.9063077870366526
6.982150666838977e-17, -0.42261826174069383, 0.9063077870366526
6.982150666838977e-17, -0.42261826174069383, 0.9063077870366526
6.982150666838977e-17, -0.42261826174069383, 0.9063077870366526
6.982150666838977e-17, -0.42261826174069383, 0.9063077870366526
-4.163336342344337e-16, -0.42261826174069433, 0.9063077870366525
0.06648662478098807, -0.36630178328770646, 0.928117736219645
0.1412167179161693, -0.2988774507385088, 0.9437849903558732
0.22142738646170199, -0.22142738646170346, 0.9497051253149473
0.2988774507385086, -0.14121671791616952, 0.9437849903558732
0.3663017832877056, -0.06648662478098893, 0.9281177362196451
0.422618261740693, -1.0547118733938987e-15, 0.906307787036653
0.4226182617406938, 0.0, 0.9063077870366526
0.4226182617406938, 0.0, 0.9063077870366526
0.4226182617406938, 0.0, 0.9063077870366526
0.4226182617406938, 0.0, 0.9063077870366526
0.4226182617406938, 0.0, 0.9063077870366526
0.4226182617406938, 0.0, 0.9063077870366526
0.4226182617406938, 0.0, 0.9063077870366526
0.42261826174069533, -1.9428902930940236e-15, 0.9063077870366518
0.3663017832877064, 0.06648662478098916, 0.9281177362196449
0.29887745073850824, 0.14121671791617224, 0.9437849903558728
0.2214273864617016, 0.22142738646170748, 0.9497051253149464
0.14121671791616883, 0.29887745073851396, 0.9437849903558715
0.06648662478098878, 0.3663017832877114, 0.9281177362196429
1.1102230246251563e-16, 0.42261826174070016, 0.9063077870366496
-6.982150666839085e-17, 0.4226182617407003, 0.9063077870366496
-6.982150666839085e-17, 0.4226182617407003, 0.9063077870366496
-6.982150666839085e-17, 0.4226182617407003, 0.9063077870366496
-6.982150666839085e-17, 0.4226182617407003, 0.9063077870366496
-6.982150666839085e-17, 0.4226182617407003, 0.9063077870366496
-6.982150666839085e-17, 0.4226182617407003, 0.9063077870366496
-6.982150666839085e-17, 0.4226182617407003, 0.9063077870366496
8.88178419700125e-16, 0.4226182617407011, 0.9063077870366493
-0.06648662478098909, 0.3663017832877123, 0.9281177362196426
-0.14121671791617102, 0.2988774507385143, 0.943784990355871
-0.22142738646170504, 0.2214273864617078, 0.9497051253149454
-0.29887745073851163, 0.14121671791617388, 0.9437849903558715
-0.3663017832877093, 0.0664866247809925, 0.9281177362196434
-0.4226182617406992, 1.3045120539345583e-15, 0.90630778703665
-0.4226182617407003, 0.0, 0.9063077870366496
-0.4226182617407003, 0.0, 0.9063077870366496
-0.4226182617407003, 0.0, 0.9063077870366496
-0.4226182617407003, 0.0, 0.9063077870366496
-0.4226182617407003, 0.0, 0.9063077870366496
-0.4226182617407003, 0.0, 0.9063077870366496
-0.4226182617407003, 0.0, 0.9063077870366496
-0.42261826174070116, 1.1102230246251565e-15, 0.9063077870366492
-0.3663017832877118, -0.06648662478098824, 0.9281177362196427
-0.29887745073851446, -0.1412167179161683, 0.9437849903558715
-0.22142738646170732, -0.22142738646170168, 0.9497051253149464
-0.1412167179161728, -0.2988774507385077, 0.9437849903558729
-0.06648662478098964, -0.36630178328770596, 0.928117736219645
7.494005416219805e-16, -0.4226182617406943, 0.9063077870366523
6.982150666838977e-17, -0.42261826174069383, 0.9063077870366526
6.982150666838977e-17, -0.42261826174069383, 0.9063077870366526
6.982150666838977e-17, -0.42261826174069383, 0.9063077870366526
6.982150666838977e-17, -0.42261826174069383, 0.9063077870366526
6.982150666838977e-17, -0.42261826174069383, 0.9063077870366526
6.982150666838977e-17, -0.42261826174069383, 0.9063077870366526
6.982150666838977e-17, -0.42261826174069383, 0.9063077870366526
-4.163336342344337e-16, -0.42261826174069433, 0.9063077870366525
0.06648662478098741, -0.366301783287707, 0.9281177362196448
0.1412167179161693, -0.2988774507385088, 0.9437849903558732
0.22142738646170135, -0.2214273864617041, 0.9497051253149473
0.2988774507385086, -0.14121671791616952, 0.9437849903558732
0.366301783287705, -0.06648662478098957, 0.9281177362196453
0.42261826174069406, 2.775557561562891e-16, 0.9063077870366525
0.4226182617406938, 0.0, 0.9063077870366526
0.4226182617406938, 0.0, 0.9063077870366526
0.4226182617406938, 0.0, 0.9063077870366526
0.4226182617406938, 0.0, 0.9063077870366526
0.4226182617406938, 0.0, 0.9063077870366526
0.4226182617406938, 0.0, 0.9063077870366526
0.4226182617406938, 0.0, 0.9063077870366526
0.42261826174069483, -1.27675647831893e-15, 0.9063077870366523
0.36630178328770585, 0.06648662478098981, 0.928117736219645
0.29887745073850824, 0.14121671791617224, 0.9437849903558728
0.2214273864617016, 0.22142738646170748, 0.9497051253149464
0.14121671791616883, 0.29887745073851396, 0.9437849903558715
0.06648662478098878, 0.3663017832877114, 0.9281177362196429
1.1102230246251563e-16, 0.42261826174070016, 0.9063077870366496
-6.982150666839085e-17, 0.4226182617407003, 0.9063077870366496
-6.982150666839085e-17, 0.4226182617407003, 0.9063077870366496
-6.982150666839085e-17, 0.4226182617407003, 0.9063077870366496
-6.982150666839085e-17, 0.4226182617407003, 0.9063077870366496
-6.982150666839085e-17, 0.4226182617407003, 0.9063077870366496
-6.982150666839085e-17, 0.4226182617407003, 0.9063077870366496
-6.982150666839085e-17, 0.4226182617407003, 0.9063077870366496
8.88178419700125e-16, 0.4226182617407011, 0.9063077870366493
-0.06648662478098841, 0.36630178328771285, 0.9281177362196422
-0.14121671791617102, 0.2988774507385143, 0.943784990355871
-0.22142738646170504, 0.2214273864617078, 0.9497051253149454
-0.29887745073851285, 0.14121671791617255, 0.9437849903558713
-0.36630178328771096, 0.06648662478099059, 0.928117736219643
-0.4226182617406998, 6.383782391594647e-16, 0.9063077870366497
-0.4226182617407003, 0.0, 0.9063077870366496
-0.4226182617407003, 0.0, 0.9063077870366496
-0.4226182617407003, 0.0, 0.9063077870366496
-0.4226182617407003, 0.0, 0.9063077870366496
-0.4226182617407003, 0.0, 0.9063077870366496
-0.4226182617407003, 0.0, 0.9063077870366496
-0.4226182617407003, 0.0, 0.9063077870366496
-0.42261826174070116, 1.1102230246251565e-15, 0.9063077870366492
-0.3663017832877118, -0.06648662478098824, 0.9281177362196427
-0.29887745073851446, -0.1412167179161683, 0.9437849903558715
-0.22142738646170732, -0.22142738646170168, 0.9497051253149464
-0.1412167179161728, -0.2988774507385077, 0.9437849903558729
-0.06648662478098964, -0.36630178328770596, 0.928117736219645
7.494005416219805e-16, -0.4226182617406943, 0.9063077870366523
6.982150666838977e-17, -0.42261826174069383, 0.9063077870366526
6.982150666838977e-17, -0.42261826174069383, 0.9063077870366526
6.982150666838977e-17, -0.42261826174069383, 0.9063077870366526
6.982150666838977e-17, -0.42261826174069383, 0.9063077870366526
6.982150666838977e-17, -0.42261826174069383, 0.9063077870366526
6.982150666838977e-17, -0.42261826174069383, 0.9063077870366526
6.982150666838977e-17, -0.42261826174069383, 0.9063077870366526
-4.163336342344337e-16, -0.42261826174069433, 0.9063077870366525
0.06648662478098874, -0.3663017832877058, 0.9281177362196452
0.1412167179161693, -0.2988774507385088, 0.9437849903558732
0.22142738646170262, -0.22142738646170282, 0.9497051253149473
0.2988774507385086, -0.14121671791616952, 0.9437849903558732
0.3663017832877056, -0.06648662478098893, 0.9281177362196451
0.422618261740693, -1.0547118733938987e-15, 0.906307787036653
0.4226182617406938, 0.0, 0.9063077870366526
0.4226182617406938, 0.0, 0.9063077870366526
0.4226182617406938, 0.0, 0.9063077870366526
0.4226182617406938, 0.0, 0.9063077870366526
0.4226182617406938, 0.0, 0.9063077870366526
0.4226182617406938, 0.0, 0.9063077870366526
0.4226182617406938, 0.0, 0.9063077870366526
0.42261826174069483, -1.27675647831893e-15, 0.9063077870366523
0.3663017832877064, 0.06648662478098916, 0.9281177362196449
0.29887745073850824, 0.14121671791617224, 0.9437849903558728
0.2214273864617016, 0.22142738646170748, 0.9497051253149464
0.14121671791616883, 0.29887745073851396, 0.9437849903558715
0.06648662478098878, 0.3663017832877114, 0.9281177362196429
1.1102230246251563e-16, 0.42261826174070016, 0.9063077870366496
-6.982150666839085e-17, 0.4226182617407003, 0.9063077870366496
-6.982150666839085e-17, 0.4226182617407003, 0.9063077870366496
-6.982150666839085e-17, 0.4226182617407003, 0.9063077870366496
-6.982150666839085e-17, 0.4226182617407003, 0.9063077870366496
-6.982150666839085e-17, 0.4226182617407003, 0.9063077870366496
-6.982150666839085e-17, 0.4226182617407003, 0.9063077870366496
-6.982150666839085e-17, 0.4226182617407003, 0.9063077870366496
8.88178419700125e-16, 0.4226182617407011, 0.9063077870366493
-0.06648662478098841, 0.36630178328771285, 0.9281177362196422
-0.14121671791617102, 0.2988774507385143, 0.943784990355871
-0.22142738646170504, 0.2214273864617078, 0.9497051253149454
-0.29887745073851163, 0.14121671791617388, 0.9437849903558715
-0.3663017832877093, 0.0664866247809925, 0.9281177362196434
-0.4226182617406992, 1.3045120539345583e-15, 0.90630778703665
-0.4226182617407003, 0.0, 0.9063077870366496
-0.4226182617407003, 0.0, 0.9063077870366496
-0.4226182617407003, 0.0, 0.9063077870366496
-0.4226182617407003, 0.0, 0.9063077870366496
-0.4226182617407003, 0.0, 0.9063077870366496
-0.4226182617407003, 0.0, 0.9063077870366496
-0.4226182617407003, 0.0, 0.9063077870366496
-0.42261826174070116, 1.1102230246251565e-15, 0.9063077870366492
-0.3663017832877124, -0.06648662478098766, 0.9281177362196427
-0.298877450738515, -0.1412167179161677, 0.9437849903558713
-0.22142738646170793, -0.22142738646170107, 0.9497051253149463
-0.1412167179161734, -0.2988774507385071, 0.943784990355873
-0.06648662478099031, -0.3663017832877053, 0.9281177362196452
7.494005416219805e-16, -0.4226182617406943, 0.9063077870366523
6.982150666838977e-17, -0.42261826174069383, 0.9063077870366526
6.982150666838977e-17, -0.42261826174069383, 0.9063077870366526
6.982150666838977e-17, -0.42261826174069383, 0.9063077870366526
6.982150666838977e-17, -0.42261826174069383, 0.9063077870366526
6.982150666838977e-17, -0.42261826174069383, 0.9063077870366526
6.982150666838977e-17, -0.42261826174069383, 0.9063077870366526
6.982150666838977e-17, -0.42261826174069383, 0.9063077870366526
-4.163336342344337e-16, -0.42261826174069433, 0.9063077870366525
0.06648662478098874, -0.3663017832877058, 0.9281177362196452
0.1412167179161693, -0.2988774507385088, 0.9437849903558732
0.22142738646170199, -0.22142738646170346, 0.9497051253149473
0.2988774507385086, -0.14121671791616952, 0.9437849903558732
0.3663017832877056, -0.06648662478098893, 0.9281177362196451
0.42261826174069406, 2.775557561562891e-16, 0.9063077870366525
0.4226182617406938, 0.0, 0.9063077870366526
0.4226182617406938, 0.0, 0.9063077870366526
0.4226182617406938, 0.0, 0.9063077870366526
0.4226182617406938, 0.0, 0.9063077870366526
0.4226182617406938, 0.0, 0.9063077870366526
0.4226182617406938, 0.0, 0.9063077870366526
0.4226182617406938, 0.0, 0.9063077870366526
0.42261826174069483, -1.27675647831893e-15, 0.9063077870366523
0.3663017832877064, 0.06648662478098916, 0.9281177362196449
0.29887745073850824, 0.14121671791617224, 0.9437849903558728
0.22142738646170224, 0.22142738646170687, 0.9497051253149464
0.14121671791616883, 0.29887745073851396, 0.9437849903558715
0.06648662478098878, 0.3663017832877114, 0.9281177362196429
1.1102230246251563e-16, 0.42261826174070016, 0.9063077870366496
-6.982150666839085e-17, 0.4226182617407003, 0.9063077870366496
-6.982150666839085e-17, 0.4226182617407003, 0.9063077870366496
-6.982150666839085e-17, 0.4226182617407003, 0.9063077870366496
-6.982150666839085e-17, 0.4226182617407003, 0.9063077870366496
-6.982150666839085e-17, 0.4226182617407003, 0.9063077870366496
-6.982150666839085e-17, 0.4226182617407003, 0.9063077870366496
-6.982150666839085e-17, 0.4226182617407003, 0.9063077870366496
8.88178419700125e-16, 0.4226182617407011, 0.9063077870366493
-0.06648662478098841, 0.36630178328771285, 0.9281177362196422
-0.14121671791617102, 0.2988774507385143, 0.943784990355871
-0.22142738646170504, 0.2214273864617078, 0.9497051253149454
-0.29887745073851285, 0.14121671791617255, 0.9437849903558713
-0.36630178328771096, 0.06648662478099059, 0.928117736219643
-0.4226182617406998, 6.383782391594647e-16, 0.9063077870366497
-0.4226182617407003, 0.0, 0.9063077870366496
-0.4226182617407003, 0.0, 0.9063077870366496
-0.4226182617407003, 0.0, 0.9063077870366496
-0.4226182617407003, 0.0, 0.9063077870366496
-0.4226182617407003, 0.0, 0.9063077870366496
-0.4226182617407003, 0.0, 0.9063077870366496
-0.4226182617407003, 0.0, 0.9063077870366496
-0.42261826174070116, 1.1102230246251565e-15, 0.9063077870366492
-0.3663017832877118, -0.06648662478098824, 0.9281177362196427
-0.29887745073851446, -0.1412167179161683, 0.9437849903558715
-0.22142738646170732, -0.22142738646170168, 0.9497051253149464
-0.1412167179161728, -0.2988774507385077, 0.9437849903558729
-0.06648662478098964, -0.36630178328770596, 0.928117736219645
7.494005416219805e-16, -0.4226182617406943, 0.9063077870366523
6.982150666838977e-17, -0.42261826174069383, 0.9063077870366526
6.982150666838977e-17, -0.42261826174069383, 0.9063077870366526
6.982150666838977e-17, -0.42261826174069383, 0.9063077870366526
6.982150666838977e-17, -0.42261826174069383, 0.9063077870366526
6.982150666838977e-17, -0.42261826174069383, 0.9063077870366526
6.982150666838977e-17, -0.42261826174069383, 0.9063077870366526
6.982150666838977e-17, -0.42261826174069383, 0.9063077870366526
-4.163336342344337e-16, -0.42261826174069433, 0.9063077870366525
0.06648662478098874, -0.3663017832877058, 0.9281177362196452
0.1412167179161693, -0.2988774507385088, 0.9437849903558732
0.22142738646170199, -0.22142738646170346, 0.9497051253149473
0.2988774507385086, -0.14121671791616952, 0.9437849903558732
0.3663017832877056, -0.06648662478098893, 0.9281177362196451
0.4226182617406936, -3.3306690738754696e-16, 0.9063077870366528
0.4226182617406938, 0.0, 0.9063077870366526
0.4226182617406938, 0.0, 0.9063077870366526
0.4226182617406938, 0.0, 0.9063077870366526
0.4226182617406938, 0.0, 0.9063077870366526
0.4226182617406938, 0.0, 0.9063077870366526
0.4226182617406938, 0.0, 0.9063077870366526
0.4226182617406938, 0.0, 0.9063077870366526
0.42261826174069483, -1.27675647831893e-15, 0.9063077870366523
0.36630178328770585, 0.06648662478098981, 0.928117736219645
0.29887745073850824, 0.14121671791617224, 0.9437849903558728
0.22142738646170224, 0.22142738646170687, 0.9497051253149464
0.14121671791616883, 0.29887745073851396, 0.9437849903558715
0.06648662478098878, 0.3663017832877114, 0.9281177362196429
1.1102230246251563e-16, 0.42261826174070016, 0.9063077870366496
-6.982150666839085e-17, 0.4226182617407003, 0.9063077870366496
-6.982150666839085e-17, 0.4226182617407003, 0.9063077870366496
-6.982150666839085e-17, 0.4226182617407003, 0.9063077870366496
-6.982150666839085e-17, 0.4226182617407003, 0.9063077870366496
-6.982150666839085e-17, 0.4226182617407003, 0.9063077870366496
-6.982150666839085e-17, 0.4226182617407003, 0.9063077870366496
-6.982150666839085e-17, 0.4226182617407003, 0.9063077870366496
8.88178419700125e-16, 0.4226182617407011, 0.9063077870366493
-0.06648662478098841, 0.36630178328771285, 0.9281177362196422
-0.14121671791617102, 0.2988774507385143, 0.943784990355871
-0.22142738646170504, 0.2214273864617078, 0.9497051253149454
-0.29887745073851163, 0.14121671791617388, 0.9437849903558715
-0.3663017832877093, 0.0664866247809925, 0.9281177362196434
-0.4226182617406992, 1.3045120539345583e-15, 0.90630778703665
-0.4226182617407003, 0.0, 0.9063077870366496
-0.4226182617407003, 0.0, 0.9063077870366496
-0.4226182617407003, 0.0, 0.9063077870366496
-0.4226182617407003, 0.0, 0.9063077870366496
-0.4226182617407003, 0.0, 0.9063077870366496
-0.4226182617407003, 0.0, 0.9063077870366496
-0.4226182617407003, 0.0, 0.9063077870366496
-0.42261826174070116, 1.1102230246251565e-15, 0.9063077870366492
-0.3663017832877124, -0.06648662478098766, 0.9281177362196427
-0.29887745073851446, -0.1412167179161683, 0.9437849903558715
-0.22142738646170732, -0.22142738646170168, 0.9497051253149464
-0.1412167179161728, -0.2988774507385077, 0.9437849903558729
-0.06648662478098964, -0.36630178328770596, 0.928117736219645
7.494005416219805e-16, -0.4226182617406943, 0.9063077870366523
6.982150666838977e-17, -0.42261826174069383, 0.9063077870366526
6.982150666838977e-17, -0.42261826174069383, 0.9063077870366526
6.982150666838977e-17, -0.42261826174069383, 0.9063077870366526
6.982150666838977e-17, -0.42261826174069383, 0.9063077870366526
6.982150666838977e-17, -0.42261826174069383, 0.9063077870366526
6.982150666838977e-17, -0.42261826174069383, 0.9063077870366526
6.982150666838977e-17, -0.42261826174069383, 0.9063077870366526
-4.163336342344337e-16, -0.42261826174069433, 0.9063077870366525
0.06648662478098874, -0.3663017832877058, 0.9281177362196452
0.1412167179161693, -0.2988774507385088, 0.9437849903558732
0.22142738646170262, -0.22142738646170282, 0.9497051253149473
0.2988774507385086, -0.14121671791616952, 0.9437849903558732
0.3663017832877056, -0.06648662478098893, 0.9281177362196451
0.42261826174069406, 2.775557561562891e-16, 0.9063077870366525
0.4226182617406938, 0.0, 0.9063077870366526
0.4226182617406938, 0.0, 0.9063077870366526
0.4226182617406938, 0.0, 0.9063077870366526
0.4226182617406938, 0.0, 0.9063077870366526
0.4226182617406938, 0.0, 0.9063077870366526
0.4226182617406938, 0.0, 0.9063077870366526
0.4226182617406938, 0.0, 0.9063077870366526
0.42261826174069483, -1.27675647831893e-15, 0.9063077870366523
0.3663017832877064, 0.06648662478098916, 0.9281177362196449
0.29887745073850824, 0.14121671791617224, 0.9437849903558728
0.22142738646170285, 0.22142738646170623, 0.9497051253149464
0.14121671791616952, 0.2988774507385134, 0.9437849903558717
0.06648662478098878, 0.3663017832877114, 0.9281177362196429
1.1102230246251563e-16, 0.42261826174070016, 0.9063077870366496
-6.982150666839085e-17, 0.4226182617407003, 0.9063077870366496
-6.982150666839085e-17, 0.4226182617407003, 0.9063077870366496
-6.982150666839085e-17, 0.4226182617407003, 0.9063077870366496
-6.982150666839085e-17, 0.4226182617407003, 0.9063077870366496
-6.982150666839085e-17, 0.4226182617407003, 0.9063077870366496
-6.982150666839085e-17, 0.4226182617407003, 0.9063077870366496
-6.982150666839085e-17, 0.4226182617407003, 0.9063077870366496
8.88178419700125e-16, 0.4226182617407011, 0.9063077870366493
-0.06648662478098841, 0.36630178328771285, 0.9281177362196422
-0.14121671791617102, 0.2988774507385143, 0.943784990355871
-0.22142738646170504, 0.2214273864617078, 0.9497051253149454
-0.29887745073851163, 0.14121671791617388, 0.9437849903558715
-0.3663017832877093, 0.0664866247809925, 0.9281177362196434
-0.4226182617406992, 1.3045120539345583e-15, 0.90630778703665
-0.4226182617407003, 0.0, 0.9063077870366496
-0.4226182617407003, 0.0, 0.9063077870366496
-0.4226182617407003, 0.0, 0.9063077870366496
-0.4226182617407003, 0.0, 0.9063077870366496
-0.4226182617407003, 0.0, 0.9063077870366496
-0.4226182617407003, 0.0, 0.9063077870366496
-0.4226182617407003, 0.0, 0.9063077870366496
-0.42261826174070116, 1.1102230246251565e-15, 0.9063077870366492
-0.3663017832877124, -0.06648662478098766, 0.9281177362196427
-0.29887745073851446, -0.1412167179161683, 0.9437849903558715
-0.22142738646170732, -0.22142738646170168, 0.9497051253149464
-0.1412167179161728, -0.2988774507385077, 0.9437849903558729
-0.06648662478098964, -0.36630178328770596, 0.928117736219645
7.494005416219805e-16, -0.4226182617406943, 0.9063077870366523
6.982150666838977e-17, -0.42261826174069383, 0.9063077870366526
6.982150666838977e-17, -0.42261826174069383, 0.9063077870366526
6.982150666838977e-17, -0.42261826174069383, 0.9063077870366526
6.982150666838977e-17, -0.42261826174069383, 0.9063077870366526
6.982150666838977e-17, -0.42261826174069383, 0.9063077870366526
6.982150666838977e-17, -0.42261826174069383, 0.9063077870366526
6.982150666838977e-17, -0.42261826174069383, 0.9063077870366526
-4.163336342344337e-16, -0.42261826174069433, 0.9063077870366525
0.06648662478098874, -0.3663017832877058, 0.9281177362196452
0.1412167179161693, -0.2988774507385088, 0.9437849903558732
0.22142738646170199, -0.22142738646170346, 0.9497051253149473
0.2988774507385086, -0.14121671791616952, 0.9437849903558732
0.3663017832877056, -0.06648662478098893, 0.9281177362196451
0.4226182617406936, -3.3306690738754696e-16, 0.9063077870366528
0.4226182617406938, 0.0, 0.9063077870366526
0.4226182617406938, 0.0, 0.9063077870366526
0.4226182617406938, 0.0, 0.9063077870366526
0.4226182617406938, 0.0, 0.9063077870366526
0.4226182617406938, 0.0, 0.9063077870366526
0.4226182617406938, 0.0, 0.9063077870366526
0.4226182617406938, 0.0, 0.9063077870366526
0.4226182617406943, -6.10622663543836e-16, 0.9063077870366524
0.3663017832877064, 0.06648662478098916, 0.9281177362196449
0.29887745073850824, 0.14121671791617224, 0.9437849903558728
0.22142738646170285, 0.22142738646170623, 0.9497051253149464
0.14121671791616952, 0.2988774507385134, 0.9437849903558717
0.06648662478098945, 0.36630178328771085, 0.928117736219643
1.1102230246251563e-16, 0.42261826174070016, 0.9063077870366496
-6.982150666839085e-17, 0.4226182617407003, 0.9063077870366496
-6.982150666839085e-17, 0.4226182617407003, 0.9063077870366496
-6.982150666839085e-17, 0.4226182617407003, 0.9063077870366496
-6.982150666839085e-17, 0.4226182617407003, 0.9063077870366496
-6.982150666839085e-17, 0.4226182617407003, 0.9063077870366496
-6.982150666839085e-17, 0.4226182617407003, 0.9063077870366496
-6.982150666839085e-17, 0.4226182617407003, 0.9063077870366496
8.88178419700125e-16, 0.4226182617407011, 0.9063077870366493
-0.06648662478098841, 0.36630178328771285, 0.9281177362196422
-0.14121671791617102, 0.2988774507385143, 0.943784990355871
-0.22142738646170504, 0.2214273864617078, 0.9497051253149454
-0.29887745073851163, 0.14121671791617388, 0.9437849903558715
-0.3663017832877093, 0.0664866247809925, 0.9281177362196434
-0.4226182617406992, 1.3045120539345583e-15, 0.90630778703665
-0.4226182617407003, 0.0, 0.9063077870366496
-0.4226182617407003, 0.0, 0.9063077870366496
-0.4226182617407003, 0.0, 0.9063077870366496
-0.4226182617407003, 0.0, 0.9063077870366496
-0.4226182617407003, 0.0, 0.9063077870366496
-0.4226182617407003, 0.0, 0.9063077870366496
-0.4226182617407003, 0.0, 0.9063077870366496
-0.42261826174070116, 1.1102230246251565e-15, 0.9063077870366492
-0.3663017832877124, -0.06648662478098766, 0.9281177362196427
-0.29887745073851446, -0.1412167179161683, 0.9437849903558715
-0.22142738646170793, -0.22142738646170107, 0.9497051253149463
-0.1412167179161728, -0.2988774507385077, 0.9437849903558729
-0.06648662478099031, -0.3663017832877053, 0.9281177362196452
7.494005416219805e-16, -0.4226182617406943, 0.9063077870366523
6.982150666838977e-17, -0.42261826174069383, 0.9063077870366526
6.982150666838977e-17, -0.42261826174069383, 0.9063077870366526
6.982150666838977e-17, -0.42261826174069383, 0.9063077870366526
6.982150666838977e-17, -0.42261826174069383, 0.9063077870366526
6.982150666838977e-17, -0.42261826174069383, 0.9063077870366526
6.982150666838977e-17, -0.42261826174069383, 0.9063077870366526
6.982150666838977e-17, -0.42261826174069383, 0.9063077870366526
-4.163336342344337e-16, -0.42261826174069433, 0.9063077870366525
0.06648662478098874, -0.3663017832877058, 0.9281177362196452
0.1412167179161693, -0.2988774507385088, 0.9437849903558732
0.22142738646170199, -0.22142738646170346, 0.9497051253149473
0.2988774507385086, -0.14121671791616952, 0.9437849903558732
0.3663017832877056, -0.06648662478098893, 0.9281177362196451
0.42261826174069406, 2.775557561562891e-16, 0.9063077870366525
0.4226182617406938, 0.0, 0.9063077870366526
0.4226182617406938, 0.0, 0.9063077870366526
0.4226182617406938, 0.0, 0.9063077870366526
0.4226182617406938, 0.0, 0.9063077870366526
0.4226182617406938, 0.0, 0.9063077870366526
0.4226182617406938, 0.0, 0.9063077870366526
0.4226182617406938, 0.0, 0.9063077870366526
0.42261826174069483, -1.27675647831893e-15, 0.9063077870366523
0.3663017832877064, 0.06648662478098916, 0.9281177362196449
0.29887745073850824, 0.14121671791617224, 0.9437849903558728
0.22142738646170285, 0.22142738646170623, 0.9497051253149464
0.14121671791616952, 0.2988774507385134, 0.9437849903558717
0.06648662478098945, 0.36630178328771085, 0.928117736219643
1.1102230246251563e-16, 0.42261826174070016, 0.9063077870366496
-6.982150666839085e-17, 0.4226182617407003, 0.9063077870366496
-6.982150666839085e-17, 0.4226182617407003, 0.9063077870366496
-6.982150666839085e-17, 0.4226182617407003, 0.9063077870366496
-6.982150666839085e-17, 0.4226182617407003, 0.9063077870366496
-6.982150666839085e-17, 0.4226182617407003, 0.9063077870366496
-6.982150666839085e-17, 0.4226182617407003, 0.9063077870366496
-6.982150666839085e-17, 0.4226182617407003, 0.9063077870366496
8.88178419700125e-16, 0.4226182617407011, 0.9063077870366493
-0.06648662478098841, 0.36630178328771285, 0.9281177362196422
-0.14121671791617102, 0.2988774507385143, 0.943784990355871
-0.22142738646170568, 0.22142738646170715, 0.9497051253149456
-0.29887745073851285, 0.14121671791617255, 0.9437849903558713
-0.36630178328771096, 0.06648662478099059, 0.928117736219643
-0.4226182617406998, 6.383782391594647e-16, 0.9063077870366497
-0.4226182617407003, 0.0, 0.9063077870366496
-0.4226182617407003, 0.0, 0.9063077870366496
-0.4226182617407003, 0.0, 0.9063077870366496
-0.4226182617407003, 0.0, 0.9063077870366496
-0.4226182617407003, 0.0, 0.9063077870366496
-0.4226182617407003, 0.0, 0.9063077870366496
-0.4226182617407003, 0.0, 0.9063077870366496
-0.42261826174070116, 1.1102230246251565e-15, 0.9063077870366492
-0.3663017832877124, -0.06648662478098766, 0.9281177362196427
-0.298877450738515, -0.1412167179161677, 0.9437849903558713
-0.22142738646170793, -0.22142738646170107, 0.9497051253149463
-0.1412167179161728, -0.2988774507385077, 0.9437849903558729
-0.06648662478098964, -0.36630178328770596, 0.928117736219645
7.494005416219805e-16, -0.4226182617406943, 0.9063077870366523
6.982150666838977e-17, -0.42261826174069383, 0.9063077870366526
6.982150666838977e-17, -0.42261826174069383, 0.9063077870366526
6.982150666838977e-17, -0.42261826174069383, 0.9063077870366526
6.982150666838977e-17, -0.42261826174069383, 0.9063077870366526
6.982150666838977e-17, -0.42261826174069383, 0.9063077870366526
6.982150666838977e-17, -0.42261826174069383, 0.9063077870366526
6.982150666838977e-17, -0.42261826174069383, 0.9063077870366526
-4.163336342344337e-16, -0.42261826174069433, 0.9063077870366525
0.06648662478098874, -0.3663017832877058, 0.9281177362196452
0.1412167179161693, -0.2988774507385088, 0.9437849903558732
0.22142738646170262, -0.22142738646170282, 0.9497051253149473
0.2988774507385086, -0.14121671791616952, 0.9437849903558732
0.366301783287705, -0.06648662478098957, 0.9281177362196453
0.4226182617406936, -3.3306690738754696e-16, 0.9063077870366528
0.4226182617406938, 0.0, 0.9063077870366526
0.4226182617406938, 0.0, 0.9063077870366526
0.4226182617406938, 0.0, 0.9063077870366526
0.4226182617406938, 0.0, 0.9063077870366526
0.4226182617406938, 0.0, 0.9063077870366526
0.4226182617406938, 0.0, 0.9063077870366526
0.4226182617406938, 0.0, 0.9063077870366526
0.42261826174069483, -1.27675647831893e-15, 0.9063077870366523
0.36630178328770585, 0.06648662478098981, 0.928117736219645
0.29887745073850824, 0.14121671791617224, 0.9437849903558728
0.22142738646170285, 0.22142738646170623, 0.9497051253149464
0.1412167179161701, 0.29887745073851274, 0.9437849903558716
0.06648662478098945, 0.36630178328771085, 0.928117736219643
1.1102230246251563e-16, 0.42261826174070016, 0.9063077870366496
-6.982150666839085e-17, 0.4226182617407003, 0.9063077870366496
-6.982150666839085e-17, 0.4226182617407003, 0.9063077870366496
-6.982150666839085e-17, 0.4226182617407003, 0.9063077870366496
-6.982150666839085e-17, 0.4226182617407003, 0.9063077870366496
-6.982150666839085e-17, 0.4226182617407003, 0.9063077870366496
-6.982150666839085e-17, 0.4226182617407003, 0.9063077870366496
-6.982150666839085e-17, 0.4226182617407003, 0.9063077870366496
8.88178419700125e-16, 0.4226182617407011, 0.9063077870366493
-0.06648662478098841, 0.36630178328771285, 0.9281177362196422
-0.14121671791617102, 0.2988774507385143, 0.943784990355871
-0.22142738646170504, 0.2214273864617078, 0.9497051253149454
-0.29887745073851285, 0.14121671791617255, 0.9437849903558713
-0.36630178328771096, 0.06648662478099059, 0.928117736219643
-0.4226182617406998, 6.383782391594647e-16, 0.9063077870366497
-0.4226182617407003, 0.0, 0.9063077870366496
-0.4226182617407003, 0.0, 0.9063077870366496
-0.4226182617407003, 0.0, 0.9063077870366496
-0.4226182617407003, 0.0, 0.9063077870366496
-0.4226182617407003, 0.0, 0.9063077870366496
-0.4226182617407003, 0.0, 0.9063077870366496
-0.4226182617407003, 0.0, 0.9063077870366496
-0.42261826174070116, 1.1102230246251565e-15, 0.9063077870366492
-0.3663017832877124, -0.06648662478098766, 0.9281177362196427
-0.29887745073851446, -0.1412167179161683, 0.9437849903558715
-0.22142738646170732, -0.22142738646170168, 0.9497051253149464
-0.1412167179161728, -0.2988774507385077, 0.9437849903558729
-0.06648662478098964, -0.36630178328770596, 0.928117736219645
7.494005416219805e-16, -0.4226182617406943, 0.9063077870366523
6.982150666838977e-17, -0.42261826174069383, 0.9063077870366526
6.982150666838977e-17, -0.42261826174069383, 0.9063077870366526
6.982150666838977e-17, -0.42261826174069383, 0.9063077870366526
6.982150666838977e-17, -0.42261826174069383, 0.9063077870366526
6.982150666838977e-17, -0.42261826174069383, 0.9063077870366526
6.982150666838977e-17, -0.42261826174069383, 0.9063077870366526
6.982150666838977e-17, -0.42261826174069383, 0.9063077870366526
-4.163336342344337e-16, -0.42261826174069433, 0.9063077870366525
0.06648662478098807, -0.36630178328770646, 0.928117736219645
0.1412167179161687, -0.2988774507385094, 0.943784990355873
0.22142738646170199, -0.22142738646170346, 0.9497051253149473
0.29887745073850797, -0.1412167179161702, 0.9437849903558733
0.366301783287705, -0.06648662478098957, 0.9281177362196453
0.42261826174069406, 2.775557561562891e-16, 0.9063077870366525
0.4226182617406938, 0.0, 0.9063077870366526
0.4226182617406938, 0.0, 0.9063077870366526
0.4226182617406938, 0.0, 0.9063077870366526
0.4226182617406938, 0.0, 0.9063077870366526
0.4226182617406938, 0.0, 0.9063077870366526
0.4226182617406938, 0.0, 0.9063077870366526
0.4226182617406938, 0.0, 0.9063077870366526
0.42261826174069483, -1.27675647831893e-15, 0.9063077870366523
0.36630178328770585, 0.06648662478098981, 0.928117736219645
0.29887745073850824, 0.14121671791617224, 0.9437849903558728
0.22142738646170285, 0.22142738646170623, 0.9497051253149464
0.1412167179161701, 0.29887745073851274, 0.9437849903558716
0.06648662478098878, 0.3663017832877114, 0.9281177362196429
1.1102230246251563e-16, 0.42261826174070016, 0.9063077870366496
-6.982150666839085e-17, 0.4226182617407003, 0.9063077870366496
-6.982150666839085e-17, 0.4226182617407003, 0.9063077870366496
-6.982150666839085e-17, 0.4226182617407003, 0.9063077870366496
-6.982150666839085e-17, 0.4226182617407003, 0.9063077870366496
-6.982150666839085e-17, 0.4226182617407003, 0.9063077870366496
-6.982150666839085e-17, 0.4226182617407003, 0.9063077870366496
-6.982150666839085e-17, 0.4226182617407003, 0.9063077870366496
8.88178419700125e-16, 0.4226182617407011, 0.9063077870366493
-0.06648662478098841, 0.36630178328771285, 0.9281177362196422
-0.14121671791617102, 0.2988774507385143, 0.943784990355871
-0.22142738646170504, 0.2214273864617078, 0.9497051253149454
-0.29887745073851285, 0.14121671791617255, 0.9437849903558713
-0.36630178328771096, 0.06648662478099059, 0.928117736219643
-0.4226182617406998, 6.383782391594647e-16, 0.9063077870366497
-0.4226182617407003, 0.0, 0.9063077870366496
-0.4226182617407003, 0.0, 0.9063077870366496
-0.4226182617407003, 0.0, 0.9063077870366496
-0.4226182617407003, 0.0, 0.9063077870366496
-0.4226182617407003, 0.0, 0.9063077870366496
-0.4226182617407003, 0.0, 0.9063077870366496
-0.4226182617407003, 0.0, 0.9063077870366496
-0.42261826174070116, 1.1102230246251565e-15, 0.9063077870366492
-0.3663017832877124, -0.06648662478098766, 0.9281177362196427
-0.29887745073851446, -0.1412167179161683, 0.9437849903558715
-0.22142738646170732, -0.22142738646170168, 0.9497051253149464
-0.1412167179161728, -0.2988774507385077, 0.9437849903558729
-0.06648662478098964, -0.36630178328770596, 0.928117736219645
1.1102230246251565e-16, -0.42261826174069383, 0.9063077870366526
6.982150666838977e-17, -0.42261826174069383, 0.9063077870366526
6.982150666838977e-17, -0.42261826174069383, 0.9063077870366526
6.982150666838977e-17, -0.42261826174069383, 0.9063077870366526
6.982150666838977e-17, -0.42261826174069383, 0.9063077870366526
6.982150666838977e-17, -0.42261826174069383, 0.9063077870366526
6.982150666838977e-17, -0.42261826174069383, 0.9063077870366526
6.982150666838977e-17, -0.42261826174069383, 0.9063077870366526
-4.163336342344337e-16, -0.42261826174069433, 0.9063077870366525
0.06648662478098874, -0.3663017832877058, 0.9281177362196452
0.1412167179161693, -0.2988774507385088, 0.9437849903558732
0.22142738646170199, -0.22142738646170346, 0.9497051253149473
0.2988774507385086, -0.14121671791616952, 0.9437849903558732
0.3663017832877056, -0.06648662478098893, 0.9281177362196451
0.422618261740693, -1.0547118733938987e-15, 0.906307787036653
0.4226182617406938, 0.0, 0.9063077870366526
0.4226182617406938, 0.0, 0.9063077870366526
0.4226182617406938, 0.0, 0.9063077870366526
0.4226182617406938, 0.0, 0.9063077870366526
0.4226182617406938, 0.0, 0.9063077870366526
0.4226182617406938, 0.0, 0.9063077870366526
0.4226182617406938, 0.0, 0.9063077870366526
0.42261826174069483, -1.27675647831893e-15, 0.9063077870366523
0.3663017832877064, 0.06648662478098916, 0.9281177362196449
0.2988774507385088, 0.14121671791617166, 0.9437849903558727
0.22142738646170285, 0.22142738646170623, 0.9497051253149464
0.14121671791616952, 0.2988774507385134, 0.9437849903558717
0.06648662478098878, 0.3663017832877114, 0.9281177362196429
1.1102230246251563e-16, 0.42261826174070016, 0.9063077870366496
-6.982150666839085e-17, 0.4226182617407003, 0.9063077870366496
-6.982150666839085e-17, 0.4226182617407003, 0.9063077870366496
-6.982150666839085e-17, 0.4226182617407003, 0.9063077870366496
-6.982150666839085e-17, 0.4226182617407003, 0.9063077870366496
-6.982150666839085e-17, 0.4226182617407003, 0.9063077870366496
-6.982150666839085e-17, 0.4226182617407003, 0.9063077870366496
-6.982150666839085e-17, 0.4226182617407003, 0.9063077870366496
8.88178419700125e-16, 0.4226182617407011, 0.9063077870366493
-0.06648662478098841, 0.36630178328771285, 0.9281177362196422
-0.14121671791617102, 0.2988774507385143, 0.943784990355871
-0.22142738646170504, 0.2214273864617078, 0.9497051253149454
-0.29887745073851285, 0.14121671791617255, 0.9437849903558713
-0.36630178328771096, 0.06648662478099059, 0.928117736219643
-0.4226182617406998, 6.383782391594647e-16, 0.9063077870366497
-0.4226182617407003, 0.0, 0.9063077870366496
-0.4226182617407003, 0.0, 0.9063077870366496
-0.4226182617407003, 0.0, 0.9063077870366496
-0.4226182617407003, 0.0, 0.9063077870366496
-0.4226182617407003, 0.0, 0.9063077870366496
-0.4226182617407003, 0.0, 0.9063077870366496
-0.4226182617407003, 0.0, 0.9063077870366496
-0.42261826174070116, 1.1102230246251565e-15, 0.9063077870366492
-0.3663017832877124, -0.06648662478098766, 0.9281177362196427
-0.29887745073851446, -0.1412167179161683, 0.9437849903558715
-0.22142738646170793, -0.22142738646170107, 0.9497051253149463
-0.1412167179161728, -0.2988774507385077, 0.9437849903558729
-0.06648662478098964, -0.36630178328770596, 0.928117736219645
7.494005416219805e-16, -0.4226182617406943, 0.9063077870366523
6.982150666838977e-17, -0.42261826174069383, 0.9063077870366526
6.982150666838977e-17, -0.42261826174069383, 0.9063077870366526
6.982150666838977e-17, -0.42261826174069383, 0.9063077870366526
6.982150666838977e-17, -0.42261826174069383, 0.9063077870366526
6.982150666838977e-17, -0.42261826174069383, 0.9063077870366526
6.982150666838977e-17, -0.42261826174069383, 0.9063077870366526
6.982150666838977e-17, -0.42261826174069383, 0.9063077870366526
-4.163336342344337e-16, -0.42261826174069433, 0.9063077870366525
0.06648662478098874, -0.3663017832877058, 0.9281177362196452
0.14121671791616994, -0.2988774507385082, 0.9437849903558733
0.22142738646170262, -0.22142738646170282, 0.9497051253149473
0.2988774507385086, -0.14121671791616952, 0.9437849903558732
0.3663017832877056, -0.06648662478098893, 0.9281177362196451
0.42261826174069406, 2.775557561562891e-16, 0.9063077870366525
0.4226182617406938, 0.0, 0.9063077870366526
0.4226182617406938, 0.0, 0.9063077870366526
0.4226182617406938, 0.0, 0.9063077870366526
0.4226182617406938, 0.0, 0.9063077870366526
0.4226182617406938, 0.0, 0.9063077870366526
0.4226182617406938, 0.0, 0.9063077870366526
0.4226182617406938, 0.0, 0.9063077870366526
0.42261826174069483, -1.27675647831893e-15, 0.9063077870366523
0.36630178328770585, 0.06648662478098981, 0.928117736219645
0.29887745073850824, 0.14121671791617224, 0.9437849903558728
0.22142738646170285, 0.22142738646170623, 0.9497051253149464
0.14121671791616952, 0.2988774507385134, 0.9437849903558717
0.06648662478098878, 0.3663017832877114, 0.9281177362196429
1.1102230246251563e-16, 0.42261826174070016, 0.9063077870366496
-6.982150666839085e-17, 0.4226182617407003, 0.9063077870366496
-6.982150666839085e-17, 0.4226182617407003, 0.9063077870366496
-6.982150666839085e-17, 0.4226182617407003, 0.9063077870366496
-6.982150666839085e-17, 0.4226182617407003, 0.9063077870366496
-6.982150666839085e-17, 0.4226182617407003, 0.9063077870366496
-6.982150666839085e-17, 0.4226182617407003, 0.9063077870366496
-6.982150666839085e-17, 0.4226182617407003, 0.9063077870366496
8.88178419700125e-16, 0.4226182617407011, 0.9063077870366493
-0.06648662478098841, 0.36630178328771285, 0.9281177362196422
-0.14121671791617102, 0.2988774507385143, 0.943784990355871
-0.22142738646170504, 0.2214273864617078, 0.9497051253149454
-0.29887745073851163, 0.14121671791617388, 0.9437849903558715
-0.3663017832877093, 0.0664866247809925, 0.9281177362196434
-0.4226182617406992, 1.3045120539345583e-15, 0.90630778703665
-0.4226182617407003, 0.0, 0.9063077870366496
-0.4226182617407003, 0.0, 0.9063077870366496
-0.4226182617407003, 0.0, 0.9063077870366496
-0.4226182617407003, 0.0, 0.9063077870366496
-0.4226182617407003, 0.0, 0.9063077870366496
-0.4226182617407003, 0.0, 0.9063077870366496
-0.4226182617407003, 0.0, 0.9063077870366496
-0.42261826174070116, 1.1102230246251565e-15, 0.9063077870366492
-0.3663017832877124, -0.06648662478098766, 0.9281177362196427
-0.29887745073851446, -0.1412167179161683, 0.9437849903558715
-0.22142738646170793, -0.22142738646170107, 0.9497051253149463
-0.1412167179161728, -0.2988774507385077, 0.9437849903558729
-0.06648662478098964, -0.36630178328770596, 0.928117736219645
1.1102230246251565e-16, -0.42261826174069383, 0.9063077870366526
