2.604049983950549e-17, -0.15761892434230437, 0.987500012500848
2.604049983950549e-17, -0.15761892434230437, 0.987500012500848
-1.0528320873957161e-06, -0.15761892434221922, 0.9875000125003003
0.15761892434221797, 1.052840522726069e-06, 0.9875000125003006
0.15761892434230446, 0.0, 0.987500012500848
0.15761892434230446, 0.0, 0.987500012500848
0.15761892434223, -1.0528392434413375e-06, 0.9875000125002986
-1.0528368871251218e-06, 0.15761892434221694, 0.9875000125003007
-2.6040499839505496e-17, 0.15761892434230437, 0.987500012500848
-2.6040499839505496e-17, 0.15761892434230437, 0.987500012500848
1.052836619887918e-06, 0.15761892434221755, 0.9875000125003006
-0.15761892434221822, -1.0528357188307308e-06, 0.9875000125003006
-0.15761892434230457, 0.0, 0.987500012500848
-0.15761892434230457, 0.0, 0.987500012500848
-0.15761892434221603, 1.0528391133525931e-06, 0.9875000125003008
1.0528398581330897e-06, -0.15761892434221078, 0.9875000125003016
-0.055432759253299574, -0.37590183036930924, 0.9250000125008481
-0.37590183036930797, -0.05543275925330693, 0.9250000125008481
-0.05542248385412046, -0.37592857122122186, 0.9249897608206322
1.1459848530981488e-06, -0.3799670734066811, 0.9250000125002422
6.277502879402036e-17, -0.3799670734069354, 0.9250000125008477
6.277502879402036e-17, -0.3799670734069354, 0.9250000125008477
-1.1459828149260836e-06, -0.3799670734066831, 0.9250000125002416
0.05542248385615893, -0.37592857122273504, 0.9249897608198951
0.05543275925329874, -0.37590183036930924, 0.925000012500848
0.375901830369309, -0.055432759253298935, 0.9250000125008482
0.3759285712193315, -0.05542248385505766, 0.9249897608213443
0.37996707340669084, 1.1459862290613087e-06, 0.9250000125002382
0.3799670734069355, 0.0, 0.9250000125008477
0.3799670734069355, 0.0, 0.9250000125008477
0.37996707340668695, -1.1459840900996496e-06, 0.92500001250024
0.3759285712209811, 0.05542248385486735, 0.9249897608206853
0.3759018303693091, 0.05543275925329973, 0.925000012500848
0.05543275925330547, 0.37590183036930913, 0.9250000125008475
0.05542248385332909, 0.3759285712217689, 0.9249897608204574
-1.1459834963057293e-06, 0.37996707340668545, 0.9250000125002407
-6.277502879402036e-17, 0.3799670734069354, 0.9250000125008477
-6.277502879402036e-17, 0.3799670734069354, 0.9250000125008477
1.1459836750108214e-06, 0.3799670734066858, 0.9250000125002404
-0.05542248385514794, 0.3759285712219064, 0.9249897608202925
-0.05543275925330694, 0.3759018303693089, 0.9250000125008477
-0.3759018303693081, 0.0554327592533078, 0.925000012500848
-0.37592857122320367, 0.055422483856050045, 0.9249897608197113
-0.3799670734066861, -1.1459823021567365e-06, 0.9250000125002404
-0.37996707340693525, 0.0, 0.925000012500848
-0.37996707340693525, 0.0, 0.925000012500848
-0.3799670734066846, 1.1459840049358978e-06, 0.9250000125002409
-0.3759285712225193, -0.05542248385380837, 0.9249897608201236
6.982150666838977e-17, -0.42261826174069383, 0.9063077870366526
6.982150666838977e-17, -0.42261826174069383, 0.9063077870366526
-1.0824674490095274e-15, -0.4226182617406948, 0.906307787036652
0.42261826174069406, 2.775557561562891e-16, 0.9063077870366525
0.4226182617406938, 0.0, 0.9063077870366526
0.4226182617406938, 0.0, 0.9063077870366526
0.42261826174069533, -1.9428902930940236e-15, 0.9063077870366518
1.1102230246251563e-16, 0.42261826174070016, 0.9063077870366496
-6.982150666839085e-17, 0.4226182617407003, 0.9063077870366496
-6.982150666839085e-17, 0.4226182617407003, 0.9063077870366496
8.88178419700125e-16, 0.4226182617407011, 0.9063077870366493
-0.4226182617406998, 6.383782391594647e-16, 0.9063077870366497
-0.4226182617407003, 0.0, 0.9063077870366496
-0.4226182617407003, 0.0, 0.9063077870366496
-0.42261826174070116, 1.1102230246251565e-15, 0.9063077870366492
7.494005416219805e-16, -0.4226182617406943, 0.9063077870366523
6.982150666838977e-17, -0.42261826174069383, 0.9063077870366526
6.982150666838977e-17, -0.42261826174069383, 0.9063077870366526
-4.163336342344337e-16, -0.42261826174069433, 0.9063077870366525
0.42261826174069406, 2.775557561562891e-16, 0.9063077870366525
0.4226182617406938, 0.0, 0.9063077870366526
0.4226182617406938, 0.0, 0.9063077870366526
0.4226182617406943, -6.10622663543836e-16, 0.9063077870366524
1.1102230246251563e-16, 0.42261826174070016, 0.9063077870366496
-6.982150666839085e-17, 0.4226182617407003, 0.9063077870366496
-6.982150666839085e-17, 0.4226182617407003, 0.9063077870366496
1.5265566588595898e-15, 0.42261826174070166, 0.906307787036649
-0.4226182617406998, 6.383782391594647e-16, 0.9063077870366497
-0.4226182617407003, 0.0, 0.9063077870366496
-0.4226182617407003, 0.0, 0.9063077870366496
-0.42261826174070116, 1.1102230246251565e-15, 0.9063077870366492
7.494005416219805e-16, -0.4226182617406943, 0.9063077870366523
6.982150666838977e-17, -0.42261826174069383, 0.9063077870366526
6.982150666838977e-17, -0.42261826174069383, 0.9063077870366526
-1.7486012637846212e-15, -0.42261826174069533, 0.9063077870366518
0.42261826174069456, 9.436895709313829e-16, 0.9063077870366522
0.4226182617406938, 0.0, 0.9063077870366526
0.4226182617406938, 0.0, 0.9063077870366526
0.42261826174069483, -1.27675647831893e-15, 0.9063077870366523
1.1102230246251563e-16, 0.42261826174070016, 0.9063077870366496
-6.982150666839085e-17, 0.4226182617407003, 0.9063077870366496
-6.982150666839085e-17, 0.4226182617407003, 0.9063077870366496
8.88178419700125e-16, 0.4226182617407011, 0.9063077870366493
-0.4226182617406998, 6.383782391594647e-16, 0.9063077870366497
-0.4226182617407003, 0.0, 0.9063077870366496
-0.4226182617407003, 0.0, 0.9063077870366496
-0.42261826174070116, 1.1102230246251565e-15, 0.9063077870366492
1.1102230246251565e-16, -0.42261826174069383, 0.9063077870366526
6.982150666838977e-17, -0.42261826174069383, 0.9063077870366526
6.982150666838977e-17, -0.42261826174069383, 0.9063077870366526
-4.163336342344337e-16, -0.42261826174069433, 0.9063077870366525
0.42261826174069406, 2.775557561562891e-16, 0.9063077870366525
0.4226182617406938, 0.0, 0.9063077870366526
0.4226182617406938, 0.0, 0.9063077870366526
0.42261826174069483, -1.27675647831893e-15, 0.9063077870366523
1.1102230246251563e-16, 0.42261826174070016, 0.9063077870366496
-6.982150666839085e-17, 0.4226182617407003, 0.9063077870366496
-6.982150666839085e-17, 0.4226182617407003, 0.9063077870366496
8.88178419700125e-16, 0.4226182617407011, 0.9063077870366493
-0.4226182617406998, 6.383782391594647e-16, 0.9063077870366497
-0.4226182617407003, 0.0, 0.9063077870366496
-0.4226182617407003, 0.0, 0.9063077870366496
-0.42261826174070116, 1.1102230246251565e-15, 0.9063077870366492
7.494005416219805e-16, -0.4226182617406943, 0.9063077870366523
6.982150666838977e-17, -0.42261826174069383, 0.9063077870366526
6.982150666838977e-17, -0.42261826174069383, 0.9063077870366526
-1.0824674490095274e-15, -0.4226182617406948, 0.906307787036652
0.42261826174069406, 2.775557561562891e-16, 0.9063077870366525
0.4226182617406938, 0.0, 0.9063077870366526
0.4226182617406938, 0.0, 0.9063077870366526
0.42261826174069483, -1.27675647831893e-15, 0.9063077870366523
1.1102230246251563e-16, 0.42261826174070016, 0.9063077870366496
-6.982150666839085e-17, 0.4226182617407003, 0.9063077870366496
-6.982150666839085e-17, 0.4226182617407003, 0.9063077870366496
8.88178419700125e-16, 0.4226182617407011, 0.9063077870366493
-0.4226182617406992, 1.3045120539345583e-15, 0.90630778703665
-0.4226182617407003, 0.0, 0.9063077870366496
-0.4226182617407003, 0.0, 0.9063077870366496
-0.42261826174070116, 1.1102230246251565e-15, 0.9063077870366492
1.4432899320127037e-15, -0.42261826174069494, 0.9063077870366522
6.982150666838977e-17, -0.42261826174069383, 0.9063077870366526
6.982150666838977e-17, -0.42261826174069383, 0.9063077870366526
-1.0824674490095274e-15, -0.4226182617406948, 0.906307787036652
0.42261826174069406, 2.775557561562891e-16, 0.9063077870366525
0.4226182617406938, 0.0, 0.9063077870366526
0.4226182617406938, 0.0, 0.9063077870366526
0.42261826174069533, -1.9428902930940236e-15, 0.9063077870366518
-5.828670879282071e-16, 0.4226182617407007, 0.9063077870366494
-6.982150666839085e-17, 0.4226182617407003, 0.9063077870366496
-6.982150666839085e-17, 0.4226182617407003, 0.9063077870366496
8.88178419700125e-16, 0.4226182617407011, 0.9063077870366493
-0.4226182617406998, 6.383782391594647e-16, 0.9063077870366497
-0.4226182617407003, 0.0, 0.9063077870366496
-0.4226182617407003, 0.0, 0.9063077870366496
-0.42261826174070116, 1.1102230246251565e-15, 0.9063077870366492
1.1102230246251565e-16, -0.42261826174069383, 0.9063077870366526
6.982150666838977e-17, -0.42261826174069383, 0.9063077870366526
6.982150666838977e-17, -0.42261826174069383, 0.9063077870366526
-4.163336342344337e-16, -0.42261826174069433, 0.9063077870366525
0.42261826174069406, 2.775557561562891e-16, 0.9063077870366525
0.4226182617406938, 0.0, 0.9063077870366526
0.4226182617406938, 0.0, 0.9063077870366526
0.42261826174069483, -1.27675647831893e-15, 0.9063077870366523
1.1102230246251563e-16, 0.42261826174070016, 0.9063077870366496
-6.982150666839085e-17, 0.4226182617407003, 0.9063077870366496
-6.982150666839085e-17, 0.4226182617407003, 0.9063077870366496
1.5265566588595898e-15, 0.42261826174070166, 0.906307787036649
-0.4226182617406998, 6.383782391594647e-16, 0.9063077870366497
-0.4226182617407003, 0.0, 0.9063077870366496
-0.4226182617407003, 0.0, 0.9063077870366496
-0.4226182617407006, 3.885780586188048e-16, 0.9063077870366495
1.4432899320127037e-15, -0.42261826174069494, 0.9063077870366522
6.982150666838977e-17, -0.42261826174069383, 0.9063077870366526
6.982150666838977e-17, -0.42261826174069383, 0.9063077870366526
-4.163336342344337e-16, -0.42261826174069433, 0.9063077870366525
0.42261826174069406, 2.775557561562891e-16, 0.9063077870366525
0.4226182617406938, 0.0, 0.9063077870366526
0.4226182617406938, 0.0, 0.9063077870366526
0.42261826174069483, -1.27675647831893e-15, 0.9063077870366523
1.1102230246251563e-16, 0.42261826174070016, 0.9063077870366496
-6.982150666839085e-17, 0.4226182617407003, 0.9063077870366496
-6.982150666839085e-17, 0.4226182617407003, 0.9063077870366496
8.88178419700125e-16, 0.4226182617407011, 0.9063077870366493
-0.4226182617406992, 1.3045120539345583e-15, 0.90630778703665
-0.4226182617407003, 0.0, 0.9063077870366496
-0.4226182617407003, 0.0, 0.9063077870366496
-0.42261826174070116, 1.1102230246251565e-15, 0.9063077870366492
1.1102230246251565e-16, -0.42261826174069383, 0.9063077870366526
6.982150666838977e-17, -0.42261826174069383, 0.9063077870366526
6.982150666838977e-17, -0.42261826174069383, 0.9063077870366526
-4.163336342344337e-16, -0.42261826174069433, 0.9063077870366525
0.42261826174069406, 2.775557561562891e-16, 0.9063077870366525
0.4226182617406938, 0.0, 0.9063077870366526
0.4226182617406938, 0.0, 0.9063077870366526
0.42261826174069483, -1.27675647831893e-15, 0.9063077870366523
1.1102230246251563e-16, 0.42261826174070016, 0.9063077870366496
-6.982150666839085e-17, 0.4226182617407003, 0.9063077870366496
-6.982150666839085e-17, 0.4226182617407003, 0.9063077870366496
8.88178419700125e-16, 0.4226182617407011, 0.9063077870366493
-0.4226182617406992, 1.3045120539345583e-15, 0.90630778703665
-0.4226182617407003, 0.0, 0.9063077870366496
-0.4226182617407003, 0.0, 0.9063077870366496
-0.42261826174070116, 1.1102230246251565e-15, 0.9063077870366492
7.494005416219805e-16, -0.4226182617406943, 0.9063077870366523
6.982150666838977e-17, -0.42261826174069383, 0.9063077870366526
6.982150666838977e-17, -0.42261826174069383, 0.9063077870366526
-4.163336342344337e-16, -0.42261826174069433, 0.9063077870366525
0.42261826174069406, 2.775557561562891e-16, 0.9063077870366525
0.4226182617406938, 0.0, 0.9063077870366526
0.4226182617406938, 0.0, 0.9063077870366526
0.42261826174069483, -1.27675647831893e-15, 0.9063077870366523
1.1102230246251563e-16, 0.42261826174070016, 0.9063077870366496
-6.982150666839085e-17, 0.4226182617407003, 0.9063077870366496
-6.982150666839085e-17, 0.4226182617407003, 0.9063077870366496
8.88178419700125e-16, 0.4226182617407011, 0.9063077870366493
-0.4226182617406998, 6.383782391594647e-16, 0.9063077870366497
-0.4226182617407003, 0.0, 0.9063077870366496
-0.4226182617407003, 0.0, 0.9063077870366496
-0.42261826174070116, 1.1102230246251565e-15, 0.9063077870366492
7.494005416219805e-16, -0.4226182617406943, 0.9063077870366523
6.982150666838977e-17, -0.42261826174069383, 0.9063077870366526
6.982150666838977e-17, -0.42261826174069383, 0.9063077870366526
-4.163336342344337e-16, -0.42261826174069433, 0.9063077870366525
0.42261826174069406, 2.775557561562891e-16, 0.9063077870366525
0.4226182617406938, 0.0, 0.9063077870366526
0.4226182617406938, 0.0, 0.9063077870366526
0.42261826174069483, -1.27675647831893e-15, 0.9063077870366523
1.1102230246251563e-16, 0.42261826174070016, 0.9063077870366496
-6.982150666839085e-17, 0.4226182617407003, 0.9063077870366496
-6.982150666839085e-17, 0.4226182617407003, 0.9063077870366496
8.88178419700125e-16, 0.4226182617407011, 0.9063077870366493
-0.4226182617406992, 1.3045120539345583e-15, 0.90630778703665
-0.4226182617407003, 0.0, 0.9063077870366496
-0.4226182617407003, 0.0, 0.9063077870366496
-0.42261826174070116, 1.1102230246251565e-15, 0.9063077870366492
7.494005416219805e-16, -0.4226182617406943, 0.9063077870366523
6.982150666838977e-17, -0.42261826174069383, 0.9063077870366526
6.982150666838977e-17, -0.42261826174069383, 0.9063077870366526
-4.163336342344337e-16, -0.42261826174069433, 0.9063077870366525
0.42261826174069406, 2.775557561562891e-16, 0.9063077870366525
0.4226182617406938, 0.0, 0.9063077870366526
0.4226182617406938, 0.0, 0.9063077870366526
0.42261826174069483, -1.27675647831893e-15, 0.9063077870366523
1.1102230246251563e-16, 0.42261826174070016, 0.9063077870366496
-6.982150666839085e-17, 0.4226182617407003, 0.9063077870366496
-6.982150666839085e-17, 0.4226182617407003, 0.9063077870366496
8.88178419700125e-16, 0.4226182617407011, 0.9063077870366493
-0.4226182617406998, 6.383782391594647e-16, 0.9063077870366497
-0.4226182617407003, 0.0, 0.9063077870366496
-0.4226182617407003, 0.0, 0.9063077870366496
-0.4226182617407006, 3.885780586188048e-16, 0.9063077870366495
1.4432899320127037e-15, -0.42261826174069494, 0.9063077870366522
6.982150666838977e-17, -0.42261826174069383, 0.9063077870366526
6.982150666838977e-17, -0.42261826174069383, 0.9063077870366526
-1.0824674490095274e-15, -0.4226182617406948, 0.906307787036652
0.4226182617406936, -3.3306690738754696e-16, 0.9063077870366528
0.4226182617406938, 0.0, 0.9063077870366526
0.4226182617406938, 0.0, 0.9063077870366526
0.42261826174069483, -1.27675647831893e-15, 0.9063077870366523
1.1102230246251563e-16, 0.42261826174070016, 0.9063077870366496
-6.982150666839085e-17, 0.4226182617407003, 0.9063077870366496
-6.982150666839085e-17, 0.4226182617407003, 0.9063077870366496
8.88178419700125e-16, 0.4226182617407011, 0.9063077870366493
-0.4226182617406992, 1.3045120539345583e-15, 0.90630778703665
-0.4226182617407003, 0.0, 0.9063077870366496
-0.4226182617407003, 0.0, 0.9063077870366496
-0.4226182617407006, 3.885780586188048e-16, 0.9063077870366495
1.4432899320127037e-15, -0.42261826174069494, 0.9063077870366522
6.982150666838977e-17, -0.42261826174069383, 0.9063077870366526
6.982150666838977e-17, -0.42261826174069383, 0.9063077870366526
-4.163336342344337e-16, -0.42261826174069433, 0.9063077870366525
0.42261826174069406, 2.775557561562891e-16, 0.9063077870366525
0.4226182617406938, 0.0, 0.9063077870366526
0.4226182617406938, 0.0, 0.9063077870366526
0.42261826174069483, -1.27675647831893e-15, 0.9063077870366523
1.1102230246251563e-16, 0.42261826174070016, 0.9063077870366496
-6.982150666839085e-17, 0.4226182617407003, 0.9063077870366496
-6.982150666839085e-17, 0.4226182617407003, 0.9063077870366496
8.88178419700125e-16, 0.4226182617407011, 0.9063077870366493
-0.4226182617406998, 6.383782391594647e-16, 0.9063077870366497
-0.4226182617407003, 0.0, 0.9063077870366496
-0.4226182617407003, 0.0, 0.9063077870366496
-0.42261826174070116, 1.1102230246251565e-15, 0.9063077870366492
1.4432899320127037e-15, -0.42261826174069494, 0.9063077870366522
6.982150666838977e-17, -0.42261826174069383, 0.9063077870366526
6.982150666838977e-17, -0.42261826174069383, 0.9063077870366526
-4.163336342344337e-16, -0.42261826174069433, 0.9063077870366525
0.42261826174069406, 2.775557561562891e-16, 0.9063077870366525
0.4226182617406938, 0.0, 0.9063077870366526
0.4226182617406938, 0.0, 0.9063077870366526
0.42261826174069483, -1.27675647831893e-15, 0.9063077870366523
1.1102230246251563e-16, 0.42261826174070016, 0.9063077870366496
-6.982150666839085e-17, 0.4226182617407003, 0.9063077870366496
-6.982150666839085e-17, 0.4226182617407003, 0.9063077870366496
8.88178419700125e-16, 0.4226182617407011, 0.9063077870366493
-0.4226182617406992, 1.3045120539345583e-15, 0.90630778703665
-0.4226182617407003, 0.0, 0.9063077870366496
-0.4226182617407003, 0.0, 0.9063077870366496
-0.42261826174070116, 1.1102230246251565e-15, 0.9063077870366492
7.494005416219805e-16, -0.4226182617406943, 0.9063077870366523
6.982150666838977e-17, -0.42261826174069383, 0.9063077870366526
6.982150666838977e-17, -0.42261826174069383, 0.9063077870366526
-4.163336342344337e-16, -0.42261826174069433, 0.9063077870366525
0.422618261740693, -1.0547118733938987e-15, 0.906307787036653
0.4226182617406938, 0.0, 0.9063077870366526
0.4226182617406938, 0.0, 0.9063077870366526
0.42261826174069533, -1.9428902930940236e-15, 0.9063077870366518
1.1102230246251563e-16, 0.42261826174070016, 0.9063077870366496
-6.982150666839085e-17, 0.4226182617407003, 0.9063077870366496
-6.982150666839085e-17, 0.4226182617407003, 0.9063077870366496
8.88178419700125e-16, 0.4226182617407011, 0.9063077870366493
-0.4226182617406992, 1.3045120539345583e-15, 0.90630778703665
-0.4226182617407003, 0.0, 0.9063077870366496
-0.4226182617407003, 0.0, 0.9063077870366496
-0.42261826174070116, 1.1102230246251565e-15, 0.9063077870366492
7.494005416219805e-16, -0.4226182617406943, 0.9063077870366523
6.982150666838977e-17, -0.42261826174069383, 0.9063077870366526
6.982150666838977e-17, -0.42261826174069383, 0.9063077870366526
-4.163336342344337e-16, -0.42261826174069433, 0.9063077870366525
0.42261826174069406, 2.775557561562891e-16, 0.9063077870366525
0.4226182617406938, 0.0, 0.9063077870366526
0.4226182617406938, 0.0, 0.9063077870366526
0.42261826174069483, -1.27675647831893e-15, 0.9063077870366523
1.1102230246251563e-16, 0.42261826174070016, 0.9063077870366496
-6.982150666839085e-17, 0.4226182617407003, 0.9063077870366496
-6.982150666839085e-17, 0.4226182617407003, 0.9063077870366496
8.88178419700125e-16, 0.4226182617407011, 0.9063077870366493
-0.4226182617406998, 6.383782391594647e-16, 0.9063077870366497
-0.4226182617407003, 0.0, 0.9063077870366496
-0.4226182617407003, 0.0, 0.9063077870366496
-0.42261826174070116, 1.1102230246251565e-15, 0.9063077870366492
7.494005416219805e-16, -0.4226182617406943, 0.9063077870366523
6.982150666838977e-17, -0.42261826174069383, 0.9063077870366526
6.982150666838977e-17, -0.42261826174069383, 0.9063077870366526
-4.163336342344337e-16, -0.42261826174069433, 0.9063077870366525
0.422618261740693, -1.0547118733938987e-15, 0.906307787036653
0.4226182617406938, 0.0, 0.9063077870366526
0.4226182617406938, 0.0, 0.9063077870366526
0.42261826174069483, -1.27675647831893e-15, 0.9063077870366523
1.1102230246251563e-16, 0.42261826174070016, 0.9063077870366496
-6.982150666839085e-17, 0.4226182617407003, 0.9063077870366496
-6.982150666839085e-17, 0.4226182617407003, 0.9063077870366496
8.88178419700125e-16, 0.4226182617407011, 0.9063077870366493
-0.4226182617406992, 1.3045120539345583e-15, 0.90630778703665
-0.4226182617407003, 0.0, 0.9063077870366496
-0.4226182617407003, 0.0, 0.9063077870366496
-0.42261826174070116, 1.1102230246251565e-15, 0.9063077870366492
7.494005416219805e-16, -0.4226182617406943, 0.9063077870366523
6.982150666838977e-17, -0.42261826174069383, 0.9063077870366526
6.982150666838977e-17, -0.42261826174069383, 0.9063077870366526
-4.163336342344337e-16, -0.42261826174069433, 0.9063077870366525
0.42261826174069406, 2.775557561562891e-16, 0.9063077870366525
0.4226182617406938, 0.0, 0.9063077870366526
0.4226182617406938, 0.0, 0.9063077870366526
0.42261826174069483, -1.27675647831893e-15, 0.9063077870366523
1.1102230246251563e-16, 0.42261826174070016, 0.9063077870366496
-6.982150666839085e-17, 0.4226182617407003, 0.9063077870366496
-6.982150666839085e-17, 0.4226182617407003, 0.9063077870366496
8.88178419700125e-16, 0.4226182617407011, 0.9063077870366493
-0.4226182617406998, 6.383782391594647e-16, 0.9063077870366497
-0.4226182617407003, 0.0, 0.9063077870366496
-0.4226182617407003, 0.0, 0.9063077870366496
-0.42261826174070116, 1.1102230246251565e-15, 0.9063077870366492
7.494005416219805e-16, -0.4226182617406943, 0.9063077870366523
6.982150666838977e-17, -0.42261826174069383, 0.9063077870366526
6.982150666838977e-17, -0.42261826174069383, 0.9063077870366526
-4.163336342344337e-16, -0.42261826174069433, 0.9063077870366525
0.4226182617406936, -3.3306690738754696e-16, 0.9063077870366528
0.4226182617406938, 0.0, 0.9063077870366526
0.4226182617406938, 0.0, 0.9063077870366526
0.42261826174069483, -1.27675647831893e-15, 0.9063077870366523
1.1102230246251563e-16, 0.42261826174070016, 0.9063077870366496
-6.982150666839085e-17, 0.4226182617407003, 0.9063077870366496
-6.982150666839085e-17, 0.4226182617407003, 0.9063077870366496
8.88178419700125e-16, 0.4226182617407011, 0.9063077870366493
-0.4226182617406992, 1.3045120539345583e-15, 0.90630778703665
-0.4226182617407003, 0.0, 0.9063077870366496
-0.4226182617407003, 0.0, 0.9063077870366496
-0.42261826174070116, 1.1102230246251565e-15, 0.9063077870366492
7.494005416219805e-16, -0.4226182617406943, 0.9063077870366523
6.982150666838977e-17, -0.42261826174069383, 0.9063077870366526
6.982150666838977e-17, -0.42261826174069383, 0.9063077870366526
-4.163336342344337e-16, -0.42261826174069433, 0.9063077870366525
0.42261826174069406, 2.775557561562891e-16, 0.9063077870366525
0.4226182617406938, 0.0, 0.9063077870366526
0.4226182617406938, 0.0, 0.9063077870366526
0.42261826174069483, -1.27675647831893e-15, 0.9063077870366523
1.1102230246251563e-16, 0.42261826174070016, 0.9063077870366496
-6.982150666839085e-17, 0.4226182617407003, 0.9063077870366496
-6.982150666839085e-17, 0.4226182617407003, 0.9063077870366496
8.88178419700125e-16, 0.4226182617407011, 0.9063077870366493
-0.4226182617406992, 1.3045120539345583e-15, 0.90630778703665
-0.4226182617407003, 0.0, 0.9063077870366496
-0.4226182617407003, 0.0, 0.9063077870366496
-0.42261826174070116, 1.1102230246251565e-15, 0.9063077870366492
7.494005416219805e-16, -0.4226182617406943, 0.9063077870366523
6.982150666838977e-17, -0.42261826174069383, 0.9063077870366526
6.982150666838977e-17, -0.42261826174069383, 0.9063077870366526
-4.163336342344337e-16, -0.42261826174069433, 0.9063077870366525
0.4226182617406936, -3.3306690738754696e-16, 0.9063077870366528
0.4226182617406938, 0.0, 0.9063077870366526
0.4226182617406938, 0.0, 0.9063077870366526
0.4226182617406943, -6.10622663543836e-16, 0.9063077870366524
1.1102230246251563e-16, 0.42261826174070016, 0.9063077870366496
-6.982150666839085e-17, 0.4226182617407003, 0.9063077870366496
-6.982150666839085e-17, 0.4226182617407003, 0.9063077870366496
8.88178419700125e-16, 0.4226182617407011, 0.9063077870366493
-0.4226182617406992, 1.3045120539345583e-15, 0.90630778703665
-0.4226182617407003, 0.0, 0.9063077870366496
-0.4226182617407003, 0.0, 0.9063077870366496
-0.42261826174070116, 1.1102230246251565e-15, 0.9063077870366492
7.494005416219805e-16, -0.4226182617406943, 0.9063077870366523
6.982150666838977e-17, -0.42261826174069383, 0.9063077870366526
6.982150666838977e-17, -0.42261826174069383, 0.9063077870366526
-4.163336342344337e-16, -0.42261826174069433, 0.9063077870366525
0.42261826174069406, 2.775557561562891e-16, 0.9063077870366525
0.4226182617406938, 0.0, 0.9063077870366526
0.4226182617406938, 0.0, 0.9063077870366526
0.42261826174069483, -1.27675647831893e-15, 0.9063077870366523
1.1102230246251563e-16, 0.42261826174070016, 0.9063077870366496
-6.982150666839085e-17, 0.4226182617407003, 0.9063077870366496
-6.982150666839085e-17, 0.4226182617407003, 0.9063077870366496
8.88178419700125e-16, 0.4226182617407011, 0.9063077870366493
-0.4226182617406998, 6.383782391594647e-16, 0.9063077870366497
-0.4226182617407003, 0.0, 0.9063077870366496
-0.4226182617407003, 0.0, 0.9063077870366496
-0.42261826174070116, 1.1102230246251565e-15, 0.9063077870366492
7.494005416219805e-16, -0.4226182617406943, 0.9063077870366523
6.982150666838977e-17, -0.42261826174069383, 0.9063077870366526
6.982150666838977e-17, -0.42261826174069383, 0.9063077870366526
-4.163336342344337e-16, -0.42261826174069433, 0.9063077870366525
0.4226182617406936, -3.3306690738754696e-16, 0.9063077870366528
0.4226182617406938, 0.0, 0.9063077870366526
0.4226182617406938, 0.0, 0.9063077870366526
0.42261826174069483, -1.27675647831893e-15, 0.9063077870366523
1.1102230246251563e-16, 0.42261826174070016, 0.9063077870366496
-6.982150666839085e-17, 0.4226182617407003, 0.9063077870366496
-6.982150666839085e-17, 0.4226182617407003, 0.9063077870366496
8.88178419700125e-16, 0.4226182617407011, 0.9063077870366493
-0.4226182617406998, 6.383782391594647e-16, 0.9063077870366497
-0.4226182617407003, 0.0, 0.9063077870366496
-0.4226182617407003, 0.0, 0.9063077870366496
-0.42261826174070116, 1.1102230246251565e-15, 0.9063077870366492
7.494005416219805e-16, -0.4226182617406943, 0.9063077870366523
6.982150666838977e-17, -0.42261826174069383, 0.9063077870366526
6.982150666838977e-17, -0.42261826174069383, 0.9063077870366526
-4.163336342344337e-16, -0.42261826174069433, 0.9063077870366525
0.42261826174069406, 2.775557561562891e-16, 0.9063077870366525
0.4226182617406938, 0.0, 0.9063077870366526
0.4226182617406938, 0.0, 0.9063077870366526
0.42261826174069483, -1.27675647831893e-15, 0.9063077870366523
1.1102230246251563e-16, 0.42261826174070016, 0.9063077870366496
-6.982150666839085e-17, 0.4226182617407003, 0.9063077870366496
-6.982150666839085e-17, 0.4226182617407003, 0.9063077870366496
8.88178419700125e-16, 0.4226182617407011, 0.9063077870366493
-0.4226182617406998, 6.383782391594647e-16, 0.9063077870366497
-0.4226182617407003, 0.0, 0.9063077870366496
-0.4226182617407003, 0.0, 0.9063077870366496
-0.42261826174070116, 1.1102230246251565e-15, 0.9063077870366492
1.1102230246251565e-16, -0.42261826174069383, 0.9063077870366526
6.982150666838977e-17, -0.42261826174069383, 0.9063077870366526
6.982150666838977e-17, -0.42261826174069383, 0.9063077870366526
-4.163336342344337e-16, -0.42261826174069433, 0.9063077870366525
0.422618261740693, -1.0547118733938987e-15, 0.906307787036653
0.4226182617406938, 0.0, 0.9063077870366526
0.4226182617406938, 0.0, 0.9063077870366526
0.42261826174069483, -1.27675647831893e-15, 0.9063077870366523
1.1102230246251563e-16, 0.42261826174070016, 0.9063077870366496
-6.982150666839085e-17, 0.4226182617407003, 0.9063077870366496
-6.982150666839085e-17, 0.4226182617407003, 0.9063077870366496
8.88178419700125e-16, 0.4226182617407011, 0.9063077870366493
-0.4226182617406998, 6.383782391594647e-16, 0.9063077870366497
-0.4226182617407003, 0.0, 0.9063077870366496
-0.4226182617407003, 0.0, 0.9063077870366496
-0.42261826174070116, 1.1102230246251565e-15, 0.9063077870366492
7.494005416219805e-16, -0.4226182617406943, 0.9063077870366523
6.982150666838977e-17, -0.42261826174069383, 0.9063077870366526
6.982150666838977e-17, -0.42261826174069383, 0.9063077870366526
-4.163336342344337e-16, -0.42261826174069433, 0.9063077870366525
0.42261826174069406, 2.775557561562891e-16, 0.9063077870366525
0.4226182617406938, 0.0, 0.9063077870366526
0.4226182617406938, 0.0, 0.9063077870366526
0.42261826174069483, -1.27675647831893e-15, 0.9063077870366523
1.1102230246251563e-16, 0.42261826174070016, 0.9063077870366496
-6.982150666839085e-17, 0.4226182617407003, 0.9063077870366496
-6.982150666839085e-17, 0.4226182617407003, 0.9063077870366496
8.88178419700125e-16, 0.4226182617407011, 0.9063077870366493
-0.4226182617406992, 1.3045120539345583e-15, 0.90630778703665
-0.4226182617407003, 0.0, 0.9063077870366496
-0.4226182617407003, 0.0, 0.9063077870366496
-0.42261826174070116, 1.1102230246251565e-15, 0.9063077870366492
1.1102230246251565e-16, -0.42261826174069383, 0.9063077870366526
