2.604049983950549e-17, -0.15761892434230437, 0.987500012500848
2.604049983950549e-17, -0.15761892434230437, 0.987500012500848
2.604049983950549e-17, -0.15761892434230437, 0.987500012500848
2.604049983950549e-17, -0.15761892434230437, 0.987500012500848
2.604049983950549e-17, -0.15761892434230437, 0.987500012500848
-1.0528320873957161e-06, -0.15761892434221922, 0.9875000125003003
0.043300348368893835, -0.151553251314736, 0.9875002237200076
0.11145341023251251, -0.11145341023019532, 0.9875000125041027
0.15155325132106415, -0.04330034837304089, 0.9875002237188546
0.15761892434221797, 1.052840522726069e-06, 0.9875000125003006
0.15761892434230446, 0.0, 0.987500012500848
0.15761892434230446, 0.0, 0.987500012500848
0.15761892434230446, 0.0, 0.987500012500848
0.15761892434230446, 0.0, 0.987500012500848
0.15761892434230446, 0.0, 0.987500012500848
0.15761892434223, -1.0528392434413375e-06, 0.9875000125002986
0.15155325131350725, 0.043300348371168675, 0.9875002237200964
0.11145341023021707, 0.11145341023249446, 0.9875000125041022
0.04330034837237341, 0.1515532513208193, 0.9875002237189213
-1.0528368871251218e-06, 0.15761892434221694, 0.9875000125003007
-2.6040499839505496e-17, 0.15761892434230437, 0.987500012500848
-2.6040499839505496e-17, 0.15761892434230437, 0.987500012500848
-2.6040499839505496e-17, 0.15761892434230437, 0.987500012500848
-2.6040499839505496e-17, 0.15761892434230437, 0.987500012500848
-2.6040499839505496e-17, 0.15761892434230437, 0.987500012500848
1.052836619887918e-06, 0.15761892434221755, 0.9875000125003006
-0.04330034837023222, 0.15155325131380432, 0.9875002237200918
-0.11145341023158747, 0.11145341023112047, 0.9875000125041028
-0.1515532513211695, 0.043300348372190496, 0.9875002237188756
-0.15761892434221822, -1.0528357188307308e-06, 0.9875000125003006
-0.15761892434230457, 0.0, 0.987500012500848
-0.15761892434230457, 0.0, 0.987500012500848
-0.15761892434230457, 0.0, 0.987500012500848
-0.15761892434230457, 0.0, 0.987500012500848
-0.15761892434230457, 0.0, 0.987500012500848
-0.15761892434221603, 1.0528391133525931e-06, 0.9875000125003008
-0.1515532513142618, -0.04330034837001246, 0.9875002237200312
-0.11145341023172745, -0.1114534102309802, 0.9875000125041027
-0.04330034837281712, -0.15155325132102118, 0.9875002237188708
1.0528398581330897e-06, -0.15761892434221078, 0.9875000125003016
-0.055432759253299574, -0.37590183036930924, 0.9250000125008481
-0.1350420233365016, -0.30461755535447493, 0.9428530091711259
-0.2214273864617023, -0.2214273864617067, 0.9497051253149463
-0.3046175553544733, -0.13504202333650628, 0.9428530091711258
-0.37590183036930797, -0.05543275925330693, 0.9250000125008481
-0.05542248385412046, -0.37592857122122186, 0.9249897608206322
-0.03914015122372051, -0.3779623873208789, 0.9249932336687043
-0.024668563470310857, -0.37917313026881044, 0.9249968644587196
-0.011701744945680463, -0.37978850065689224, 0.9249993318559836
1.1459848530981488e-06, -0.3799670734066811, 0.9250000125002422
6.277502879402036e-17, -0.3799670734069354, 0.9250000125008477
6.277502879402036e-17, -0.3799670734069354, 0.9250000125008477
6.277502879402036e-17, -0.3799670734069354, 0.9250000125008477
6.277502879402036e-17, -0.3799670734069354, 0.9250000125008477
6.277502879402036e-17, -0.3799670734069354, 0.9250000125008477
-1.1459828149260836e-06, -0.3799670734066831, 0.9250000125002416
0.011701744946412082, -0.3797885006583845, 0.9249993318553615
0.024668563470530647, -0.37917313027063276, 0.9249968644579668
0.03914015122439964, -0.377962387323216, 0.9249932336677206
0.05542248385615893, -0.37592857122273504, 0.9249897608198951
0.05543275925329874, -0.37590183036930924, 0.925000012500848
0.13504202333650073, -0.30461755535447366, 0.9428530091711265
0.22142738646170199, -0.22142738646170346, 0.9497051253149473
0.3046175553544734, -0.13504202333650095, 0.9428530091711265
0.375901830369309, -0.055432759253298935, 0.9250000125008482
0.3759285712193315, -0.05542248385505766, 0.9249897608213443
0.37796238731911713, -0.03914015122462503, 0.9249932336693858
0.37917313026747124, -0.024668563470793436, 0.9249968644592558
0.3797885006561699, -0.011701744945385896, 0.9249993318562839
0.37996707340669084, 1.1459862290613087e-06, 0.9250000125002382
0.3799670734069355, 0.0, 0.9250000125008477
0.3799670734069355, 0.0, 0.9250000125008477
0.3799670734069355, 0.0, 0.9250000125008477
0.3799670734069355, 0.0, 0.9250000125008477
0.3799670734069355, 0.0, 0.9250000125008477
0.37996707340668695, -1.1459840900996496e-06, 0.92500001250024
0.37978850065740744, 0.01170174494613194, 0.9249993318557663
0.37917313026899785, 0.024668563470654957, 0.9249968644586336
0.37796238732129683, 0.03914015122422063, 0.9249932336685125
0.3759285712209811, 0.05542248385486735, 0.9249897608206853
0.3759018303693091, 0.05543275925329973, 0.925000012500848
0.30461755535447477, 0.13504202333650173, 0.9428530091711259
0.22142738646170537, 0.22142738646170373, 0.9497051253149464
0.1350420233365068, 0.3046175553544728, 0.9428530091711258
0.05543275925330547, 0.37590183036930913, 0.9250000125008475
0.05542248385332909, 0.3759285712217689, 0.9249897608204574
0.03914015122341077, 0.3779623873218464, 0.9249932336683221
0.024668563470476405, 0.3791731302698443, 0.9249968644582914
0.011701744946392463, 0.37978850065759845, 0.9249993318556846
-1.1459834963057293e-06, 0.37996707340668545, 0.9250000125002407
-6.277502879402036e-17, 0.3799670734069354, 0.9250000125008477
-6.277502879402036e-17, 0.3799670734069354, 0.9250000125008477
-6.277502879402036e-17, 0.3799670734069354, 0.9250000125008477
-6.277502879402036e-17, 0.3799670734069354, 0.9250000125008477
-6.277502879402036e-17, 0.3799670734069354, 0.9250000125008477
1.1459836750108214e-06, 0.3799670734066858, 0.9250000125002404
-0.011701744946321334, 0.3797885006577635, 0.9249993318556177
-0.02466856347070563, 0.3791731302696392, 0.9249968644583693
-0.039140151224279454, 0.3779623873221399, 0.9249932336681653
-0.05542248385514794, 0.3759285712219064, 0.9249897608202925
-0.05543275925330694, 0.3759018303693089, 0.9250000125008477
-0.13504202333650703, 0.30461755535447493, 0.9428530091711251
-0.22142738646170568, 0.22142738646170715, 0.9497051253149456
-0.30461755535447416, 0.13504202333650786, 0.9428530091711254
-0.3759018303693081, 0.0554327592533078, 0.925000012500848
-0.37592857122320367, 0.055422483856050045, 0.9249897608197113
-0.37796238732344256, 0.039140151224020175, 0.9249932336676441
-0.379173130271114, 0.02466856347022359, 0.9249968644577777
-0.3797885006582817, 0.011701744946392175, 0.9249993318554041
-0.3799670734066861, -1.1459823021567365e-06, 0.9250000125002404
-0.37996707340693525, 0.0, 0.925000012500848
-0.37996707340693525, 0.0, 0.925000012500848
-0.37996707340693525, 0.0, 0.925000012500848
-0.37996707340693525, 0.0, 0.925000012500848
-0.37996707340693525, 0.0, 0.925000012500848
-0.3799670734066846, 1.1459840049358978e-06, 0.9250000125002409
-0.3797885006575429, -0.011701744946403204, 0.9249993318557073
-0.3791731302694425, -0.024668563470769542, 0.9249968644584483
-0.37796238732222426, -0.03914015122386028, 0.9249932336681487
-0.3759285712225193, -0.05542248385380837, 0.9249897608201236
6.982150666838977e-17, -0.42261826174069383, 0.9063077870366526
6.982150666838977e-17, -0.42261826174069383, 0.9063077870366526
6.982150666838977e-17, -0.42261826174069383, 0.9063077870366526
6.982150666838977e-17, -0.42261826174069383, 0.9063077870366526
6.982150666838977e-17, -0.42261826174069383, 0.9063077870366526
-1.0824674490095274e-15, -0.4226182617406948, 0.906307787036652
0.10286476764415087, -0.33403351917694424, 0.9369313996466234
0.22142738646170199, -0.22142738646170346, 0.9497051253149473
0.3340335191769446, -0.10286476764415042, 0.9369313996466235
0.42261826174069406, 2.775557561562891e-16, 0.9063077870366525
0.4226182617406938, 0.0, 0.9063077870366526
0.4226182617406938, 0.0, 0.9063077870366526
0.4226182617406938, 0.0, 0.9063077870366526
0.4226182617406938, 0.0, 0.9063077870366526
0.4226182617406938, 0.0, 0.9063077870366526
0.42261826174069533, -1.9428902930940236e-15, 0.9063077870366518
0.33403351917694507, 0.10286476764415159, 0.9369313996466231
0.22142738646170285, 0.22142738646170623, 0.9497051253149464
0.10286476764415005, 0.3340335191769503, 0.9369313996466215
1.1102230246251563e-16, 0.42261826174070016, 0.9063077870366496
-6.982150666839085e-17, 0.4226182617407003, 0.9063077870366496
-6.982150666839085e-17, 0.4226182617407003, 0.9063077870366496
-6.982150666839085e-17, 0.4226182617407003, 0.9063077870366496
-6.982150666839085e-17, 0.4226182617407003, 0.9063077870366496
-6.982150666839085e-17, 0.4226182617407003, 0.9063077870366496
8.88178419700125e-16, 0.4226182617407011, 0.9063077870366493
-0.10286476764415066, 0.3340335191769515, 0.9369313996466211
-0.22142738646170504, 0.2214273864617078, 0.9497051253149454
-0.3340335191769495, 0.10286476764415282, 0.9369313996466215
-0.4226182617406998, 6.383782391594647e-16, 0.9063077870366497
-0.4226182617407003, 0.0, 0.9063077870366496
-0.4226182617407003, 0.0, 0.9063077870366496
-0.4226182617407003, 0.0, 0.9063077870366496
-0.4226182617407003, 0.0, 0.9063077870366496
-0.4226182617407003, 0.0, 0.9063077870366496
-0.42261826174070116, 1.1102230246251565e-15, 0.9063077870366492
-0.33403351917695073, -0.10286476764414954, 0.9369313996466214
-0.22142738646170732, -0.22142738646170168, 0.9497051253149464
-0.10286476764415271, -0.33403351917694407, 0.9369313996466234
7.494005416219805e-16, -0.4226182617406943, 0.9063077870366523
6.982150666838977e-17, -0.42261826174069383, 0.9063077870366526
6.982150666838977e-17, -0.42261826174069383, 0.9063077870366526
6.982150666838977e-17, -0.42261826174069383, 0.9063077870366526
6.982150666838977e-17, -0.42261826174069383, 0.9063077870366526
6.982150666838977e-17, -0.42261826174069383, 0.9063077870366526
-4.163336342344337e-16, -0.42261826174069433, 0.9063077870366525
0.10286476764415022, -0.33403351917694485, 0.9369313996466233
0.22142738646170262, -0.22142738646170282, 0.9497051253149473
0.3340335191769446, -0.10286476764415042, 0.9369313996466235
0.42261826174069406, 2.775557561562891e-16, 0.9063077870366525
0.4226182617406938, 0.0, 0.9063077870366526
0.4226182617406938, 0.0, 0.9063077870366526
0.4226182617406938, 0.0, 0.9063077870366526
0.4226182617406938, 0.0, 0.9063077870366526
0.4226182617406938, 0.0, 0.9063077870366526
0.4226182617406943, -6.10622663543836e-16, 0.9063077870366524
0.3340335191769445, 0.10286476764415223, 0.9369313996466233
0.22142738646170285, 0.22142738646170623, 0.9497051253149464
0.10286476764415005, 0.3340335191769503, 0.9369313996466215
1.1102230246251563e-16, 0.42261826174070016, 0.9063077870366496
-6.982150666839085e-17, 0.4226182617407003, 0.9063077870366496
-6.982150666839085e-17, 0.4226182617407003, 0.9063077870366496
-6.982150666839085e-17, 0.4226182617407003, 0.9063077870366496
-6.982150666839085e-17, 0.4226182617407003, 0.9063077870366496
-6.982150666839085e-17, 0.4226182617407003, 0.9063077870366496
1.5265566588595898e-15, 0.42261826174070166, 0.906307787036649
-0.10286476764415066, 0.3340335191769515, 0.9369313996466211
-0.22142738646170568, 0.22142738646170715, 0.9497051253149456
-0.3340335191769488, 0.10286476764415345, 0.9369313996466215
-0.4226182617406998, 6.383782391594647e-16, 0.9063077870366497
-0.4226182617407003, 0.0, 0.9063077870366496
-0.4226182617407003, 0.0, 0.9063077870366496
-0.4226182617407003, 0.0, 0.9063077870366496
-0.4226182617407003, 0.0, 0.9063077870366496
-0.4226182617407003, 0.0, 0.9063077870366496
-0.42261826174070116, 1.1102230246251565e-15, 0.9063077870366492
-0.33403351917695073, -0.10286476764414954, 0.9369313996466214
-0.22142738646170793, -0.22142738646170107, 0.9497051253149463
-0.10286476764415338, -0.33403351917694346, 0.9369313996466235
7.494005416219805e-16, -0.4226182617406943, 0.9063077870366523
6.982150666838977e-17, -0.42261826174069383, 0.9063077870366526
6.982150666838977e-17, -0.42261826174069383, 0.9063077870366526
6.982150666838977e-17, -0.42261826174069383, 0.9063077870366526
6.982150666838977e-17, -0.42261826174069383, 0.9063077870366526
6.982150666838977e-17, -0.42261826174069383, 0.9063077870366526
-1.7486012637846212e-15, -0.42261826174069533, 0.9063077870366518
0.10286476764414894, -0.334033519176946, 0.9369313996466232
0.22142738646170135, -0.2214273864617041, 0.9497051253149473
0.334033519176944, -0.1028647676441511, 0.9369313996466236
0.42261826174069456, 9.436895709313829e-16, 0.9063077870366522
0.4226182617406938, 0.0, 0.9063077870366526
0.4226182617406938, 0.0, 0.9063077870366526
0.4226182617406938, 0.0, 0.9063077870366526
0.4226182617406938, 0.0, 0.9063077870366526
0.4226182617406938, 0.0, 0.9063077870366526
0.42261826174069483, -1.27675647831893e-15, 0.9063077870366523
0.3340335191769445, 0.10286476764415223, 0.9369313996466233
0.22142738646170285, 0.22142738646170623, 0.9497051253149464
0.10286476764415005, 0.3340335191769503, 0.9369313996466215
1.1102230246251563e-16, 0.42261826174070016, 0.9063077870366496
-6.982150666839085e-17, 0.4226182617407003, 0.9063077870366496
-6.982150666839085e-17, 0.4226182617407003, 0.9063077870366496
-6.982150666839085e-17, 0.4226182617407003, 0.9063077870366496
-6.982150666839085e-17, 0.4226182617407003, 0.9063077870366496
-6.982150666839085e-17, 0.4226182617407003, 0.9063077870366496
8.88178419700125e-16, 0.4226182617407011, 0.9063077870366493
-0.10286476764415066, 0.3340335191769515, 0.9369313996466211
-0.22142738646170504, 0.2214273864617078, 0.9497051253149454
-0.3340335191769488, 0.10286476764415345, 0.9369313996466215
-0.4226182617406998, 6.383782391594647e-16, 0.9063077870366497
-0.4226182617407003, 0.0, 0.9063077870366496
-0.4226182617407003, 0.0, 0.9063077870366496
-0.4226182617407003, 0.0, 0.9063077870366496
-0.4226182617407003, 0.0, 0.9063077870366496
-0.4226182617407003, 0.0, 0.9063077870366496
-0.42261826174070116, 1.1102230246251565e-15, 0.9063077870366492
-0.33403351917695123, -0.10286476764414891, 0.9369313996466213
-0.22142738646170793, -0.22142738646170107, 0.9497051253149463
-0.10286476764415271, -0.33403351917694407, 0.9369313996466234
1.1102230246251565e-16, -0.42261826174069383, 0.9063077870366526
6.982150666838977e-17, -0.42261826174069383, 0.9063077870366526
6.982150666838977e-17, -0.42261826174069383, 0.9063077870366526
6.982150666838977e-17, -0.42261826174069383, 0.9063077870366526
6.982150666838977e-17, -0.42261826174069383, 0.9063077870366526
6.982150666838977e-17, -0.42261826174069383, 0.9063077870366526
-4.163336342344337e-16, -0.42261826174069433, 0.9063077870366525
0.10286476764415022, -0.33403351917694485, 0.9369313996466233
0.22142738646170262, -0.22142738646170282, 0.9497051253149473
0.3340335191769446, -0.10286476764415042, 0.9369313996466235
0.42261826174069406, 2.775557561562891e-16, 0.9063077870366525
0.4226182617406938, 0.0, 0.9063077870366526
0.4226182617406938, 0.0, 0.9063077870366526
0.4226182617406938, 0.0, 0.9063077870366526
0.4226182617406938, 0.0, 0.9063077870366526
0.4226182617406938, 0.0, 0.9063077870366526
0.42261826174069483, -1.27675647831893e-15, 0.9063077870366523
0.3340335191769445, 0.10286476764415223, 0.9369313996466233
0.2214273864617016, 0.22142738646170748, 0.9497051253149464
0.10286476764414937, 0.33403351917695084, 0.9369313996466213
1.1102230246251563e-16, 0.42261826174070016, 0.9063077870366496
-6.982150666839085e-17, 0.4226182617407003, 0.9063077870366496
-6.982150666839085e-17, 0.4226182617407003, 0.9063077870366496
-6.982150666839085e-17, 0.4226182617407003, 0.9063077870366496
-6.982150666839085e-17, 0.4226182617407003, 0.9063077870366496
-6.982150666839085e-17, 0.4226182617407003, 0.9063077870366496
8.88178419700125e-16, 0.4226182617407011, 0.9063077870366493
-0.10286476764415066, 0.3340335191769515, 0.9369313996466211
-0.22142738646170504, 0.2214273864617078, 0.9497051253149454
-0.3340335191769488, 0.10286476764415345, 0.9369313996466215
-0.4226182617406998, 6.383782391594647e-16, 0.9063077870366497
-0.4226182617407003, 0.0, 0.9063077870366496
-0.4226182617407003, 0.0, 0.9063077870366496
-0.4226182617407003, 0.0, 0.9063077870366496
-0.4226182617407003, 0.0, 0.9063077870366496
-0.4226182617407003, 0.0, 0.9063077870366496
-0.42261826174070116, 1.1102230246251565e-15, 0.9063077870366492
-0.33403351917695073, -0.10286476764414954, 0.9369313996466214
-0.22142738646170793, -0.22142738646170107, 0.9497051253149463
-0.10286476764415209, -0.3340335191769447, 0.9369313996466233
7.494005416219805e-16, -0.4226182617406943, 0.9063077870366523
6.982150666838977e-17, -0.42261826174069383, 0.9063077870366526
6.982150666838977e-17, -0.42261826174069383, 0.9063077870366526
6.982150666838977e-17, -0.42261826174069383, 0.9063077870366526
6.982150666838977e-17, -0.42261826174069383, 0.9063077870366526
6.982150666838977e-17, -0.42261826174069383, 0.9063077870366526
-1.0824674490095274e-15, -0.4226182617406948, 0.906307787036652
0.1028647676441496, -0.33403351917694546, 0.9369313996466233
0.22142738646170135, -0.2214273864617041, 0.9497051253149473
0.334033519176944, -0.1028647676441511, 0.9369313996466236
0.42261826174069406, 2.775557561562891e-16, 0.9063077870366525
0.4226182617406938, 0.0, 0.9063077870366526
0.4226182617406938, 0.0, 0.9063077870366526
0.4226182617406938, 0.0, 0.9063077870366526
0.4226182617406938, 0.0, 0.9063077870366526
0.4226182617406938, 0.0, 0.9063077870366526
0.42261826174069483, -1.27675647831893e-15, 0.9063077870366523
0.3340335191769445, 0.10286476764415223, 0.9369313996466233
0.2214273864617016, 0.22142738646170748, 0.9497051253149464
0.10286476764415005, 0.3340335191769503, 0.9369313996466215
1.1102230246251563e-16, 0.42261826174070016, 0.9063077870366496
-6.982150666839085e-17, 0.4226182617407003, 0.9063077870366496
-6.982150666839085e-17, 0.4226182617407003, 0.9063077870366496
-6.982150666839085e-17, 0.4226182617407003, 0.9063077870366496
-6.982150666839085e-17, 0.4226182617407003, 0.9063077870366496
-6.982150666839085e-17, 0.4226182617407003, 0.9063077870366496
8.88178419700125e-16, 0.4226182617407011, 0.9063077870366493
-0.10286476764415127, 0.33403351917695084, 0.9369313996466211
-0.22142738646170504, 0.2214273864617078, 0.9497051253149454
-0.3340335191769488, 0.10286476764415345, 0.9369313996466215
-0.4226182617406992, 1.3045120539345583e-15, 0.90630778703665
-0.4226182617407003, 0.0, 0.9063077870366496
-0.4226182617407003, 0.0, 0.9063077870366496
-0.4226182617407003, 0.0, 0.9063077870366496
-0.4226182617407003, 0.0, 0.9063077870366496
-0.4226182617407003, 0.0, 0.9063077870366496
-0.42261826174070116, 1.1102230246251565e-15, 0.9063077870366492
-0.33403351917695073, -0.10286476764414954, 0.9369313996466214
-0.22142738646170732, -0.22142738646170168, 0.9497051253149464
-0.10286476764415209, -0.3340335191769447, 0.9369313996466233
1.4432899320127037e-15, -0.42261826174069494, 0.9063077870366522
6.982150666838977e-17, -0.42261826174069383, 0.9063077870366526
6.982150666838977e-17, -0.42261826174069383, 0.9063077870366526
6.982150666838977e-17, -0.42261826174069383, 0.9063077870366526
6.982150666838977e-17, -0.42261826174069383, 0.9063077870366526
6.982150666838977e-17, -0.42261826174069383, 0.9063077870366526
-1.0824674490095274e-15, -0.4226182617406948, 0.906307787036652
0.1028647676441496, -0.33403351917694546, 0.9369313996466233
0.22142738646170135, -0.2214273864617041, 0.9497051253149473
0.334033519176944, -0.1028647676441511, 0.9369313996466236
0.42261826174069406, 2.775557561562891e-16, 0.9063077870366525
0.4226182617406938, 0.0, 0.9063077870366526
0.4226182617406938, 0.0, 0.9063077870366526
0.4226182617406938, 0.0, 0.9063077870366526
0.4226182617406938, 0.0, 0.9063077870366526
0.4226182617406938, 0.0, 0.9063077870366526
0.42261826174069533, -1.9428902930940236e-15, 0.9063077870366518
0.3340335191769445, 0.10286476764415223, 0.9369313996466233
0.22142738646170285, 0.22142738646170623, 0.9497051253149464
0.10286476764415005, 0.3340335191769503, 0.9369313996466215
-5.828670879282071e-16, 0.4226182617407007, 0.9063077870366494
-6.982150666839085e-17, 0.4226182617407003, 0.9063077870366496
-6.982150666839085e-17, 0.4226182617407003, 0.9063077870366496
-6.982150666839085e-17, 0.4226182617407003, 0.9063077870366496
-6.982150666839085e-17, 0.4226182617407003, 0.9063077870366496
-6.982150666839085e-17, 0.4226182617407003, 0.9063077870366496
8.88178419700125e-16, 0.4226182617407011, 0.9063077870366493
-0.10286476764415066, 0.3340335191769515, 0.9369313996466211
-0.22142738646170568, 0.22142738646170715, 0.9497051253149456
-0.3340335191769488, 0.10286476764415345, 0.9369313996466215
-0.4226182617406998, 6.383782391594647e-16, 0.9063077870366497
-0.4226182617407003, 0.0, 0.9063077870366496
-0.4226182617407003, 0.0, 0.9063077870366496
-0.4226182617407003, 0.0, 0.9063077870366496
-0.4226182617407003, 0.0, 0.9063077870366496
-0.4226182617407003, 0.0, 0.9063077870366496
-0.42261826174070116, 1.1102230246251565e-15, 0.9063077870366492
-0.33403351917695123, -0.10286476764414891, 0.9369313996466213
-0.22142738646170793, -0.22142738646170107, 0.9497051253149463
-0.10286476764415271, -0.33403351917694407, 0.9369313996466234
1.1102230246251565e-16, -0.42261826174069383, 0.9063077870366526
6.982150666838977e-17, -0.42261826174069383, 0.9063077870366526
6.982150666838977e-17, -0.42261826174069383, 0.9063077870366526
6.982150666838977e-17, -0.42261826174069383, 0.9063077870366526
6.982150666838977e-17, -0.42261826174069383, 0.9063077870366526
6.982150666838977e-17, -0.42261826174069383, 0.9063077870366526
-4.163336342344337e-16, -0.42261826174069433, 0.9063077870366525
0.10286476764415087, -0.33403351917694424, 0.9369313996466234
0.22142738646170262, -0.22142738646170282, 0.9497051253149473
0.3340335191769452, -0.10286476764414977, 0.9369313996466233
0.42261826174069406, 2.775557561562891e-16, 0.9063077870366525
0.4226182617406938, 0.0, 0.9063077870366526
0.4226182617406938, 0.0, 0.9063077870366526
0.4226182617406938, 0.0, 0.9063077870366526
0.4226182617406938, 0.0, 0.9063077870366526
0.4226182617406938, 0.0, 0.9063077870366526
0.42261826174069483, -1.27675647831893e-15, 0.9063077870366523
0.33403351917694574, 0.10286476764415094, 0.936931399646623
0.22142738646170285, 0.22142738646170623, 0.9497051253149464
0.10286476764415071, 0.3340335191769496, 0.9369313996466215
1.1102230246251563e-16, 0.42261826174070016, 0.9063077870366496
-6.982150666839085e-17, 0.4226182617407003, 0.9063077870366496
-6.982150666839085e-17, 0.4226182617407003, 0.9063077870366496
-6.982150666839085e-17, 0.4226182617407003, 0.9063077870366496
-6.982150666839085e-17, 0.4226182617407003, 0.9063077870366496
-6.982150666839085e-17, 0.4226182617407003, 0.9063077870366496
1.5265566588595898e-15, 0.42261826174070166, 0.906307787036649
-0.10286476764415066, 0.3340335191769515, 0.9369313996466211
-0.22142738646170504, 0.2214273864617078, 0.9497051253149454
-0.3340335191769488, 0.10286476764415345, 0.9369313996466215
-0.4226182617406998, 6.383782391594647e-16, 0.9063077870366497
-0.4226182617407003, 0.0, 0.9063077870366496
-0.4226182617407003, 0.0, 0.9063077870366496
-0.4226182617407003, 0.0, 0.9063077870366496
-0.4226182617407003, 0.0, 0.9063077870366496
-0.4226182617407003, 0.0, 0.9063077870366496
-0.4226182617407006, 3.885780586188048e-16, 0.9063077870366495
-0.33403351917695123, -0.10286476764414891, 0.9369313996466213
-0.22142738646170732, -0.22142738646170168, 0.9497051253149464
-0.10286476764415271, -0.33403351917694407, 0.9369313996466234
1.4432899320127037e-15, -0.42261826174069494, 0.9063077870366522
6.982150666838977e-17, -0.42261826174069383, 0.9063077870366526
6.982150666838977e-17, -0.42261826174069383, 0.9063077870366526
6.982150666838977e-17, -0.42261826174069383, 0.9063077870366526
6.982150666838977e-17, -0.42261826174069383, 0.9063077870366526
6.982150666838977e-17, -0.42261826174069383, 0.9063077870366526
-4.163336342344337e-16, -0.42261826174069433, 0.9063077870366525
0.10286476764415022, -0.33403351917694485, 0.9369313996466233
0.22142738646170262, -0.22142738646170282, 0.9497051253149473
0.3340335191769446, -0.10286476764415042, 0.9369313996466235
0.42261826174069406, 2.775557561562891e-16, 0.9063077870366525
0.4226182617406938, 0.0, 0.9063077870366526
0.4226182617406938, 0.0, 0.9063077870366526
0.4226182617406938, 0.0, 0.9063077870366526
0.4226182617406938, 0.0, 0.9063077870366526
0.4226182617406938, 0.0, 0.9063077870366526
0.42261826174069483, -1.27675647831893e-15, 0.9063077870366523
0.33403351917694507, 0.10286476764415159, 0.9369313996466231
0.22142738646170285, 0.22142738646170623, 0.9497051253149464
0.10286476764415071, 0.3340335191769496, 0.9369313996466215
1.1102230246251563e-16, 0.42261826174070016, 0.9063077870366496
-6.982150666839085e-17, 0.4226182617407003, 0.9063077870366496
-6.982150666839085e-17, 0.4226182617407003, 0.9063077870366496
-6.982150666839085e-17, 0.4226182617407003, 0.9063077870366496
-6.982150666839085e-17, 0.4226182617407003, 0.9063077870366496
-6.982150666839085e-17, 0.4226182617407003, 0.9063077870366496
8.88178419700125e-16, 0.4226182617407011, 0.9063077870366493
-0.10286476764415066, 0.3340335191769515, 0.9369313996466211
-0.22142738646170504, 0.2214273864617078, 0.9497051253149454
-0.3340335191769488, 0.10286476764415345, 0.9369313996466215
-0.4226182617406992, 1.3045120539345583e-15, 0.90630778703665
-0.4226182617407003, 0.0, 0.9063077870366496
-0.4226182617407003, 0.0, 0.9063077870366496
-0.4226182617407003, 0.0, 0.9063077870366496
-0.4226182617407003, 0.0, 0.9063077870366496
-0.4226182617407003, 0.0, 0.9063077870366496
-0.42261826174070116, 1.1102230246251565e-15, 0.9063077870366492
-0.33403351917695073, -0.10286476764414954, 0.9369313996466214
-0.22142738646170732, -0.22142738646170168, 0.9497051253149464
-0.10286476764415209, -0.3340335191769447, 0.9369313996466233
1.1102230246251565e-16, -0.42261826174069383, 0.9063077870366526
6.982150666838977e-17, -0.42261826174069383, 0.9063077870366526
6.982150666838977e-17, -0.42261826174069383, 0.9063077870366526
6.982150666838977e-17, -0.42261826174069383, 0.9063077870366526
6.982150666838977e-17, -0.42261826174069383, 0.9063077870366526
6.982150666838977e-17, -0.42261826174069383, 0.9063077870366526
-4.163336342344337e-16, -0.42261826174069433, 0.9063077870366525
0.10286476764415087, -0.33403351917694424, 0.9369313996466234
0.22142738646170262, -0.22142738646170282, 0.9497051253149473
0.334033519176944, -0.1028647676441511, 0.9369313996466236
0.42261826174069406, 2.775557561562891e-16, 0.9063077870366525
0.4226182617406938, 0.0, 0.9063077870366526
0.4226182617406938, 0.0, 0.9063077870366526
0.4226182617406938, 0.0, 0.9063077870366526
0.4226182617406938, 0.0, 0.9063077870366526
0.4226182617406938, 0.0, 0.9063077870366526
0.42261826174069483, -1.27675647831893e-15, 0.9063077870366523
0.33403351917694574, 0.10286476764415094, 0.936931399646623
0.22142738646170285, 0.22142738646170623, 0.9497051253149464
0.10286476764415071, 0.3340335191769496, 0.9369313996466215
1.1102230246251563e-16, 0.42261826174070016, 0.9063077870366496
-6.982150666839085e-17, 0.4226182617407003, 0.9063077870366496
-6.982150666839085e-17, 0.4226182617407003, 0.9063077870366496
-6.982150666839085e-17, 0.4226182617407003, 0.9063077870366496
-6.982150666839085e-17, 0.4226182617407003, 0.9063077870366496
-6.982150666839085e-17, 0.4226182617407003, 0.9063077870366496
8.88178419700125e-16, 0.4226182617407011, 0.9063077870366493
-0.10286476764415127, 0.33403351917695084, 0.9369313996466211
-0.22142738646170504, 0.2214273864617078, 0.9497051253149454
-0.3340335191769488, 0.10286476764415345, 0.9369313996466215
-0.4226182617406992, 1.3045120539345583e-15, 0.90630778703665
-0.4226182617407003, 0.0, 0.9063077870366496
-0.4226182617407003, 0.0, 0.9063077870366496
-0.4226182617407003, 0.0, 0.9063077870366496
-0.4226182617407003, 0.0, 0.9063077870366496
-0.4226182617407003, 0.0, 0.9063077870366496
-0.42261826174070116, 1.1102230246251565e-15, 0.9063077870366492
-0.33403351917695073, -0.10286476764414954, 0.9369313996466214
-0.22142738646170793, -0.22142738646170107, 0.9497051253149463
-0.10286476764415271, -0.33403351917694407, 0.9369313996466234
7.494005416219805e-16, -0.4226182617406943, 0.9063077870366523
6.982150666838977e-17, -0.42261826174069383, 0.9063077870366526
6.982150666838977e-17, -0.42261826174069383, 0.9063077870366526
6.982150666838977e-17, -0.42261826174069383, 0.9063077870366526
6.982150666838977e-17, -0.42261826174069383, 0.9063077870366526
6.982150666838977e-17, -0.42261826174069383, 0.9063077870366526
-4.163336342344337e-16, -0.42261826174069433, 0.9063077870366525
0.10286476764415022, -0.33403351917694485, 0.9369313996466233
0.22142738646170262, -0.22142738646170282, 0.9497051253149473
0.334033519176944, -0.1028647676441511, 0.9369313996466236
0.42261826174069406, 2.775557561562891e-16, 0.9063077870366525
0.4226182617406938, 0.0, 0.9063077870366526
0.4226182617406938, 0.0, 0.9063077870366526
0.4226182617406938, 0.0, 0.9063077870366526
0.4226182617406938, 0.0, 0.9063077870366526
0.4226182617406938, 0.0, 0.9063077870366526
0.42261826174069483, -1.27675647831893e-15, 0.9063077870366523
0.3340335191769445, 0.10286476764415223, 0.9369313996466233
0.2214273864617016, 0.22142738646170748, 0.9497051253149464
0.10286476764415005, 0.3340335191769503, 0.9369313996466215
1.1102230246251563e-16, 0.42261826174070016, 0.9063077870366496
-6.982150666839085e-17, 0.4226182617407003, 0.9063077870366496
-6.982150666839085e-17, 0.4226182617407003, 0.9063077870366496
-6.982150666839085e-17, 0.4226182617407003, 0.9063077870366496
-6.982150666839085e-17, 0.4226182617407003, 0.9063077870366496
-6.982150666839085e-17, 0.4226182617407003, 0.9063077870366496
8.88178419700125e-16, 0.4226182617407011, 0.9063077870366493
-0.10286476764415066, 0.3340335191769515, 0.9369313996466211
-0.22142738646170568, 0.22142738646170715, 0.9497051253149456
-0.3340335191769488, 0.10286476764415345, 0.9369313996466215
-0.4226182617406998, 6.383782391594647e-16, 0.9063077870366497
-0.4226182617407003, 0.0, 0.9063077870366496
-0.4226182617407003, 0.0, 0.9063077870366496
-0.4226182617407003, 0.0, 0.9063077870366496
-0.4226182617407003, 0.0, 0.9063077870366496
-0.4226182617407003, 0.0, 0.9063077870366496
-0.42261826174070116, 1.1102230246251565e-15, 0.9063077870366492
-0.33403351917695123, -0.10286476764414891, 0.9369313996466213
-0.22142738646170732, -0.22142738646170168, 0.9497051253149464
-0.10286476764415271, -0.33403351917694407, 0.9369313996466234
7.494005416219805e-16, -0.4226182617406943, 0.9063077870366523
6.982150666838977e-17, -0.42261826174069383, 0.9063077870366526
6.982150666838977e-17, -0.42261826174069383, 0.9063077870366526
6.982150666838977e-17, -0.42261826174069383, 0.9063077870366526
6.982150666838977e-17, -0.42261826174069383, 0.9063077870366526
6.982150666838977e-17, -0.42261826174069383, 0.9063077870366526
-4.163336342344337e-16, -0.42261826174069433, 0.9063077870366525
0.10286476764415087, -0.33403351917694424, 0.9369313996466234
0.22142738646170262, -0.22142738646170282, 0.9497051253149473
0.3340335191769446, -0.10286476764415042, 0.9369313996466235
0.42261826174069406, 2.775557561562891e-16, 0.9063077870366525
0.4226182617406938, 0.0, 0.9063077870366526
0.4226182617406938, 0.0, 0.9063077870366526
0.4226182617406938, 0.0, 0.9063077870366526
0.4226182617406938, 0.0, 0.9063077870366526
0.4226182617406938, 0.0, 0.9063077870366526
0.42261826174069483, -1.27675647831893e-15, 0.9063077870366523
0.3340335191769445, 0.10286476764415223, 0.9369313996466233
0.2214273864617016, 0.22142738646170748, 0.9497051253149464
0.10286476764415005, 0.3340335191769503, 0.9369313996466215
1.1102230246251563e-16, 0.42261826174070016, 0.9063077870366496
-6.982150666839085e-17, 0.4226182617407003, 0.9063077870366496
-6.982150666839085e-17, 0.4226182617407003, 0.9063077870366496
-6.982150666839085e-17, 0.4226182617407003, 0.9063077870366496
-6.982150666839085e-17, 0.4226182617407003, 0.9063077870366496
-6.982150666839085e-17, 0.4226182617407003, 0.9063077870366496
8.88178419700125e-16, 0.4226182617407011, 0.9063077870366493
-0.10286476764415066, 0.3340335191769515, 0.9369313996466211
-0.22142738646170504, 0.2214273864617078, 0.9497051253149454
-0.3340335191769483, 0.1028647676441541, 0.9369313996466218
-0.4226182617406992, 1.3045120539345583e-15, 0.90630778703665
-0.4226182617407003, 0.0, 0.9063077870366496
-0.4226182617407003, 0.0, 0.9063077870366496
-0.4226182617407003, 0.0, 0.9063077870366496
-0.4226182617407003, 0.0, 0.9063077870366496
-0.4226182617407003, 0.0, 0.9063077870366496
-0.42261826174070116, 1.1102230246251565e-15, 0.9063077870366492
-0.33403351917695073, -0.10286476764414954, 0.9369313996466214
-0.22142738646170793, -0.22142738646170107, 0.9497051253149463
-0.10286476764415209, -0.3340335191769447, 0.9369313996466233
7.494005416219805e-16, -0.4226182617406943, 0.9063077870366523
6.982150666838977e-17, -0.42261826174069383, 0.9063077870366526
6.982150666838977e-17, -0.42261826174069383, 0.9063077870366526
6.982150666838977e-17, -0.42261826174069383, 0.9063077870366526
6.982150666838977e-17, -0.42261826174069383, 0.9063077870366526
6.982150666838977e-17, -0.42261826174069383, 0.9063077870366526
-4.163336342344337e-16, -0.42261826174069433, 0.9063077870366525
0.10286476764415022, -0.33403351917694485, 0.9369313996466233
0.22142738646170135, -0.2214273864617041, 0.9497051253149473
0.334033519176944, -0.1028647676441511, 0.9369313996466236
0.42261826174069406, 2.775557561562891e-16, 0.9063077870366525
0.4226182617406938, 0.0, 0.9063077870366526
0.4226182617406938, 0.0, 0.9063077870366526
0.4226182617406938, 0.0, 0.9063077870366526
0.4226182617406938, 0.0, 0.9063077870366526
0.4226182617406938, 0.0, 0.9063077870366526
0.42261826174069483, -1.27675647831893e-15, 0.9063077870366523
0.33403351917694507, 0.10286476764415159, 0.9369313996466231
0.2214273864617016, 0.22142738646170748, 0.9497051253149464
0.10286476764415005, 0.3340335191769503, 0.9369313996466215
1.1102230246251563e-16, 0.42261826174070016, 0.9063077870366496
-6.982150666839085e-17, 0.4226182617407003, 0.9063077870366496
-6.982150666839085e-17, 0.4226182617407003, 0.9063077870366496
-6.982150666839085e-17, 0.4226182617407003, 0.9063077870366496
-6.982150666839085e-17, 0.4226182617407003, 0.9063077870366496
-6.982150666839085e-17, 0.4226182617407003, 0.9063077870366496
8.88178419700125e-16, 0.4226182617407011, 0.9063077870366493
-0.10286476764415066, 0.3340335191769515, 0.9369313996466211
-0.22142738646170504, 0.2214273864617078, 0.9497051253149454
-0.3340335191769488, 0.10286476764415345, 0.9369313996466215
-0.4226182617406998, 6.383782391594647e-16, 0.9063077870366497
-0.4226182617407003, 0.0, 0.9063077870366496
-0.4226182617407003, 0.0, 0.9063077870366496
-0.4226182617407003, 0.0, 0.9063077870366496
-0.4226182617407003, 0.0, 0.9063077870366496
-0.4226182617407003, 0.0, 0.9063077870366496
-0.4226182617407006, 3.885780586188048e-16, 0.9063077870366495
-0.33403351917695073, -0.10286476764414954, 0.9369313996466214
-0.22142738646170732, -0.22142738646170168, 0.9497051253149464
-0.10286476764415209, -0.3340335191769447, 0.9369313996466233
1.4432899320127037e-15, -0.42261826174069494, 0.9063077870366522
6.982150666838977e-17, -0.42261826174069383, 0.9063077870366526
6.982150666838977e-17, -0.42261826174069383, 0.9063077870366526
6.982150666838977e-17, -0.42261826174069383, 0.9063077870366526
6.982150666838977e-17, -0.42261826174069383, 0.9063077870366526
6.982150666838977e-17, -0.42261826174069383, 0.9063077870366526
-1.0824674490095274e-15, -0.4226182617406948, 0.906307787036652
0.10286476764415022, -0.33403351917694485, 0.9369313996466233
0.22142738646170199, -0.22142738646170346, 0.9497051253149473
0.334033519176944, -0.1028647676441511, 0.9369313996466236
0.4226182617406936, -3.3306690738754696e-16, 0.9063077870366528
0.4226182617406938, 0.0, 0.9063077870366526
0.4226182617406938, 0.0, 0.9063077870366526
0.4226182617406938, 0.0, 0.9063077870366526
0.4226182617406938, 0.0, 0.9063077870366526
0.4226182617406938, 0.0, 0.9063077870366526
0.42261826174069483, -1.27675647831893e-15, 0.9063077870366523
0.33403351917694507, 0.10286476764415159, 0.9369313996466231
0.22142738646170224, 0.22142738646170687, 0.9497051253149464
0.10286476764415005, 0.3340335191769503, 0.9369313996466215
1.1102230246251563e-16, 0.42261826174070016, 0.9063077870366496
-6.982150666839085e-17, 0.4226182617407003, 0.9063077870366496
-6.982150666839085e-17, 0.4226182617407003, 0.9063077870366496
-6.982150666839085e-17, 0.4226182617407003, 0.9063077870366496
-6.982150666839085e-17, 0.4226182617407003, 0.9063077870366496
-6.982150666839085e-17, 0.4226182617407003, 0.9063077870366496
8.88178419700125e-16, 0.4226182617407011, 0.9063077870366493
-0.10286476764415127, 0.33403351917695084, 0.9369313996466211
-0.22142738646170504, 0.2214273864617078, 0.9497051253149454
-0.3340335191769488, 0.10286476764415345, 0.9369313996466215
-0.4226182617406992, 1.3045120539345583e-15, 0.90630778703665
-0.4226182617407003, 0.0, 0.9063077870366496
-0.4226182617407003, 0.0, 0.9063077870366496
-0.4226182617407003, 0.0, 0.9063077870366496
-0.4226182617407003, 0.0, 0.9063077870366496
-0.4226182617407003, 0.0, 0.9063077870366496
-0.4226182617407006, 3.885780586188048e-16, 0.9063077870366495
-0.33403351917695123, -0.10286476764414891, 0.9369313996466213
-0.22142738646170732, -0.22142738646170168, 0.9497051253149464
-0.10286476764415209, -0.3340335191769447, 0.9369313996466233
1.4432899320127037e-15, -0.42261826174069494, 0.9063077870366522
6.982150666838977e-17, -0.42261826174069383, 0.9063077870366526
6.982150666838977e-17, -0.42261826174069383, 0.9063077870366526
6.982150666838977e-17, -0.42261826174069383, 0.9063077870366526
6.982150666838977e-17, -0.42261826174069383, 0.9063077870366526
6.982150666838977e-17, -0.42261826174069383, 0.9063077870366526
-4.163336342344337e-16, -0.42261826174069433, 0.9063077870366525
0.10286476764415022, -0.33403351917694485, 0.9369313996466233
0.22142738646170199, -0.22142738646170346, 0.9497051253149473
0.334033519176944, -0.1028647676441511, 0.9369313996466236
0.42261826174069406, 2.775557561562891e-16, 0.9063077870366525
0.4226182617406938, 0.0, 0.9063077870366526
0.4226182617406938, 0.0, 0.9063077870366526
0.4226182617406938, 0.0, 0.9063077870366526
0.4226182617406938, 0.0, 0.9063077870366526
0.4226182617406938, 0.0, 0.9063077870366526
0.42261826174069483, -1.27675647831893e-15, 0.9063077870366523
0.33403351917694507, 0.10286476764415159, 0.9369313996466231
0.22142738646170224, 0.22142738646170687, 0.9497051253149464
0.10286476764415071, 0.3340335191769496, 0.9369313996466215
1.1102230246251563e-16, 0.42261826174070016, 0.9063077870366496
-6.982150666839085e-17, 0.4226182617407003, 0.9063077870366496
-6.982150666839085e-17, 0.4226182617407003, 0.9063077870366496
-6.982150666839085e-17, 0.4226182617407003, 0.9063077870366496
-6.982150666839085e-17, 0.4226182617407003, 0.9063077870366496
-6.982150666839085e-17, 0.4226182617407003, 0.9063077870366496
8.88178419700125e-16, 0.4226182617407011, 0.9063077870366493
-0.10286476764415066, 0.3340335191769515, 0.9369313996466211
-0.22142738646170504, 0.2214273864617078, 0.9497051253149454
-0.3340335191769488, 0.10286476764415345, 0.9369313996466215
-0.4226182617406998, 6.383782391594647e-16, 0.9063077870366497
-0.4226182617407003, 0.0, 0.9063077870366496
-0.4226182617407003, 0.0, 0.9063077870366496
-0.4226182617407003, 0.0, 0.9063077870366496
-0.4226182617407003, 0.0, 0.9063077870366496
-0.4226182617407003, 0.0, 0.9063077870366496
-0.42261826174070116, 1.1102230246251565e-15, 0.9063077870366492
-0.33403351917695073, -0.10286476764414954, 0.9369313996466214
-0.22142738646170732, -0.22142738646170168, 0.9497051253149464
-0.10286476764415209, -0.3340335191769447, 0.9369313996466233
1.4432899320127037e-15, -0.42261826174069494, 0.9063077870366522
6.982150666838977e-17, -0.42261826174069383, 0.9063077870366526
6.982150666838977e-17, -0.42261826174069383, 0.9063077870366526
6.982150666838977e-17, -0.42261826174069383, 0.9063077870366526
6.982150666838977e-17, -0.42261826174069383, 0.9063077870366526
6.982150666838977e-17, -0.42261826174069383, 0.9063077870366526
-4.163336342344337e-16, -0.42261826174069433, 0.9063077870366525
0.1028647676441496, -0.33403351917694546, 0.9369313996466233
0.22142738646170135, -0.2214273864617041, 0.9497051253149473
0.334033519176944, -0.1028647676441511, 0.9369313996466236
0.42261826174069406, 2.775557561562891e-16, 0.9063077870366525
0.4226182617406938, 0.0, 0.9063077870366526
0.4226182617406938, 0.0, 0.9063077870366526
0.4226182617406938, 0.0, 0.9063077870366526
0.4226182617406938, 0.0, 0.9063077870366526
0.4226182617406938, 0.0, 0.9063077870366526
0.42261826174069483, -1.27675647831893e-15, 0.9063077870366523
0.3340335191769445, 0.10286476764415223, 0.9369313996466233
0.22142738646170285, 0.22142738646170623, 0.9497051253149464
0.10286476764415071, 0.3340335191769496, 0.9369313996466215
1.1102230246251563e-16, 0.42261826174070016, 0.9063077870366496
-6.982150666839085e-17, 0.4226182617407003, 0.9063077870366496
-6.982150666839085e-17, 0.4226182617407003, 0.9063077870366496
-6.982150666839085e-17, 0.4226182617407003, 0.9063077870366496
-6.982150666839085e-17, 0.4226182617407003, 0.9063077870366496
-6.982150666839085e-17, 0.4226182617407003, 0.9063077870366496
8.88178419700125e-16, 0.4226182617407011, 0.9063077870366493
-0.10286476764415127, 0.33403351917695084, 0.9369313996466211
-0.22142738646170504, 0.2214273864617078, 0.9497051253149454
-0.3340335191769488, 0.10286476764415345, 0.9369313996466215
-0.4226182617406992, 1.3045120539345583e-15, 0.90630778703665
-0.4226182617407003, 0.0, 0.9063077870366496
-0.4226182617407003, 0.0, 0.9063077870366496
-0.4226182617407003, 0.0, 0.9063077870366496
-0.4226182617407003, 0.0, 0.9063077870366496
-0.4226182617407003, 0.0, 0.9063077870366496
-0.42261826174070116, 1.1102230246251565e-15, 0.9063077870366492
-0.33403351917695073, -0.10286476764414954, 0.9369313996466214
-0.22142738646170732, -0.22142738646170168, 0.9497051253149464
-0.10286476764415271, -0.33403351917694407, 0.9369313996466234
7.494005416219805e-16, -0.4226182617406943, 0.9063077870366523
6.982150666838977e-17, -0.42261826174069383, 0.9063077870366526
6.982150666838977e-17, -0.42261826174069383, 0.9063077870366526
6.982150666838977e-17, -0.42261826174069383, 0.9063077870366526
6.982150666838977e-17, -0.42261826174069383, 0.9063077870366526
6.982150666838977e-17, -0.42261826174069383, 0.9063077870366526
-4.163336342344337e-16, -0.42261826174069433, 0.9063077870366525
0.10286476764415087, -0.33403351917694424, 0.9369313996466234
0.22142738646170199, -0.22142738646170346, 0.9497051253149473
0.334033519176944, -0.1028647676441511, 0.9369313996466236
0.422618261740693, -1.0547118733938987e-15, 0.906307787036653
0.4226182617406938, 0.0, 0.9063077870366526
0.4226182617406938, 0.0, 0.9063077870366526
0.4226182617406938, 0.0, 0.9063077870366526
0.4226182617406938, 0.0, 0.9063077870366526
0.4226182617406938, 0.0, 0.9063077870366526
0.42261826174069533, -1.9428902930940236e-15, 0.9063077870366518
0.33403351917694507, 0.10286476764415159, 0.9369313996466231
0.2214273864617016, 0.22142738646170748, 0.9497051253149464
0.10286476764415005, 0.3340335191769503, 0.9369313996466215
1.1102230246251563e-16, 0.42261826174070016, 0.9063077870366496
-6.982150666839085e-17, 0.4226182617407003, 0.9063077870366496
-6.982150666839085e-17, 0.4226182617407003, 0.9063077870366496
-6.982150666839085e-17, 0.4226182617407003, 0.9063077870366496
-6.982150666839085e-17, 0.4226182617407003, 0.9063077870366496
-6.982150666839085e-17, 0.4226182617407003, 0.9063077870366496
8.88178419700125e-16, 0.4226182617407011, 0.9063077870366493
-0.10286476764415066, 0.3340335191769515, 0.9369313996466211
-0.22142738646170504, 0.2214273864617078, 0.9497051253149454
-0.3340335191769488, 0.10286476764415345, 0.9369313996466215
-0.4226182617406992, 1.3045120539345583e-15, 0.90630778703665
-0.4226182617407003, 0.0, 0.9063077870366496
-0.4226182617407003, 0.0, 0.9063077870366496
-0.4226182617407003, 0.0, 0.9063077870366496
-0.4226182617407003, 0.0, 0.9063077870366496
-0.4226182617407003, 0.0, 0.9063077870366496
-0.42261826174070116, 1.1102230246251565e-15, 0.9063077870366492
-0.33403351917695123, -0.10286476764414891, 0.9369313996466213
-0.22142738646170732, -0.22142738646170168, 0.9497051253149464
-0.10286476764415209, -0.3340335191769447, 0.9369313996466233
7.494005416219805e-16, -0.4226182617406943, 0.9063077870366523
6.982150666838977e-17, -0.42261826174069383, 0.9063077870366526
6.982150666838977e-17, -0.42261826174069383, 0.9063077870366526
6.982150666838977e-17, -0.42261826174069383, 0.9063077870366526
6.982150666838977e-17, -0.42261826174069383, 0.9063077870366526
6.982150666838977e-17, -0.42261826174069383, 0.9063077870366526
-4.163336342344337e-16, -0.42261826174069433, 0.9063077870366525
0.10286476764414894, -0.334033519176946, 0.9369313996466232
0.22142738646170135, -0.2214273864617041, 0.9497051253149473
0.334033519176944, -0.1028647676441511, 0.9369313996466236
0.42261826174069406, 2.775557561562891e-16, 0.9063077870366525
0.4226182617406938, 0.0, 0.9063077870366526
0.4226182617406938, 0.0, 0.9063077870366526
0.4226182617406938, 0.0, 0.9063077870366526
0.4226182617406938, 0.0, 0.9063077870366526
0.4226182617406938, 0.0, 0.9063077870366526
0.42261826174069483, -1.27675647831893e-15, 0.9063077870366523
0.33403351917694385, 0.1028647676441529, 0.9369313996466233
0.2214273864617016, 0.22142738646170748, 0.9497051253149464
0.10286476764415005, 0.3340335191769503, 0.9369313996466215
1.1102230246251563e-16, 0.42261826174070016, 0.9063077870366496
-6.982150666839085e-17, 0.4226182617407003, 0.9063077870366496
-6.982150666839085e-17, 0.4226182617407003, 0.9063077870366496
-6.982150666839085e-17, 0.4226182617407003, 0.9063077870366496
-6.982150666839085e-17, 0.4226182617407003, 0.9063077870366496
-6.982150666839085e-17, 0.4226182617407003, 0.9063077870366496
8.88178419700125e-16, 0.4226182617407011, 0.9063077870366493
-0.10286476764415066, 0.3340335191769515, 0.9369313996466211
-0.22142738646170504, 0.2214273864617078, 0.9497051253149454
-0.3340335191769488, 0.10286476764415345, 0.9369313996466215
-0.4226182617406998, 6.383782391594647e-16, 0.9063077870366497
-0.4226182617407003, 0.0, 0.9063077870366496
-0.4226182617407003, 0.0, 0.9063077870366496
-0.4226182617407003, 0.0, 0.9063077870366496
-0.4226182617407003, 0.0, 0.9063077870366496
-0.4226182617407003, 0.0, 0.9063077870366496
-0.42261826174070116, 1.1102230246251565e-15, 0.9063077870366492
-0.33403351917695073, -0.10286476764414954, 0.9369313996466214
-0.22142738646170732, -0.22142738646170168, 0.9497051253149464
-0.10286476764415271, -0.33403351917694407, 0.9369313996466234
7.494005416219805e-16, -0.4226182617406943, 0.9063077870366523
6.982150666838977e-17, -0.42261826174069383, 0.9063077870366526
6.982150666838977e-17, -0.42261826174069383, 0.9063077870366526
6.982150666838977e-17, -0.42261826174069383, 0.9063077870366526
6.982150666838977e-17, -0.42261826174069383, 0.9063077870366526
6.982150666838977e-17, -0.42261826174069383, 0.9063077870366526
-4.163336342344337e-16, -0.42261826174069433, 0.9063077870366525
0.10286476764415022, -0.33403351917694485, 0.9369313996466233
0.22142738646170262, -0.22142738646170282, 0.9497051253149473
0.334033519176944, -0.1028647676441511, 0.9369313996466236
0.422618261740693, -1.0547118733938987e-15, 0.906307787036653
0.4226182617406938, 0.0, 0.9063077870366526
0.4226182617406938, 0.0, 0.9063077870366526
0.4226182617406938, 0.0, 0.9063077870366526
0.4226182617406938, 0.0, 0.9063077870366526
0.4226182617406938, 0.0, 0.9063077870366526
0.42261826174069483, -1.27675647831893e-15, 0.9063077870366523
0.33403351917694507, 0.10286476764415159, 0.9369313996466231
0.22142738646170224, 0.22142738646170687, 0.9497051253149464
0.10286476764415005, 0.3340335191769503, 0.9369313996466215
1.1102230246251563e-16, 0.42261826174070016, 0.9063077870366496
-6.982150666839085e-17, 0.4226182617407003, 0.9063077870366496
-6.982150666839085e-17, 0.4226182617407003, 0.9063077870366496
-6.982150666839085e-17, 0.4226182617407003, 0.9063077870366496
-6.982150666839085e-17, 0.4226182617407003, 0.9063077870366496
-6.982150666839085e-17, 0.4226182617407003, 0.9063077870366496
8.88178419700125e-16, 0.4226182617407011, 0.9063077870366493
-0.10286476764415066, 0.3340335191769515, 0.9369313996466211
-0.22142738646170504, 0.2214273864617078, 0.9497051253149454
-0.3340335191769488, 0.10286476764415345, 0.9369313996466215
-0.4226182617406992, 1.3045120539345583e-15, 0.90630778703665
-0.4226182617407003, 0.0, 0.9063077870366496
-0.4226182617407003, 0.0, 0.9063077870366496
-0.4226182617407003, 0.0, 0.9063077870366496
-0.4226182617407003, 0.0, 0.9063077870366496
-0.4226182617407003, 0.0, 0.9063077870366496
-0.42261826174070116, 1.1102230246251565e-15, 0.9063077870366492
-0.33403351917695073, -0.10286476764414954, 0.9369313996466214
-0.22142738646170793, -0.22142738646170107, 0.9497051253149463
-0.10286476764415271, -0.33403351917694407, 0.9369313996466234
7.494005416219805e-16, -0.4226182617406943, 0.9063077870366523
6.982150666838977e-17, -0.42261826174069383, 0.9063077870366526
6.982150666838977e-17, -0.42261826174069383, 0.9063077870366526
6.982150666838977e-17, -0.42261826174069383, 0.9063077870366526
6.982150666838977e-17, -0.42261826174069383, 0.9063077870366526
6.982150666838977e-17, -0.42261826174069383, 0.9063077870366526
-4.163336342344337e-16, -0.42261826174069433, 0.9063077870366525
0.10286476764415087, -0.33403351917694424, 0.9369313996466234
0.22142738646170199, -0.22142738646170346, 0.9497051253149473
0.334033519176944, -0.1028647676441511, 0.9369313996466236
0.42261826174069406, 2.775557561562891e-16, 0.9063077870366525
0.4226182617406938, 0.0, 0.9063077870366526
0.4226182617406938, 0.0, 0.9063077870366526
0.4226182617406938, 0.0, 0.9063077870366526
0.4226182617406938, 0.0, 0.9063077870366526
0.4226182617406938, 0.0, 0.9063077870366526
0.42261826174069483, -1.27675647831893e-15, 0.9063077870366523
0.33403351917694507, 0.10286476764415159, 0.9369313996466231
0.22142738646170224, 0.22142738646170687, 0.9497051253149464
0.10286476764414937, 0.33403351917695084, 0.9369313996466213
1.1102230246251563e-16, 0.42261826174070016, 0.9063077870366496
-6.982150666839085e-17, 0.4226182617407003, 0.9063077870366496
-6.982150666839085e-17, 0.4226182617407003, 0.9063077870366496
-6.982150666839085e-17, 0.4226182617407003, 0.9063077870366496
-6.982150666839085e-17, 0.4226182617407003, 0.9063077870366496
-6.982150666839085e-17, 0.4226182617407003, 0.9063077870366496
8.88178419700125e-16, 0.4226182617407011, 0.9063077870366493
-0.10286476764415127, 0.33403351917695084, 0.9369313996466211
-0.22142738646170504, 0.2214273864617078, 0.9497051253149454
-0.3340335191769495, 0.10286476764415282, 0.9369313996466215
-0.4226182617406998, 6.383782391594647e-16, 0.9063077870366497
-0.4226182617407003, 0.0, 0.9063077870366496
-0.4226182617407003, 0.0, 0.9063077870366496
-0.4226182617407003, 0.0, 0.9063077870366496
-0.4226182617407003, 0.0, 0.9063077870366496
-0.4226182617407003, 0.0, 0.9063077870366496
-0.42261826174070116, 1.1102230246251565e-15, 0.9063077870366492
-0.33403351917695123, -0.10286476764414891, 0.9369313996466213
-0.22142738646170732, -0.22142738646170168, 0.9497051253149464
-0.10286476764415271, -0.33403351917694407, 0.9369313996466234
7.494005416219805e-16, -0.4226182617406943, 0.9063077870366523
6.982150666838977e-17, -0.42261826174069383, 0.9063077870366526
6.982150666838977e-17, -0.42261826174069383, 0.9063077870366526
6.982150666838977e-17, -0.42261826174069383, 0.9063077870366526
6.982150666838977e-17, -0.42261826174069383, 0.9063077870366526
6.982150666838977e-17, -0.42261826174069383, 0.9063077870366526
-4.163336342344337e-16, -0.42261826174069433, 0.9063077870366525
0.10286476764415087, -0.33403351917694424, 0.9369313996466234
0.22142738646170199, -0.22142738646170346, 0.9497051253149473
0.334033519176944, -0.1028647676441511, 0.9369313996466236
0.4226182617406936, -3.3306690738754696e-16, 0.9063077870366528
0.4226182617406938, 0.0, 0.9063077870366526
0.4226182617406938, 0.0, 0.9063077870366526
0.4226182617406938, 0.0, 0.9063077870366526
0.4226182617406938, 0.0, 0.9063077870366526
0.4226182617406938, 0.0, 0.9063077870366526
0.42261826174069483, -1.27675647831893e-15, 0.9063077870366523
0.33403351917694507, 0.10286476764415159, 0.9369313996466231
0.22142738646170224, 0.22142738646170687, 0.9497051253149464
0.10286476764414937, 0.33403351917695084, 0.9369313996466213
1.1102230246251563e-16, 0.42261826174070016, 0.9063077870366496
-6.982150666839085e-17, 0.4226182617407003, 0.9063077870366496
-6.982150666839085e-17, 0.4226182617407003, 0.9063077870366496
-6.982150666839085e-17, 0.4226182617407003, 0.9063077870366496
-6.982150666839085e-17, 0.4226182617407003, 0.9063077870366496
-6.982150666839085e-17, 0.4226182617407003, 0.9063077870366496
8.88178419700125e-16, 0.4226182617407011, 0.9063077870366493
-0.10286476764415066, 0.3340335191769515, 0.9369313996466211
-0.22142738646170504, 0.2214273864617078, 0.9497051253149454
-0.3340335191769488, 0.10286476764415345, 0.9369313996466215
-0.4226182617406992, 1.3045120539345583e-15, 0.90630778703665
-0.4226182617407003, 0.0, 0.9063077870366496
-0.4226182617407003, 0.0, 0.9063077870366496
-0.4226182617407003, 0.0, 0.9063077870366496
-0.4226182617407003, 0.0, 0.9063077870366496
-0.4226182617407003, 0.0, 0.9063077870366496
-0.42261826174070116, 1.1102230246251565e-15, 0.9063077870366492
-0.33403351917695073, -0.10286476764414954, 0.9369313996466214
-0.22142738646170732, -0.22142738646170168, 0.9497051253149464
-0.10286476764415209, -0.3340335191769447, 0.9369313996466233
7.494005416219805e-16, -0.4226182617406943, 0.9063077870366523
6.982150666838977e-17, -0.42261826174069383, 0.9063077870366526
6.982150666838977e-17, -0.42261826174069383, 0.9063077870366526
6.982150666838977e-17, -0.42261826174069383, 0.9063077870366526
6.982150666838977e-17, -0.42261826174069383, 0.9063077870366526
6.982150666838977e-17, -0.42261826174069383, 0.9063077870366526
-4.163336342344337e-16, -0.42261826174069433, 0.9063077870366525
0.10286476764415087, -0.33403351917694424, 0.9369313996466234
0.22142738646170262, -0.22142738646170282, 0.9497051253149473
0.334033519176944, -0.1028647676441511, 0.9369313996466236
0.42261826174069406, 2.775557561562891e-16, 0.9063077870366525
0.4226182617406938, 0.0, 0.9063077870366526
0.4226182617406938, 0.0, 0.9063077870366526
0.4226182617406938, 0.0, 0.9063077870366526
0.4226182617406938, 0.0, 0.9063077870366526
0.4226182617406938, 0.0, 0.9063077870366526
0.42261826174069483, -1.27675647831893e-15, 0.9063077870366523
0.33403351917694507, 0.10286476764415159, 0.9369313996466231
0.22142738646170285, 0.22142738646170623, 0.9497051253149464
0.10286476764415071, 0.3340335191769496, 0.9369313996466215
1.1102230246251563e-16, 0.42261826174070016, 0.9063077870366496
-6.982150666839085e-17, 0.4226182617407003, 0.9063077870366496
-6.982150666839085e-17, 0.4226182617407003, 0.9063077870366496
-6.982150666839085e-17, 0.4226182617407003, 0.9063077870366496
-6.982150666839085e-17, 0.4226182617407003, 0.9063077870366496
-6.982150666839085e-17, 0.4226182617407003, 0.9063077870366496
8.88178419700125e-16, 0.4226182617407011, 0.9063077870366493
-0.10286476764415127, 0.33403351917695084, 0.9369313996466211
-0.22142738646170504, 0.2214273864617078, 0.9497051253149454
-0.3340335191769488, 0.10286476764415345, 0.9369313996466215
-0.4226182617406992, 1.3045120539345583e-15, 0.90630778703665
-0.4226182617407003, 0.0, 0.9063077870366496
-0.4226182617407003, 0.0, 0.9063077870366496
-0.4226182617407003, 0.0, 0.9063077870366496
-0.4226182617407003, 0.0, 0.9063077870366496
-0.4226182617407003, 0.0, 0.9063077870366496
-0.42261826174070116, 1.1102230246251565e-15, 0.9063077870366492
-0.33403351917695073, -0.10286476764414954, 0.9369313996466214
-0.22142738646170732, -0.22142738646170168, 0.9497051253149464
-0.10286476764415209, -0.3340335191769447, 0.9369313996466233
7.494005416219805e-16, -0.4226182617406943, 0.9063077870366523
6.982150666838977e-17, -0.42261826174069383, 0.9063077870366526
6.982150666838977e-17, -0.42261826174069383, 0.9063077870366526
6.982150666838977e-17, -0.42261826174069383, 0.9063077870366526
6.982150666838977e-17, -0.42261826174069383, 0.9063077870366526
6.982150666838977e-17, -0.42261826174069383, 0.9063077870366526
-4.163336342344337e-16, -0.42261826174069433, 0.9063077870366525
0.10286476764415022, -0.33403351917694485, 0.9369313996466233
0.22142738646170199, -0.22142738646170346, 0.9497051253149473
0.3340335191769446, -0.10286476764415042, 0.9369313996466235
0.4226182617406936, -3.3306690738754696e-16, 0.9063077870366528
0.4226182617406938, 0.0, 0.9063077870366526
0.4226182617406938, 0.0, 0.9063077870366526
0.4226182617406938, 0.0, 0.9063077870366526
0.4226182617406938, 0.0, 0.9063077870366526
0.4226182617406938, 0.0, 0.9063077870366526
0.4226182617406943, -6.10622663543836e-16, 0.9063077870366524
0.3340335191769445, 0.10286476764415223, 0.9369313996466233
0.22142738646170285, 0.22142738646170623, 0.9497051253149464
0.10286476764415071, 0.3340335191769496, 0.9369313996466215
1.1102230246251563e-16, 0.42261826174070016, 0.9063077870366496
-6.982150666839085e-17, 0.4226182617407003, 0.9063077870366496
-6.982150666839085e-17, 0.4226182617407003, 0.9063077870366496
-6.982150666839085e-17, 0.4226182617407003, 0.9063077870366496
-6.982150666839085e-17, 0.4226182617407003, 0.9063077870366496
-6.982150666839085e-17, 0.4226182617407003, 0.9063077870366496
8.88178419700125e-16, 0.4226182617407011, 0.9063077870366493
-0.10286476764415066, 0.3340335191769515, 0.9369313996466211
-0.22142738646170504, 0.2214273864617078, 0.9497051253149454
-0.3340335191769488, 0.10286476764415345, 0.9369313996466215
-0.4226182617406992, 1.3045120539345583e-15, 0.90630778703665
-0.4226182617407003, 0.0, 0.9063077870366496
-0.4226182617407003, 0.0, 0.9063077870366496
-0.4226182617407003, 0.0, 0.9063077870366496
-0.4226182617407003, 0.0, 0.9063077870366496
-0.4226182617407003, 0.0, 0.9063077870366496
-0.42261826174070116, 1.1102230246251565e-15, 0.9063077870366492
-0.33403351917695073, -0.10286476764414954, 0.9369313996466214
-0.22142738646170793, -0.22142738646170107, 0.9497051253149463
-0.10286476764415271, -0.33403351917694407, 0.9369313996466234
7.494005416219805e-16, -0.4226182617406943, 0.9063077870366523
6.982150666838977e-17, -0.42261826174069383, 0.9063077870366526
6.982150666838977e-17, -0.42261826174069383, 0.9063077870366526
6.982150666838977e-17, -0.42261826174069383, 0.9063077870366526
6.982150666838977e-17, -0.42261826174069383, 0.9063077870366526
6.982150666838977e-17, -0.42261826174069383, 0.9063077870366526
-4.163336342344337e-16, -0.42261826174069433, 0.9063077870366525
0.1028647676441496, -0.33403351917694546, 0.9369313996466233
0.22142738646170199, -0.22142738646170346, 0.9497051253149473
0.3340335191769446, -0.10286476764415042, 0.9369313996466235
0.42261826174069406, 2.775557561562891e-16, 0.9063077870366525
0.4226182617406938, 0.0, 0.9063077870366526
0.4226182617406938, 0.0, 0.9063077870366526
0.4226182617406938, 0.0, 0.9063077870366526
0.4226182617406938, 0.0, 0.9063077870366526
0.4226182617406938, 0.0, 0.9063077870366526
0.42261826174069483, -1.27675647831893e-15, 0.9063077870366523
0.3340335191769445, 0.10286476764415223, 0.9369313996466233
0.22142738646170224, 0.22142738646170687, 0.9497051253149464
0.10286476764415005, 0.3340335191769503, 0.9369313996466215
1.1102230246251563e-16, 0.42261826174070016, 0.9063077870366496
-6.982150666839085e-17, 0.4226182617407003, 0.9063077870366496
-6.982150666839085e-17, 0.4226182617407003, 0.9063077870366496
-6.982150666839085e-17, 0.4226182617407003, 0.9063077870366496
-6.982150666839085e-17, 0.4226182617407003, 0.9063077870366496
-6.982150666839085e-17, 0.4226182617407003, 0.9063077870366496
8.88178419700125e-16, 0.4226182617407011, 0.9063077870366493
-0.10286476764415066, 0.3340335191769515, 0.9369313996466211
-0.22142738646170568, 0.22142738646170715, 0.9497051253149456
-0.3340335191769488, 0.10286476764415345, 0.9369313996466215
-0.4226182617406998, 6.383782391594647e-16, 0.9063077870366497
-0.4226182617407003, 0.0, 0.9063077870366496
-0.4226182617407003, 0.0, 0.9063077870366496
-0.4226182617407003, 0.0, 0.9063077870366496
-0.4226182617407003, 0.0, 0.9063077870366496
-0.4226182617407003, 0.0, 0.9063077870366496
-0.42261826174070116, 1.1102230246251565e-15, 0.9063077870366492
-0.33403351917695073, -0.10286476764414954, 0.9369313996466214
-0.22142738646170793, -0.22142738646170107, 0.9497051253149463
-0.10286476764415271, -0.33403351917694407, 0.9369313996466234
7.494005416219805e-16, -0.4226182617406943, 0.9063077870366523
6.982150666838977e-17, -0.42261826174069383, 0.9063077870366526
6.982150666838977e-17, -0.42261826174069383, 0.9063077870366526
6.982150666838977e-17, -0.42261826174069383, 0.9063077870366526
6.982150666838977e-17, -0.42261826174069383, 0.9063077870366526
6.982150666838977e-17, -0.42261826174069383, 0.9063077870366526
-4.163336342344337e-16, -0.42261826174069433, 0.9063077870366525
0.10286476764415022, -0.33403351917694485, 0.9369313996466233
0.22142738646170262, -0.22142738646170282, 0.9497051253149473
0.3340335191769446, -0.10286476764415042, 0.9369313996466235
0.4226182617406936, -3.3306690738754696e-16, 0.9063077870366528
0.4226182617406938, 0.0, 0.9063077870366526
0.4226182617406938, 0.0, 0.9063077870366526
0.4226182617406938, 0.0, 0.9063077870366526
0.4226182617406938, 0.0, 0.9063077870366526
0.4226182617406938, 0.0, 0.9063077870366526
0.42261826174069483, -1.27675647831893e-15, 0.9063077870366523
0.33403351917694507, 0.10286476764415159, 0.9369313996466231
0.22142738646170285, 0.22142738646170623, 0.9497051253149464
0.10286476764415071, 0.3340335191769496, 0.9369313996466215
1.1102230246251563e-16, 0.42261826174070016, 0.9063077870366496
-6.982150666839085e-17, 0.4226182617407003, 0.9063077870366496
-6.982150666839085e-17, 0.4226182617407003, 0.9063077870366496
-6.982150666839085e-17, 0.4226182617407003, 0.9063077870366496
-6.982150666839085e-17, 0.4226182617407003, 0.9063077870366496
-6.982150666839085e-17, 0.4226182617407003, 0.9063077870366496
8.88178419700125e-16, 0.4226182617407011, 0.9063077870366493
-0.10286476764415066, 0.3340335191769515, 0.9369313996466211
-0.22142738646170504, 0.2214273864617078, 0.9497051253149454
-0.3340335191769488, 0.10286476764415345, 0.9369313996466215
-0.4226182617406998, 6.383782391594647e-16, 0.9063077870366497
-0.4226182617407003, 0.0, 0.9063077870366496
-0.4226182617407003, 0.0, 0.9063077870366496
-0.4226182617407003, 0.0, 0.9063077870366496
-0.4226182617407003, 0.0, 0.9063077870366496
-0.4226182617407003, 0.0, 0.9063077870366496
-0.42261826174070116, 1.1102230246251565e-15, 0.9063077870366492
-0.33403351917695073, -0.10286476764414954, 0.9369313996466214
-0.22142738646170732, -0.22142738646170168, 0.9497051253149464
-0.10286476764415209, -0.3340335191769447, 0.9369313996466233
7.494005416219805e-16, -0.4226182617406943, 0.9063077870366523
6.982150666838977e-17, -0.42261826174069383, 0.9063077870366526
6.982150666838977e-17, -0.42261826174069383, 0.9063077870366526
6.982150666838977e-17, -0.42261826174069383, 0.9063077870366526
6.982150666838977e-17, -0.42261826174069383, 0.9063077870366526
6.982150666838977e-17, -0.42261826174069383, 0.9063077870366526
-4.163336342344337e-16, -0.42261826174069433, 0.9063077870366525
0.1028647676441496, -0.33403351917694546, 0.9369313996466233
0.22142738646170199, -0.22142738646170346, 0.9497051253149473
0.334033519176944, -0.1028647676441511, 0.9369313996466236
0.42261826174069406, 2.775557561562891e-16, 0.9063077870366525
0.4226182617406938, 0.0, 0.9063077870366526
0.4226182617406938, 0.0, 0.9063077870366526
0.4226182617406938, 0.0, 0.9063077870366526
0.4226182617406938, 0.0, 0.9063077870366526
0.4226182617406938, 0.0, 0.9063077870366526
0.42261826174069483, -1.27675647831893e-15, 0.9063077870366523
0.33403351917694574, 0.10286476764415094, 0.936931399646623
0.22142738646170285, 0.22142738646170623, 0.9497051253149464
0.10286476764415071, 0.3340335191769496, 0.9369313996466215
1.1102230246251563e-16, 0.42261826174070016, 0.9063077870366496
-6.982150666839085e-17, 0.4226182617407003, 0.9063077870366496
-6.982150666839085e-17, 0.4226182617407003, 0.9063077870366496
-6.982150666839085e-17, 0.4226182617407003, 0.9063077870366496
-6.982150666839085e-17, 0.4226182617407003, 0.9063077870366496
-6.982150666839085e-17, 0.4226182617407003, 0.9063077870366496
8.88178419700125e-16, 0.4226182617407011, 0.9063077870366493
-0.10286476764415127, 0.33403351917695084, 0.9369313996466211
-0.22142738646170504, 0.2214273864617078, 0.9497051253149454
-0.3340335191769488, 0.10286476764415345, 0.9369313996466215
-0.4226182617406998, 6.383782391594647e-16, 0.9063077870366497
-0.4226182617407003, 0.0, 0.9063077870366496
-0.4226182617407003, 0.0, 0.9063077870366496
-0.4226182617407003, 0.0, 0.9063077870366496
-0.4226182617407003, 0.0, 0.9063077870366496
-0.4226182617407003, 0.0, 0.9063077870366496
-0.42261826174070116, 1.1102230246251565e-15, 0.9063077870366492
-0.33403351917695073, -0.10286476764414954, 0.9369313996466214
-0.22142738646170732, -0.22142738646170168, 0.9497051253149464
-0.10286476764415271, -0.33403351917694407, 0.9369313996466234
1.1102230246251565e-16, -0.42261826174069383, 0.9063077870366526
6.982150666838977e-17, -0.42261826174069383, 0.9063077870366526
6.982150666838977e-17, -0.42261826174069383, 0.9063077870366526
6.982150666838977e-17, -0.42261826174069383, 0.9063077870366526
6.982150666838977e-17, -0.42261826174069383, 0.9063077870366526
6.982150666838977e-17, -0.42261826174069383, 0.9063077870366526
-4.163336342344337e-16, -0.42261826174069433, 0.9063077870366525
0.10286476764415087, -0.33403351917694424, 0.9369313996466234
0.22142738646170199, -0.22142738646170346, 0.9497051253149473
0.334033519176944, -0.1028647676441511, 0.9369313996466236
0.422618261740693, -1.0547118733938987e-15, 0.906307787036653
0.4226182617406938, 0.0, 0.9063077870366526
0.4226182617406938, 0.0, 0.9063077870366526
0.4226182617406938, 0.0, 0.9063077870366526
0.4226182617406938, 0.0, 0.9063077870366526
0.4226182617406938, 0.0, 0.9063077870366526
0.42261826174069483, -1.27675647831893e-15, 0.9063077870366523
0.33403351917694574, 0.10286476764415094, 0.936931399646623
0.22142738646170285, 0.22142738646170623, 0.9497051253149464
0.10286476764415071, 0.3340335191769496, 0.9369313996466215
1.1102230246251563e-16, 0.42261826174070016, 0.9063077870366496
-6.982150666839085e-17, 0.4226182617407003, 0.9063077870366496
-6.982150666839085e-17, 0.4226182617407003, 0.9063077870366496
-6.982150666839085e-17, 0.4226182617407003, 0.9063077870366496
-6.982150666839085e-17, 0.4226182617407003, 0.9063077870366496
-6.982150666839085e-17, 0.4226182617407003, 0.9063077870366496
8.88178419700125e-16, 0.4226182617407011, 0.9063077870366493
-0.10286476764415066, 0.3340335191769515, 0.9369313996466211
-0.22142738646170504, 0.2214273864617078, 0.9497051253149454
-0.3340335191769488, 0.10286476764415345, 0.9369313996466215
-0.4226182617406998, 6.383782391594647e-16, 0.9063077870366497
-0.4226182617407003, 0.0, 0.9063077870366496
-0.4226182617407003, 0.0, 0.9063077870366496
-0.4226182617407003, 0.0, 0.9063077870366496
-0.4226182617407003, 0.0, 0.9063077870366496
-0.4226182617407003, 0.0, 0.9063077870366496
-0.42261826174070116, 1.1102230246251565e-15, 0.9063077870366492
-0.33403351917695073, -0.10286476764414954, 0.9369313996466214
-0.22142738646170793, -0.22142738646170107, 0.9497051253149463
-0.10286476764415271, -0.33403351917694407, 0.9369313996466234
7.494005416219805e-16, -0.4226182617406943, 0.9063077870366523
6.982150666838977e-17, -0.42261826174069383, 0.9063077870366526
6.982150666838977e-17, -0.42261826174069383, 0.9063077870366526
6.982150666838977e-17, -0.42261826174069383, 0.9063077870366526
6.982150666838977e-17, -0.42261826174069383, 0.9063077870366526
6.982150666838977e-17, -0.42261826174069383, 0.9063077870366526
-4.163336342344337e-16, -0.42261826174069433, 0.9063077870366525
0.10286476764415087, -0.33403351917694424, 0.9369313996466234
0.22142738646170262, -0.22142738646170282, 0.9497051253149473
0.3340335191769452, -0.10286476764414977, 0.9369313996466233
0.42261826174069406, 2.775557561562891e-16, 0.9063077870366525
0.4226182617406938, 0.0, 0.9063077870366526
0.4226182617406938, 0.0, 0.9063077870366526
0.4226182617406938, 0.0, 0.9063077870366526
0.4226182617406938, 0.0, 0.9063077870366526
0.4226182617406938, 0.0, 0.9063077870366526
0.42261826174069483, -1.27675647831893e-15, 0.9063077870366523
0.33403351917694507, 0.10286476764415159, 0.9369313996466231
0.22142738646170285, 0.22142738646170623, 0.9497051253149464
0.10286476764415071, 0.3340335191769496, 0.9369313996466215
1.1102230246251563e-16, 0.42261826174070016, 0.9063077870366496
-6.982150666839085e-17, 0.4226182617407003, 0.9063077870366496
-6.982150666839085e-17, 0.4226182617407003, 0.9063077870366496
-6.982150666839085e-17, 0.4226182617407003, 0.9063077870366496
-6.982150666839085e-17, 0.4226182617407003, 0.9063077870366496
-6.982150666839085e-17, 0.4226182617407003, 0.9063077870366496
8.88178419700125e-16, 0.4226182617407011, 0.9063077870366493
-0.10286476764415066, 0.3340335191769515, 0.9369313996466211
-0.22142738646170504, 0.2214273864617078, 0.9497051253149454
-0.3340335191769488, 0.10286476764415345, 0.9369313996466215
-0.4226182617406992, 1.3045120539345583e-15, 0.90630778703665
-0.4226182617407003, 0.0, 0.9063077870366496
-0.4226182617407003, 0.0, 0.9063077870366496
-0.4226182617407003, 0.0, 0.9063077870366496
-0.4226182617407003, 0.0, 0.9063077870366496
-0.4226182617407003, 0.0, 0.9063077870366496
-0.42261826174070116, 1.1102230246251565e-15, 0.9063077870366492
-0.33403351917695073, -0.10286476764414954, 0.9369313996466214
-0.22142738646170793, -0.22142738646170107, 0.9497051253149463
-0.10286476764415271, -0.33403351917694407, 0.9369313996466234
1.1102230246251565e-16, -0.42261826174069383, 0.9063077870366526
