37.01166571329239, 42.512605906405064, -0.09999989999321635
18.505833006646192, 42.512605906405064, -0.09999989999321635
2.9999999640040187e-07, 42.51260590640506, -0.09999989999321635
-18.5058324066462, 42.51260590640506, -0.09999989999321635
-37.0116651132924, 42.51260590640505, -0.09999989999321635
-37.0116651132924, 42.51260590640505, -0.09999989999321632
-39.22356588023528, 42.23555295386676, -0.09999989999321632
-41.15193029115502, 41.15193029113242, -0.09999989999321632
-42.23555295381199, 39.22356588021028, -0.09999989999321632
-42.51260590640505, 37.01166511329237, -0.09999989999321632
-42.51260590640506, 37.01166571329237, -0.09999989999321635
-42.51260590640506, 18.505833006646174, -0.09999989999321635
-42.51260590640506, 2.999999750841198e-07, -0.09999989999321635
-42.51260590640506, -18.50583240664622, -0.09999989999321635
-42.51260590640506, -37.01166511329242, -0.09999989999321635
-42.51260590640508, -37.011665113292416, -0.09999989999321632
-42.23555295387179, -39.22356588023298, -0.09999989999321632
-41.15193029113482, -41.15193029115262, -0.09999989999321632
-39.22356588021261, -42.235552953814334, -0.09999989999321632
-37.01166511329229, -42.512605906405106, -0.09999989999321632
-37.01166511329229, -42.512605906405106, -0.09999989999321635
-18.505832406646135, -42.5126059064051, -0.09999989999321635
3.0000001771668394e-07, -42.5126059064051, -0.09999989999321635
18.50583300664617, -42.51260590640509, -0.09999989999321635
37.01166571329232, -42.51260590640509, -0.09999989999321635
37.0116651132923, -42.5126059064051, -0.09999989999321632
39.22356588023354, -42.23555295387034, -0.09999989999321632
41.15193029115359, -41.15193029113386, -0.09999989999321632
42.23555295381211, -39.223565880212206, -0.09999989999321632
42.51260590640508, -37.0116651132923, -0.09999989999321632
42.51260590640508, -37.01166571329232, -0.09999989999321635
42.51260590640508, -18.505833006646156, -0.09999989999321635
42.51260590640508, -2.9999999640040187e-07, -0.09999989999321635
42.51260590640508, 18.50583240664616, -0.09999989999321635
42.51260590640508, 37.01166511329231, -0.09999989999321635
42.512605906405064, 37.0116651132923, -0.09999989999321632
42.235552953865735, 39.22356588023309, -0.09999989999321632
41.15193029113337, 41.15193029115408, -0.09999989999321632
39.22356588021146, 42.235552953811116, -0.09999989999321632
37.0116651132924, 42.512605906405064, -0.09999989999321632
38.09649689720186, 40.660249466129954, -0.5999998999932146
38.85762330464607, 40.47012572802595, -0.5999998999932146
39.549921518735076, 40.10340994598972, -0.5999998999932146
40.10340994598563, 39.54992151874066, -0.5999998999932146
40.47012572802353, 38.85762330465255, -0.5999998999932146
40.660249466129926, 38.09649689720193, -0.5999998999932146
38.09646291458455, 40.660283452088684, -0.5999998999932163
37.88062060416101, 40.68819128346757, -0.5999998999932163
37.66396725756893, 40.70890233505508, -0.5999998999932163
37.446785353804096, 40.72305544621253, -0.5999998999932163
37.229294089295934, 40.73120183087321, -0.5999998999932163
37.01166511329241, 40.73382071388802, -0.5999998999932163
37.01166571329239, 40.733820713888015, -0.5999998999932163
18.505833006646192, 40.733820713888015, -0.5999998999932163
2.9999999640040187e-07, 40.73382071388801, -0.5999998999932163
-18.5058324066462, 40.73382071388801, -0.5999998999932163
-37.0116651132924, 40.733820713888, -0.5999998999932163
-37.011665113292395, 40.733820713888015, -0.5999998999932163
-37.229294089304226, 40.73120183087005, -0.5999998999932163
-37.44678535382084, 40.723055446211916, -0.5999998999932163
-37.66396725759398, 40.708902335054, -0.5999998999932163
-37.88062060419402, 40.68819128346194, -0.5999998999932163
-38.09646291462607, 40.660283452083824, -0.5999998999932163
-38.096496897201874, 40.66024946612994, -0.5999998999932163
-38.8576233046525, 40.47012572802356, -0.5999998999932163
-39.54992151874063, 40.10340994598566, -0.5999998999932163
-40.103409945989696, 39.549921518735104, -0.5999998999932163
-40.47012572802595, 38.85762330464608, -0.5999998999932163
-40.660249466129954, 38.09649689720186, -0.5999998999932163
-40.66028345208719, 38.09646291459184, -0.5999998999932163
-40.688191283466935, 37.8806206041669, -0.5999998999932163
-40.70890233505516, 37.663967257573375, -0.5999998999932163
-40.72305544621302, 37.446785353807066, -0.5999998999932163
-40.7312018308737, 37.229294089297404, -0.5999998999932163
-40.733820713888015, 37.01166511329237, -0.5999998999932163
-40.73382071388801, 37.01166571329237, -0.5999998999932163
-40.73382071388801, 18.505833006646174, -0.5999998999932163
-40.73382071388801, 2.999999750841198e-07, -0.5999998999932163
-40.73382071388801, -18.50583240664622, -0.5999998999932163
-40.73382071388801, -37.01166511329242, -0.5999998999932163
-40.73382071388802, -37.01166511329243, -0.5999998999932163
-40.73120183087062, -37.22929408929787, -0.5999998999932163
-40.72305544621279, -37.4467853538081, -0.5999998999932163
-40.708902335055164, -37.66396725757485, -0.5999998999932163
-40.68819128346365, -37.88062060416852, -0.5999998999932163
-40.66028345208665, -38.09646291459427, -0.5999998999932163
-40.660249466129954, -38.09649689720192, -0.5999998999932163
-40.470125728023575, -38.857623304652535, -0.5999998999932163
-40.10340994598568, -39.54992151874066, -0.5999998999932163
-39.54992151873514, -40.10340994598971, -0.5999998999932163
-38.85762330464614, -40.470125728025955, -0.5999998999932163
-38.09649689720193, -40.66024946612998, -0.5999998999932163
-38.096462914569535, -40.66028345208931, -0.5999998999932163
-37.88062060414892, -40.68819128346741, -0.5999998999932163
-37.663967257559804, -40.70890233505447, -0.5999998999932163
-37.446785353797964, -40.723055446211774, -0.5999998999932163
-37.22929408929281, -40.73120183087266, -0.5999998999932163
-37.01166511329229, -40.733820713888065, -0.5999998999932163
-37.01166511329229, -40.73382071388806, -0.5999998999932163
-18.505832406646135, -40.73382071388805, -0.5999998999932163
3.0000001771668394e-07, -40.73382071388805, -0.5999998999932163
18.50583300664617, -40.73382071388804, -0.5999998999932163
37.01166571329232, -40.73382071388804, -0.5999998999932163
37.0116651132923, -40.733820713888065, -0.5999998999932163
37.22929408929952, -40.73120183087045, -0.5999998999932163
37.44678535381153, -40.72305544621248, -0.5999998999932163
37.663967257580055, -40.708902335054724, -0.5999998999932163
37.8806206041755, -40.68819128346306, -0.5999998999932163
38.09646291460301, -40.6602834520858, -0.5999998999932163
38.096496897201945, -40.66024946612996, -0.5999998999932163
38.85762330465255, -40.470125728023575, -0.5999998999932163
39.549921518740646, -40.103409945985675, -0.5999998999932163
40.103409945989696, -39.54992151873513, -0.5999998999932163
40.470125728025934, -38.85762330464614, -0.5999998999932163
40.660249466129954, -38.09649689720195, -0.5999998999932163
40.660283452084236, -38.09646291462754, -0.5999998999932163
40.68819128346472, -37.88062060419548, -0.5999998999932163
40.708902335053, -37.66396725759477, -0.5999998999932163
40.723055446210886, -37.44678535382129, -0.5999998999932163
40.73120183087214, -37.22929408930448, -0.5999998999932163
40.733820713888036, -37.01166511329231, -0.5999998999932163
40.73382071388803, -37.01166571329232, -0.5999998999932163
40.73382071388803, -18.505833006646156, -0.5999998999932163
40.73382071388803, -2.9999999640040187e-07, -0.5999998999932163
40.73382071388803, 18.50583240664616, -0.5999998999932163
40.73382071388803, 37.01166511329231, -0.5999998999932163
40.733820713888015, 37.01166511329232, -0.5999998999932163
40.73120183087052, 37.229294089295095, -0.5999998999932163
40.723055446212655, 37.44678535380265, -0.5999998999932163
40.708902335055164, 37.66396725756674, -0.5999998999932163
40.68819128346409, 37.88062060415777, -0.5999998999932163
40.66028345208796, 38.09646291458095, -0.5999998999932163
38.09649689720186, 40.660249466129954, -0.5999998999932146
36.26009650797914, 39.64104260190468, -1.0999998999932163
18.13004825398957, 39.64104260190468, -1.0999998999932163
0.0, 39.64104260190468, -1.0999998999932163
-18.13004825398957, 39.64104260190467, -1.0999998999932163
-36.26009650797914, 39.64104260190467, -1.0999998999932163
-36.26009650797913, 39.64104260190468, -1.0999998999932163
-37.608395042517046, 39.45774505477938, -1.0999998999932163
-38.77604273782875, 38.776042737828746, -1.0999998999932163
-39.457745054779394, 37.60839504251703, -1.0999998999932163
-39.641042601904694, 36.26009650797913, -1.0999998999932163
-39.64104260190469, 36.26009650797913, -1.0999998999932161
-39.64104260190469, 18.13004825398955, -1.0999998999932161
-39.64104260190469, -2.842170943040401e-14, -1.0999998999932161
-39.64104260190469, -18.130048253989607, -1.0999998999932161
-39.64104260190469, -36.26009650797919, -1.0999998999932161
-39.6410426019047, -36.26009650797918, -1.0999998999932146
-39.4577450547794, -37.6083950425171, -1.0999998999932146
-38.776042737828746, -38.77604273782882, -1.0999998999932146
-37.60839504251702, -39.457745054779465, -1.0999998999932146
-36.2600965079791, -39.64104260190476, -1.0999998999932146
-36.260096507979085, -39.64104260190474, -1.0999998999932163
-18.13004825398953, -39.64104260190474, -1.0999998999932163
2.842170943040401e-14, -39.641042601904736, -1.0999998999932163
18.130048253989585, -39.641042601904736, -1.0999998999932163
36.260096507979135, -39.641042601904736, -1.0999998999932163
36.260096507979114, -39.64104260190473, -1.0999998999932163
37.60839504251703, -39.45774505477944, -1.0999998999932163
38.77604273782876, -38.77604273782879, -1.0999998999932163
39.45774505477942, -37.60839504251706, -1.0999998999932163
39.64104260190473, -36.26009650797914, -1.0999998999932163
39.641042601904715, -36.26009650797913, -1.0999998999932163
39.641042601904715, -18.13004825398957, -1.0999998999932163
39.641042601904715, -1.4210854715202004e-14, -1.0999998999932163
39.641042601904715, 18.130048253989543, -1.0999998999932163
39.641042601904715, 36.26009650797909, -1.0999998999932163
39.6410426019047, 36.26009650797908, -1.0999998999932163
39.45774505477941, 37.608395042517, -1.0999998999932163
38.776042737828774, 38.77604273782873, -1.0999998999932163
37.60839504251707, 39.457745054779394, -1.0999998999932163
36.26009650797915, 39.6410426019047, -1.0999998999932163
35.187843047724364, 38.56878914164988, -1.5999998999932163
17.593921523862186, 38.56878914164988, -1.5999998999932163
7.105427357601002e-15, 38.56878914164988, -1.5999998999932163
-17.59392152386217, 38.56878914164987, -1.5999998999932163
-35.18784304772434, 38.56878914164987, -1.5999998999932163
-35.18784304772435, 38.56878914164989, -1.5999998999932163
-36.536141582262246, 38.38549159452459, -1.5999998999932163
-37.70378927757396, 37.70378927757395, -1.5999998999932163
-38.3854915945246, 36.53614158226223, -1.5999998999932163
-38.568789141649894, 35.18784304772433, -1.5999998999932163
-38.56878914164989, 35.18784304772433, -1.5999998999932161
-38.56878914164989, 17.593921523862143, -1.5999998999932161
-38.56878914164989, -4.263256414560601e-14, -1.5999998999932161
-38.56878914164989, -17.593921523862228, -1.5999998999932161
-38.56878914164989, -35.187843047724414, -1.5999998999932161
-38.5687891416499, -35.187843047724414, -1.5999998999932163
-38.385491594524595, -36.53614158226232, -1.5999998999932163
-37.70378927757395, -37.70378927757403, -1.5999998999932163
-36.53614158226222, -38.38549159452468, -1.5999998999932163
-35.1878430477243, -38.56878914164997, -1.5999998999932163
-35.187843047724286, -38.56878914164996, -1.5999998999932163
-17.593921523862125, -38.56878914164996, -1.5999998999932163
3.552713678800501e-14, -38.56878914164995, -1.5999998999932163
17.5939215238622, -38.56878914164995, -1.5999998999932163
35.18784304772436, -38.56878914164995, -1.5999998999932163
35.18784304772433, -38.56878914164996, -1.5999998999932163
36.53614158226225, -38.38549159452466, -1.5999998999932163
37.70378927757399, -37.703789277574, -1.5999998999932163
38.385491594524645, -36.53614158226228, -1.5999998999932163
38.568789141649944, -35.18784304772436, -1.5999998999932163
38.56878914164994, -35.18784304772435, -1.5999998999932163
38.56878914164994, -17.59392152386219, -1.5999998999932163
38.56878914164994, -2.842170943040401e-14, -1.5999998999932163
38.56878914164994, 17.593921523862136, -1.5999998999932163
38.56878914164994, 35.18784304772429, -1.5999998999932163
38.56878914164992, 35.18784304772428, -1.5999998999932163
38.38549159452462, 36.5361415822622, -1.5999998999932163
37.703789277574, 37.70378927757393, -1.5999998999932163
36.53614158226229, 38.385491594524595, -1.5999998999932163
35.18784304772437, 38.5687891416499, -1.5999998999932163
34.11558958746959, 37.496535681395095, -2.0999998999932163
17.057794793734807, 37.496535681395095, -2.0999998999932163
2.1316282072803006e-14, 37.496535681395095, -2.0999998999932163
-17.057794793734764, 37.49653568139509, -2.0999998999932163
-34.11558958746954, 37.49653568139509, -2.0999998999932163
-34.11558958746953, 37.49653568139509, -2.0999998999932163
-35.46388812200743, 37.313238134269795, -2.0999998999932163
-36.63153581731915, 36.631535817319154, -2.0999998999932163
-37.313238134269795, 35.46388812200745, -2.0999998999932163
-37.4965356813951, 34.11558958746953, -2.0999998999932163
-37.49653568139509, 34.11558958746953, -2.099999899993216
-37.49653568139509, 17.057794793734736, -2.099999899993216
-37.49653568139509, -5.684341886080802e-14, -2.099999899993216
-37.49653568139509, -17.05779479373485, -2.099999899993216
-37.49653568139509, -34.11558958746964, -2.099999899993216
-37.4965356813951, -34.11558958746963, -2.0999998999932163
-37.3132381342698, -35.463888122007546, -2.0999998999932163
-36.63153581731915, -36.63153581731926, -2.0999998999932163
-35.46388812200742, -37.31323813426991, -2.0999998999932163
-34.1155895874695, -37.4965356813952, -2.0999998999932163
-34.115589587469486, -37.49653568139519, -2.0999998999932163
-17.057794793734722, -37.49653568139519, -2.0999998999932163
4.263256414560601e-14, -37.49653568139518, -2.0999998999932163
17.057794793734807, -37.49653568139518, -2.0999998999932163
34.11558958746957, -37.49653568139518, -2.0999998999932163
34.11558958746956, -37.49653568139518, -2.0999998999932163
35.463888122007475, -37.31323813426988, -2.0999998999932163
36.63153581731921, -36.63153581731923, -2.0999998999932163
37.31323813426987, -35.4638881220075, -2.0999998999932163
37.49653568139517, -34.115589587469586, -2.0999998999932163
37.496535681395166, -34.11558958746957, -2.0999998999932163
37.496535681395166, -17.057794793734804, -2.0999998999932163
37.496535681395166, -3.552713678800501e-14, -2.0999998999932163
37.496535681395166, 17.05779479373473, -2.0999998999932163
37.496535681395166, 34.1155895874695, -2.0999998999932163
37.496535681395144, 34.11558958746947, -2.0999998999932163
37.31323813426985, 35.46388812200739, -2.0999998999932163
36.63153581731922, 36.63153581731913, -2.0999998999932163
35.46388812200751, 37.313238134269795, -2.0999998999932163
34.11558958746959, 37.4965356813951, -2.0999998999932163
33.043336127214815, 36.424282221140295, -2.5999998999932163
16.52166806360742, 36.424282221140295, -2.5999998999932163
2.842170943040401e-14, 36.424282221140295, -2.5999998999932163
-16.521668063607365, 36.42428222114029, -2.5999998999932163
-33.04333612721475, 36.42428222114029, -2.5999998999932163
-33.043336127214744, 36.42428222114029, -2.5999998999932163
-34.39163466175265, 36.240984674014996, -2.5999998999932163
-35.55928235706436, 35.55928235706435, -2.5999998999932163
-36.24098467401501, 34.39163466175264, -2.5999998999932163
-36.4242822211403, 33.043336127214744, -2.5999998999932163
-36.42428222114029, 33.04333612721474, -2.599999899993216
-36.42428222114029, 16.521668063607336, -2.599999899993216
-36.42428222114029, -6.394884621840902e-14, -2.599999899993216
-36.42428222114029, -16.521668063607464, -2.599999899993216
-36.42428222114029, -33.043336127214864, -2.599999899993216
-36.42428222114031, -33.04333612721486, -2.5999998999932163
-36.24098467401501, -34.391634661752775, -2.5999998999932163
-35.55928235706435, -35.55928235706449, -2.5999998999932163
-34.39163466175262, -36.24098467401513, -2.5999998999932163
-33.04333612721471, -36.42428222114043, -2.5999998999932163
-33.043336127214694, -36.424282221140416, -2.5999998999932163
-16.521668063607322, -36.424282221140416, -2.5999998999932163
4.973799150320701e-14, -36.42428222114041, -2.5999998999932163
16.52166806360742, -36.42428222114041, -2.5999998999932163
33.0433361272148, -36.42428222114041, -2.5999998999932163
33.04333612721478, -36.4242822211404, -2.5999998999932163
34.391634661752704, -36.24098467401511, -2.5999998999932163
35.55928235706443, -35.559282357064454, -2.5999998999932163
36.240984674015095, -34.39163466175273, -2.5999998999932163
36.424282221140395, -33.04333612721481, -2.5999998999932163
36.42428222114039, -33.0433361272148, -2.5999998999932163
36.42428222114039, -16.521668063607425, -2.5999998999932163
36.42428222114039, -4.973799150320701e-14, -2.5999998999932163
36.42428222114039, 16.521668063607322, -2.5999998999932163
36.42428222114039, 33.0433361272147, -2.5999998999932163
36.42428222114037, 33.04333612721469, -2.5999998999932163
36.240984674015074, 34.391634661752605, -2.5999998999932163
35.55928235706445, 35.55928235706434, -2.5999998999932163
34.39163466175273, 36.24098467401501, -2.5999998999932163
33.043336127214815, 36.4242822211403, -2.5999998999932163
31.971082666960037, 35.352028760885496, -3.0999998999932163
15.985541333480036, 35.352028760885496, -3.0999998999932163
3.907985046680551e-14, 35.352028760885496, -3.0999998999932163
-15.985541333479958, 35.35202876088549, -3.0999998999932163
-31.97108266695995, 35.35202876088549, -3.0999998999932163
-31.971082666959937, 35.35202876088549, -3.0999998999932163
-33.31938120149785, 35.1687312137602, -3.0999998999932163
-34.48702889680956, 34.48702889680956, -3.0999998999932163
-35.16873121376021, 33.31938120149785, -3.0999998999932163
-35.3520287608855, 31.971082666959937, -3.0999998999932163
-35.3520287608855, 31.97108266695993, -3.099999899993216
-35.3520287608855, 15.98554133347993, -3.099999899993216
-35.3520287608855, -7.460698725481052e-14, -3.099999899993216
-35.3520287608855, -15.985541333480079, -3.099999899993216
-35.3520287608855, -31.971082666960086, -3.099999899993216
-35.35202876088552, -31.971082666960083, -3.0999998999932163
-35.16873121376021, -33.319381201498, -3.0999998999932163
-34.48702889680955, -34.48702889680971, -3.0999998999932163
-33.319381201497826, -35.16873121376035, -3.0999998999932163
-31.971082666959912, -35.352028760885645, -3.0999998999932163
-31.971082666959894, -35.35202876088563, -3.0999998999932163
-15.985541333479915, -35.35202876088563, -3.0999998999932163
6.394884621840902e-14, -35.352028760885624, -3.0999998999932163
15.985541333480043, -35.352028760885624, -3.0999998999932163
31.971082666960022, -35.352028760885624, -3.0999998999932163
31.971082666960005, -35.35202876088563, -3.0999998999932163
33.319381201497926, -35.16873121376033, -3.0999998999932163
34.487028896809655, -34.48702889680968, -3.0999998999932163
35.16873121376032, -33.31938120149796, -3.0999998999932163
35.35202876088562, -31.971082666960044, -3.0999998999932163
35.35202876088562, -31.971082666960022, -3.0999998999932163
35.35202876088562, -15.985541333480041, -3.0999998999932163
35.35202876088562, -6.039613253960852e-14, -3.0999998999932163
35.35202876088562, 15.985541333479922, -3.0999998999932163
35.35202876088562, 31.9710826669599, -3.0999998999932163
35.35202876088559, 31.971082666959887, -3.0999998999932163
35.168731213760296, 33.319381201497805, -3.0999998999932163
34.48702889680966, 34.48702889680954, -3.0999998999932163
33.31938120149795, 35.16873121376021, -3.0999998999932163
31.971082666960033, 35.35202876088551, -3.0999998999932163
30.898829206705265, 34.279775300630696, -3.5999998999932163
15.449414603352658, 34.279775300630696, -3.5999998999932163
4.973799150320701e-14, 34.279775300630696, -3.5999998999932163
-15.449414603352556, 34.27977530063069, -3.5999998999932163
-30.89882920670516, 34.27977530063069, -3.5999998999932163
-30.898829206705145, 34.279775300630696, -3.5999998999932163
-32.24712774124305, 34.09647775350541, -3.5999998999932163
-33.41477543655476, 33.41477543655476, -3.5999998999932163
-34.09647775350541, 32.247127741243055, -3.5999998999932163
-34.27977530063071, 30.898829206705145, -3.5999998999932163
-34.2797753006307, 30.898829206705138, -3.5999998999932155
-34.2797753006307, 15.449414603352523, -3.5999998999932155
-34.2797753006307, -8.881784197001252e-14, -3.5999998999932155
-34.2797753006307, -15.4494146033527, -3.5999998999932155
-34.2797753006307, -30.898829206705308, -3.5999998999932155
-34.27977530063072, -30.898829206705294, -3.5999998999932163
-34.09647775350542, -32.24712774124322, -3.5999998999932163
-33.41477543655476, -33.41477543655493, -3.5999998999932163
-32.247127741243034, -34.09647775350558, -3.5999998999932163
-30.89882920670511, -34.279775300630874, -3.5999998999932163
-30.8988292067051, -34.27977530063086, -3.5999998999932163
-15.449414603352512, -34.27977530063086, -3.5999998999932163
7.460698725481052e-14, -34.27977530063085, -3.5999998999932163
15.449414603352658, -34.27977530063085, -3.5999998999932163
30.89882920670525, -34.27977530063085, -3.5999998999932163
30.89882920670523, -34.27977530063085, -3.5999998999932163
32.24712774124315, -34.09647775350555, -3.5999998999932163
33.41477543655488, -33.414775436554905, -3.5999998999932163
34.09647775350554, -32.247127741243176, -3.5999998999932163
34.279775300630845, -30.89882920670526, -3.5999998999932163
34.27977530063083, -30.898829206705244, -3.5999998999932163
34.27977530063083, -15.449414603352656, -3.5999998999932163
34.27977530063083, -6.750155989720952e-14, -3.5999998999932163
34.27977530063083, 15.449414603352523, -3.5999998999932163
34.27977530063083, 30.89882920670511, -3.5999998999932163
34.27977530063082, 30.898829206705095, -3.5999998999932163
34.096477753505525, 32.24712774124301, -3.5999998999932163
33.41477543655489, 33.41477543655474, -3.5999998999932163
32.247127741243176, 34.096477753505404, -3.5999998999932163
30.898829206705265, 34.27977530063071, -3.5999998999932163
29.82657574645048, 33.2075218403759, -4.099999899993216
14.913287873225272, 33.2075218403759, -4.099999899993216
6.394884621840902e-14, 33.2075218403759, -4.099999899993216
-14.913287873225146, 33.20752184037589, -4.099999899993216
-29.82657574645036, 33.20752184037589, -4.099999899993216
-29.826575746450366, 33.207521840375904, -4.099999899993216
-31.174874280988266, 33.024224293250604, -4.099999899993216
-32.34252197629998, 32.34252197629996, -4.099999899993216
-33.02422429325062, 31.174874280988245, -4.099999899993216
-33.20752184037591, 29.826575746450345, -4.099999899993216
-33.207521840375904, 29.826575746450345, -4.099999899993216
-33.207521840375904, 14.91328787322513, -4.099999899993216
-33.207521840375904, -8.881784197001252e-14, -4.099999899993216
-33.207521840375904, -14.913287873225308, -4.099999899993216
-33.207521840375904, -29.826575746450533, -4.099999899993216
-33.20752184037592, -29.82657574645053, -4.099999899993215
-33.024224293250626, -31.17487428098844, -4.099999899993215
-32.34252197629996, -32.342521976300155, -4.099999899993215
-31.17487428098824, -33.024224293250796, -4.099999899993215
-29.826575746450324, -33.207521840376096, -4.099999899993215
-29.8265757464503, -33.207521840376074, -4.099999899993216
-14.913287873225109, -33.207521840376074, -4.099999899993216
8.171241461241152e-14, -33.20752184037607, -4.099999899993216
14.913287873225272, -33.20752184037607, -4.099999899993216
29.826575746450466, -33.20752184037607, -4.099999899993216
29.826575746450445, -33.20752184037608, -4.099999899993216
31.17487428098837, -33.02422429325078, -4.099999899993216
32.342521976300105, -32.342521976300134, -4.099999899993216
33.02422429325077, -31.174874280988412, -4.099999899993216
33.20752184037607, -29.82657574645048, -4.099999899993216
33.20752184037606, -29.82657574645047, -4.099999899993216
33.20752184037606, -14.913287873225272, -4.099999899993216
33.20752184037606, -7.460698725481052e-14, -4.099999899993216
33.20752184037606, 14.913287873225123, -4.099999899993216
33.20752184037606, 29.826575746450317, -4.099999899993216
33.20752184037604, 29.826575746450303, -4.099999899993216
33.02422429325075, 31.174874280988213, -4.099999899993216
32.34252197630011, 32.34252197629995, -4.099999899993216
31.174874280988398, 33.02422429325061, -4.099999899993216
29.82657574645048, 33.20752184037592, -4.099999899993216
28.75432228619571, 32.135268380121104, -4.599999899993216
14.377161143097887, 32.135268380121104, -4.599999899993216
6.750155989720952e-14, 32.135268380121104, -4.599999899993216
-14.377161143097752, 32.1352683801211, -4.599999899993216
-28.754322286195563, 32.1352683801211, -4.599999899993216
-28.754322286195553, 32.135268380121104, -4.599999899993216
-30.102620820733463, 31.95197083299581, -4.599999899993216
-31.270268516045174, 31.270268516045167, -4.599999899993216
-31.95197083299582, 30.102620820733456, -4.599999899993216
-32.13526838012112, 28.754322286195553, -4.599999899993216
-32.135268380121104, 28.754322286195546, -4.5999998999932155
-32.135268380121104, 14.377161143097723, -4.5999998999932155
-32.135268380121104, -1.0302869668521453e-13, -4.5999998999932155
-32.135268380121104, -14.37716114309793, -4.5999998999932155
-32.135268380121104, -28.754322286195755, -4.5999998999932155
-32.13526838012112, -28.754322286195745, -4.599999899993216
-31.95197083299582, -30.10262082073366, -4.599999899993216
-31.270268516045164, -31.270268516045373, -4.599999899993216
-30.10262082073344, -31.951970832996018, -4.599999899993216
-28.75432228619552, -32.13526838012132, -4.599999899993216
-28.754322286195503, -32.1352683801213, -4.599999899993216
-14.377161143097704, -32.1352683801213, -4.599999899993216
9.592326932761353e-14, -32.135268380121296, -4.599999899993216
14.377161143097894, -32.135268380121296, -4.599999899993216
28.754322286195695, -32.135268380121296, -4.599999899993216
28.754322286195674, -32.135268380121296, -4.599999899993217
30.1026208207336, -31.951970832996004, -4.599999899993217
31.270268516045327, -31.270268516045356, -4.599999899993217
31.95197083299599, -30.102620820733634, -4.599999899993217
32.13526838012129, -28.754322286195716, -4.599999899993217
32.13526838012128, -28.75432228619569, -4.599999899993216
32.13526838012128, -14.37716114309789, -4.599999899993216
32.13526838012128, -8.881784197001252e-14, -4.599999899993216
32.13526838012128, 14.377161143097709, -4.599999899993216
32.13526838012128, 28.754322286195517, -4.599999899993216
32.13526838012126, 28.754322286195496, -4.599999899993216
31.95197083299597, 30.102620820733417, -4.599999899993216
31.270268516045334, 31.27026851604515, -4.599999899993216
30.10262082073362, 31.951970832995816, -4.599999899993216
28.75432228619571, 32.13526838012112, -4.599999899993216
27.68206882594093, 31.063014919866305, -5.099999899993216
13.841034412970508, 31.063014919866305, -5.099999899993216
8.526512829121202e-14, 31.0630149198663, -5.099999899993216
-13.84103441297034, 31.063014919866298, -5.099999899993216
-27.682068825940767, 31.063014919866298, -5.099999899993216
-27.682068825940757, 31.06301491986631, -5.099999899993216
-29.030367360478667, 30.879717372741013, -5.099999899993216
-30.19801505579038, 30.19801505579037, -5.099999899993216
-30.879717372741023, 29.03036736047866, -5.099999899993216
-31.06301491986632, 27.682068825940753, -5.099999899993216
-31.063014919866312, 27.682068825940746, -5.0999998999932155
-31.063014919866312, 13.841034412970316, -5.0999998999932155
-31.063014919866312, -1.1368683772161603e-13, -5.0999998999932155
-31.063014919866312, -13.841034412970545, -5.0999998999932155
-31.063014919866312, -27.68206882594098, -5.0999998999932155
-31.06301491986632, -27.682068825940966, -5.099999899993216
-30.879717372741023, -29.03036736047888, -5.099999899993216
-30.198015055790368, -30.1980150557906, -5.099999899993216
-29.030367360478646, -30.87971737274124, -5.099999899993216
-27.682068825940725, -31.06301491986654, -5.099999899993216
-27.682068825940704, -31.063014919866525, -5.099999899993216
-13.841034412970298, -31.063014919866525, -5.099999899993216
1.0658141036401503e-13, -31.06301491986652, -5.099999899993216
13.841034412970508, -31.063014919866518, -5.099999899993216
27.682068825940917, -31.063014919866518, -5.099999899993216
27.6820688259409, -31.063014919866525, -5.099999899993216
29.03036736047882, -30.879717372741226, -5.099999899993216
30.19801505579055, -30.198015055790577, -5.099999899993216
30.87971737274121, -29.030367360478856, -5.099999899993216
31.063014919866514, -27.68206882594094, -5.099999899993216
31.063014919866504, -27.682068825940917, -5.099999899993216
31.063014919866504, -13.841034412970508, -5.099999899993216
31.063014919866504, -9.947598300641403e-14, -5.099999899993216
31.063014919866504, 13.84103441297031, -5.099999899993216
31.063014919866504, 27.682068825940718, -5.099999899993216
31.063014919866486, 27.682068825940704, -5.099999899993216
30.87971737274119, 29.03036736047862, -5.099999899993216
30.19801505579056, 30.198015055790354, -5.099999899993216
29.030367360478845, 30.87971737274102, -5.099999899993216
27.682068825940927, 31.063014919866323, -5.099999899993216
26.609815365686153, 29.990761459611512, -5.599999899993216
13.304907682843123, 29.990761459611512, -5.599999899993216
9.237055564881302e-14, 29.99076145961151, -5.599999899993216
-13.304907682842938, 29.990761459611505, -5.599999899993216
-26.60981536568597, 29.990761459611505, -5.599999899993216
-26.60981536568596, 29.990761459611512, -5.599999899993216
-27.95811390022387, 29.807463912486217, -5.599999899993216
-29.125761595535582, 29.125761595535575, -5.599999899993216
-29.807463912486227, 27.958113900223864, -5.599999899993216
-29.990761459611523, 26.60981536568596, -5.599999899993216
-29.990761459611512, 26.609815365685954, -5.5999998999932155
-29.990761459611512, 13.304907682842916, -5.5999998999932155
-29.990761459611512, -1.2079226507921703e-13, -5.5999998999932155
-29.990761459611512, -13.30490768284316, -5.5999998999932155
-29.990761459611512, -26.609815365686202, -5.5999998999932155
-29.990761459611527, -26.609815365686195, -5.599999899993216
-29.807463912486224, -27.95811390022411, -5.599999899993216
-29.125761595535565, -29.125761595535828, -5.599999899993216
-27.95811390022384, -29.80746391248647, -5.599999899993216
-26.609815365685925, -29.990761459611765, -5.599999899993216
-26.60981536568591, -29.99076145961175, -5.599999899993216
-13.304907682842899, -29.99076145961175, -5.599999899993216
1.1368683772161603e-13, -29.990761459611747, -5.599999899993216
13.30490768284313, -29.990761459611743, -5.599999899993216
26.60981536568614, -29.990761459611743, -5.599999899993216
26.609815365686124, -29.990761459611747, -5.599999899993216
27.958113900224042, -29.80746391248645, -5.599999899993216
29.125761595535778, -29.1257615955358, -5.599999899993216
29.807463912486433, -27.958113900224074, -5.599999899993216
29.99076145961174, -26.609815365686153, -5.599999899993216
29.990761459611726, -26.60981536568614, -5.599999899993216
29.990761459611726, -13.304907682843124, -5.599999899993216
29.990761459611726, -1.1013412404281553e-13, -5.599999899993216
29.990761459611726, 13.304907682842902, -5.599999899993216
29.990761459611726, 26.609815365685918, -5.599999899993216
29.99076145961171, 26.60981536568591, -5.599999899993216
29.80746391248642, 27.958113900223825, -5.599999899993216
29.125761595535778, 29.12576159553556, -5.599999899993216
27.95811390022407, 29.807463912486224, -5.599999899993216
26.609815365686153, 29.990761459611527, -5.599999899993216
25.53756190543138, 28.918507999356713, -6.099999899993216
12.768780952715744, 28.918507999356713, -6.099999899993216
1.0658141036401503e-13, 28.91850799935671, -6.099999899993216
-12.768780952715533, 28.918507999356706, -6.099999899993216
-25.537561905431176, 28.918507999356706, -6.099999899993216
-25.537561905431165, 28.918507999356713, -6.099999899993216
-26.885860439969075, 28.735210452231417, -6.099999899993216
-28.053508135280786, 28.053508135280776, -6.099999899993216
-28.73521045223143, 26.885860439969065, -6.099999899993216
-28.918507999356727, 25.537561905431172, -6.099999899993216
-28.918507999356716, 25.537561905431154, -6.0999998999932155
-28.918507999356716, 12.76878095271551, -6.0999998999932155
-28.918507999356716, -1.3500311979441904e-13, -6.0999998999932155
-28.918507999356716, -12.76878095271578, -6.0999998999932155
-28.918507999356716, -25.537561905431424, -6.0999998999932155
-28.918507999356734, -25.537561905431417, -6.099999899993216
-28.73521045223143, -26.885860439969335, -6.099999899993216
-28.053508135280772, -28.053508135281053, -6.099999899993216
-26.885860439969047, -28.735210452231694, -6.099999899993216
-25.537561905431133, -28.91850799935699, -6.099999899993216
-25.53756190543111, -28.918507999356976, -6.099999899993216
-12.768780952715492, -28.918507999356976, -6.099999899993216
1.2789769243681803e-13, -28.918507999356972, -6.099999899993216
12.768780952715751, -28.91850799935697, -6.099999899993216
25.537561905431367, -28.91850799935697, -6.099999899993216
25.537561905431346, -28.91850799935697, -6.099999899993216
26.885860439969267, -28.735210452231676, -6.099999899993216
28.053508135280996, -28.053508135281028, -6.099999899993216
28.73521045223166, -26.885860439969306, -6.099999899993216
28.91850799935696, -25.53756190543139, -6.099999899993216
28.91850799935695, -25.53756190543136, -6.099999899993216
28.91850799935695, -12.768780952715739, -6.099999899993216
28.91850799935695, -1.1723955140041653e-13, -6.099999899993216
28.91850799935695, 12.768780952715503, -6.099999899993216
28.91850799935695, 25.537561905431126, -6.099999899993216
28.918507999356933, 25.537561905431108, -6.099999899993216
28.735210452231637, 26.88586043996903, -6.099999899993216
28.053508135281007, 28.053508135280758, -6.099999899993216
26.885860439969292, 28.735210452231428, -6.099999899993216
25.537561905431374, 28.918507999356727, -6.099999899993216
24.465308445176596, 27.846254539101917, -6.599999899993216
12.232654222588351, 27.846254539101917, -6.599999899993216
1.0658141036401503e-13, 27.846254539101913, -6.599999899993216
-12.232654222588137, 27.846254539101913, -6.599999899993216
-24.465308445176376, 27.84625453910191, -6.599999899993216
-24.465308445176365, 27.84625453910192, -6.599999899993216
-25.813606979714276, 27.662956991976625, -6.599999899993216
-26.981254675025987, 26.981254675025983, -6.599999899993216
-27.662956991976632, 25.813606979714272, -6.599999899993216
-27.846254539101928, 24.46530844517637, -6.599999899993216
-27.84625453910192, 24.465308445176362, -6.5999998999932155
-27.84625453910192, 12.23265422258811, -6.5999998999932155
-27.84625453910192, -1.4210854715202004e-13, -6.5999998999932155
-27.84625453910192, -12.232654222588394, -6.5999998999932155
-27.84625453910192, -24.46530844517665, -6.5999998999932155
-27.846254539101935, -24.46530844517664, -6.599999899993216
-27.662956991976632, -25.813606979714557, -6.599999899993216
-26.981254675025973, -26.981254675026275, -6.599999899993216
-25.813606979714248, -27.662956991976916, -6.599999899993216
-24.465308445176333, -27.846254539102212, -6.599999899993216
-24.465308445176312, -27.846254539102198, -6.599999899993216
-12.232654222588089, -27.846254539102194, -6.599999899993216
1.3500311979441904e-13, -27.846254539102194, -6.599999899993216
12.232654222588359, -27.84625453910219, -6.599999899993216
24.465308445176582, -27.84625453910219, -6.599999899993216
24.465308445176568, -27.846254539102194, -6.599999899993216
25.81360697971449, -27.6629569919769, -6.599999899993216
26.98125467502622, -26.981254675026246, -6.599999899993216
27.66295699197688, -25.81360697971452, -6.599999899993216
27.846254539102183, -24.4653084451766, -6.599999899993216
27.846254539102173, -24.465308445176586, -6.599999899993216
27.846254539102173, -12.232654222588359, -6.599999899993216
27.846254539102173, -1.3145040611561853e-13, -6.599999899993216
27.846254539102173, 12.232654222588096, -6.599999899993216
27.846254539102173, 24.465308445176326, -6.599999899993216
27.846254539102155, 24.465308445176316, -6.599999899993216
27.662956991976863, 25.81360697971423, -6.599999899993216
26.981254675026225, 26.981254675025966, -6.599999899993216
25.813606979714514, 27.66295699197663, -6.599999899993216
24.465308445176596, 27.84625453910193, -6.599999899993216
23.393054984921825, 26.77400107884712, -7.099999899993216
11.696527492460973, 26.77400107884712, -7.099999899993216
1.2079226507921703e-13, 26.774001078847117, -7.099999899993216
-11.696527492460731, 26.774001078847117, -7.099999899993216
-23.39305498492158, 26.774001078847114, -7.099999899993216
-23.393054984921566, 26.77400107884712, -7.099999899993218
-24.741353519459476, 26.590703531721825, -7.099999899993218
-25.909001214771187, 25.909001214771184, -7.099999899993218
-26.590703531721832, 24.741353519459473, -7.099999899993218
-26.774001078847128, 23.39305498492158, -7.099999899993218
-26.774001078847125, 23.393054984921562, -7.0999998999932155
-26.774001078847125, 11.696527492460703, -7.0999998999932155
-26.774001078847125, -1.5631940186722204e-13, -7.0999998999932155
-26.774001078847125, -11.696527492461016, -7.0999998999932155
-26.774001078847125, -23.39305498492187, -7.0999998999932155
-26.77400107884714, -23.39305498492186, -7.099999899993216
-26.590703531721843, -24.741353519459782, -7.099999899993216
-25.909001214771184, -25.9090012147715, -7.099999899993216
-24.741353519459455, -26.590703531722145, -7.099999899993216
-23.39305498492154, -26.77400107884744, -7.099999899993216
-23.393054984921516, -26.77400107884742, -7.099999899993216
-11.696527492460685, -26.774001078847416, -7.099999899993216
1.4566126083082054e-13, -26.774001078847416, -7.099999899993216
11.69652749246098, -26.774001078847412, -7.099999899993216
23.39305498492181, -26.774001078847412, -7.099999899993216
23.393054984921793, -26.774001078847416, -7.099999899993216
24.741353519459715, -26.59070353172212, -7.099999899993216
25.909001214771443, -25.90900121477147, -7.099999899993216
26.590703531722106, -24.74135351945975, -7.099999899993216
26.77400107884741, -23.393054984921836, -7.099999899993216
26.774001078847398, -23.393054984921807, -7.099999899993216
26.774001078847398, -11.696527492460973, -7.099999899993216
26.774001078847398, -1.3855583347321954e-13, -7.099999899993216
26.774001078847398, 11.696527492460696, -7.099999899993216
26.774001078847398, 23.393054984921534, -7.099999899993216
26.774001078847377, 23.39305498492152, -7.099999899993216
26.590703531722085, 24.74135351945943, -7.099999899993216
25.90900121477145, 25.909001214771166, -7.099999899993216
24.741353519459736, 26.59070353172183, -7.099999899993216
23.393054984921818, 26.774001078847135, -7.099999899993216
22.320801524667047, 25.701747618592325, -7.599999899993216
11.160400762333587, 25.701747618592325, -7.599999899993216
1.2789769243681803e-13, 25.70174761859232, -7.599999899993216
-11.16040076233333, 25.70174761859232, -7.599999899993216
-22.320801524666784, 25.701747618592318, -7.599999899993216
-22.320801524666766, 25.70174761859232, -7.599999899993218
-23.669100059204677, 25.518450071467026, -7.599999899993218
-24.836747754516388, 24.836747754516384, -7.599999899993218
-25.518450071467033, 23.669100059204673, -7.599999899993218
-25.70174761859233, 22.32080152466677, -7.599999899993218
-25.70174761859233, 22.320801524666763, -7.599999899993215
-25.70174761859233, 11.160400762333296, -7.599999899993215
-25.70174761859233, -1.6697754290362354e-13, -7.599999899993215
-25.70174761859233, -11.16040076233363, -7.599999899993215
-25.70174761859233, -22.320801524667093, -7.599999899993215
-25.701747618592343, -22.32080152466709, -7.599999899993216
-25.518450071467043, -23.669100059205004, -7.599999899993216
-24.83674775451638, -24.83674775451672, -7.599999899993216
-23.669100059204656, -25.51845007146736, -7.599999899993216
-22.32080152466674, -25.701747618592655, -7.599999899993216
-22.320801524666717, -25.701747618592645, -7.599999899993216
-11.160400762333278, -25.70174761859264, -7.599999899993216
1.5987211554602254e-13, -25.70174761859264, -7.599999899993216
11.160400762333602, -25.701747618592638, -7.599999899993216
22.320801524667033, -25.701747618592638, -7.599999899993216
22.320801524667015, -25.70174761859264, -7.599999899993216
23.669100059204936, -25.518450071467345, -7.599999899993216
24.83674775451667, -24.836747754516693, -7.599999899993216
25.518450071467328, -23.66910005920497, -7.599999899993216
25.70174761859263, -22.320801524667047, -7.599999899993216
25.70174761859262, -22.320801524667033, -7.599999899993216
25.70174761859262, -11.160400762333591, -7.599999899993216
25.70174761859262, -1.4921397450962104e-13, -7.599999899993216
25.70174761859262, 11.160400762333296, -7.599999899993216
25.70174761859262, 22.320801524666734, -7.599999899993216
25.701747618592602, 22.32080152466672, -7.599999899993216
25.51845007146731, 23.669100059204645, -7.599999899993216
24.836747754516672, 24.836747754516374, -7.599999899993216
23.669100059204954, 25.518450071467036, -7.599999899993216
22.32080152466704, 25.701747618592336, -7.599999899993216
21.24854806441227, 24.62949415833753, -8.099999899993216
10.624274032206209, 24.62949415833753, -8.099999899993216
1.4566126083082054e-13, 24.629494158337526, -8.099999899993216
-10.624274032205918, 24.629494158337526, -8.099999899993216
-21.248548064411988, 24.629494158337522, -8.099999899993216
-21.24854806441197, 24.629494158337522, -8.099999899993218
-22.596846598949874, 24.446196611212233, -8.099999899993218
-23.76449429426159, 23.764494294261592, -8.099999899993218
-24.446196611212237, 22.59684659894988, -8.099999899993218
-24.629494158337536, 21.24854806441198, -8.099999899993218
-24.62949415833753, 21.24854806441197, -8.099999899993215
-24.62949415833753, 10.624274032205903, -8.099999899993215
-24.62949415833753, -1.6697754290362354e-13, -8.099999899993215
-24.62949415833753, -10.624274032206237, -8.099999899993215
-24.62949415833753, -21.248548064412315, -8.099999899993215
-24.629494158337543, -21.24854806441231, -8.099999899993216
-24.446196611212244, -22.596846598950226, -8.099999899993216
-23.76449429426159, -23.76449429426194, -8.099999899993216
-22.596846598949863, -24.446196611212585, -8.099999899993216
-21.248548064411946, -24.62949415833788, -8.099999899993216
-21.24854806441192, -24.629494158337863, -8.099999899993216
-10.624274032205877, -24.62949415833786, -8.099999899993216
1.6697754290362354e-13, -24.62949415833786, -8.099999899993216
10.624274032206209, -24.629494158337856, -8.099999899993216
21.248548064412255, -24.629494158337856, -8.099999899993216
21.24854806441224, -24.629494158337863, -8.099999899993216
22.59684659895016, -24.446196611212567, -8.099999899993216
23.76449429426189, -23.76449429426192, -8.099999899993216
24.446196611212553, -22.596846598950197, -8.099999899993216
24.629494158337856, -21.248548064412283, -8.099999899993216
24.62949415833784, -21.248548064412255, -8.099999899993216
24.62949415833784, -10.624274032206207, -8.099999899993216
24.62949415833784, -1.5987211554602254e-13, -8.099999899993216
24.62949415833784, 10.62427403220589, -8.099999899993216
24.62949415833784, 21.248548064411935, -8.099999899993216
24.629494158337828, 21.24854806441192, -8.099999899993216
24.446196611212528, 22.59684659894984, -8.099999899993216
23.7644942942619, 23.764494294261574, -8.099999899993216
22.596846598950187, 24.446196611212237, -8.099999899993216
21.24854806441227, 24.629494158337543, -8.099999899993216
20.176294604157498, 23.55724069808273, -8.599999899993216
10.08814730207883, 23.55724069808273, -8.599999899993216
1.5987211554602254e-13, 23.557240698082726, -8.599999899993216
-10.08814730207851, 23.557240698082726, -8.599999899993216
-20.17629460415719, 23.557240698082722, -8.599999899993216
-20.176294604157174, 23.55724069808273, -8.599999899993218
-21.524593138695085, 23.373943150957434, -8.599999899993218
-22.692240834006796, 22.692240834006792, -8.599999899993218
-23.37394315095744, 21.52459313869508, -8.599999899993218
-23.557240698082737, 20.17629460415719, -8.599999899993218
-23.557240698082737, 20.176294604157178, -8.599999899993215
-23.557240698082737, 10.088147302078497, -8.599999899993215
-23.557240698082737, -1.8118839761882555e-13, -8.599999899993215
-23.557240698082737, -10.088147302078859, -8.599999899993215
-23.557240698082737, -20.176294604157537, -8.599999899993215
-23.55724069808275, -20.176294604157533, -8.599999899993216
-23.373943150957448, -21.52459313869545, -8.599999899993216
-22.69224083400679, -22.69224083400717, -8.599999899993216
-21.524593138695064, -23.37394315095781, -8.599999899993216
-20.176294604157142, -23.557240698083103, -8.599999899993216
-20.176294604157125, -23.557240698083092, -8.599999899993216
-10.088147302078472, -23.55724069808309, -8.599999899993216
1.8118839761882555e-13, -23.55724069808309, -8.599999899993216
10.08814730207883, -23.557240698083085, -8.599999899993216
20.176294604157484, -23.557240698083085, -8.599999899993216
20.176294604157462, -23.557240698083085, -8.599999899993216
21.524593138695383, -23.373943150957793, -8.599999899993216
22.692240834007112, -22.692240834007144, -8.599999899993216
23.373943150957775, -21.524593138695423, -8.599999899993216
23.557240698083078, -20.176294604157505, -8.599999899993216
23.557240698083067, -20.17629460415748, -8.599999899993216
23.557240698083067, -10.088147302078827, -8.599999899993216
23.557240698083067, -1.7408297026122455e-13, -8.599999899993216
23.557240698083067, 10.088147302078482, -8.599999899993216
23.557240698083067, 20.176294604157135, -8.599999899993216
23.55724069808305, 20.17629460415713, -8.599999899993216
23.373943150957757, 21.524593138695042, -8.599999899993216
22.69224083400712, 22.69224083400678, -8.599999899993216
21.52459313869541, 23.37394315095744, -8.599999899993216
20.17629460415749, 23.557240698082744, -8.599999899993216
19.10404114390272, 22.484987237827934, -9.099999899993216
9.552020571951438, 22.484987237827934, -9.099999899993216
1.5987211554602254e-13, 22.48498723782793, -9.099999899993216
-9.552020571951118, 22.48498723782793, -9.099999899993216
-19.104041143902393, 22.484987237827927, -9.099999899993216
-19.10404114390238, 22.48498723782793, -9.099999899993218
-20.452339678440282, 22.30168969070264, -9.099999899993218
-21.619987373751997, 21.619987373752, -9.099999899993218
-22.301689690702645, 20.45233967844029, -9.099999899993218
-22.484987237827944, 19.10404114390239, -9.099999899993218
-22.484987237827937, 19.10404114390238, -9.099999899993215
-22.484987237827937, 9.55202057195109, -9.099999899993215
-22.484987237827937, -1.9539925233402755e-13, -9.099999899993215
-22.484987237827937, -9.55202057195148, -9.099999899993215
-22.484987237827937, -19.104041143902762, -9.099999899993215
-22.48498723782795, -19.104041143902762, -9.099999899993216
-22.301689690702652, -20.452339678440676, -9.099999899993216
-21.61998737375199, -21.61998737375239, -9.099999899993216
-20.452339678440264, -22.301689690703032, -9.099999899993216
-19.10404114390235, -22.484987237828328, -9.099999899993216
-19.10404114390233, -22.484987237828314, -9.099999899993216
-9.552020571951072, -22.48498723782831, -9.099999899993216
1.8474111129762605e-13, -22.48498723782831, -9.099999899993216
9.552020571951438, -22.484987237828307, -9.099999899993216
19.1040411439027, -22.484987237828307, -9.099999899993216
19.104041143902684, -22.48498723782831, -9.099999899993216
20.452339678440605, -22.301689690703014, -9.099999899993216
21.619987373752338, -21.619987373752362, -9.099999899993216
22.301689690702997, -20.452339678440637, -9.099999899993216
22.4849872378283, -19.104041143902716, -9.099999899993216
22.484987237828292, -19.104041143902702, -9.099999899993216
22.484987237828292, -9.552020571951441, -9.099999899993216
22.484987237828292, -1.8118839761882555e-13, -9.099999899993216
22.484987237828292, 9.552020571951076, -9.099999899993216
22.484987237828292, 19.104041143902336, -9.099999899993216
22.48498723782827, 19.104041143902332, -9.099999899993216
22.30168969070298, 20.452339678440246, -9.099999899993216
21.61998737375234, 21.619987373751982, -9.099999899993216
20.45233967844063, 22.301689690702645, -9.099999899993216
19.104041143902712, 22.484987237827948, -9.099999899993216
18.031787683647945, 21.412733777573138, -9.599999899993216
9.015893841824063, 21.412733777573138, -9.599999899993216
1.7763568394002505e-13, 21.412733777573134, -9.599999899993216
-9.015893841823708, 21.412733777573134, -9.599999899993216
-18.031787683647597, 21.41273377757313, -9.599999899993216
-18.031787683647583, 21.412733777573138, -9.599999899993218
-19.380086218185493, 21.229436230447842, -9.599999899993218
-20.547733913497204, 20.5477339134972, -9.599999899993218
-21.22943623044785, 19.38008621818549, -9.599999899993218
-21.412733777573145, 18.031787683647597, -9.599999899993218
-21.412733777573145, 18.03178768364758, -9.599999899993215
-21.412733777573145, 9.015893841823683, -9.599999899993215
-21.412733777573145, -2.0961010704922955e-13, -9.599999899993215
-21.412733777573145, -9.015893841824102, -9.599999899993215
-21.412733777573145, -18.031787683647988, -9.599999899993215
-21.41273377757316, -18.031787683647984, -9.599999899993216
-21.22943623044786, -19.380086218185898, -9.599999899993216
-20.547733913497197, -20.547733913497613, -9.599999899993216
-19.38008621818547, -21.229436230448258, -9.599999899993216
-18.031787683647547, -21.412733777573546, -9.599999899993216
-18.031787683647526, -21.412733777573536, -9.599999899993216
-9.015893841823663, -21.412733777573532, -9.599999899993216
1.9895196601282805e-13, -21.412733777573532, -9.599999899993216
9.015893841824063, -21.41273377757353, -9.599999899993216
18.031787683647924, -21.41273377757353, -9.599999899993216
18.03178768364791, -21.412733777573536, -9.599999899993216
19.38008621818583, -21.22943623044824, -9.599999899993216
20.54773391349756, -20.54773391349759, -9.599999899993216
21.229436230448222, -19.38008621818587, -9.599999899993216
21.412733777573525, -18.031787683647952, -9.599999899993216
21.412733777573514, -18.031787683647924, -9.599999899993216
21.412733777573514, -9.015893841824056, -9.599999899993216
21.412733777573514, -1.8829382497642655e-13, -9.599999899993216
21.412733777573514, 9.015893841823683, -9.599999899993216
21.412733777573514, 18.031787683647543, -9.599999899993216
21.412733777573496, 18.03178768364753, -9.599999899993216
21.2294362304482, 19.380086218185447, -9.599999899993216
20.54773391349757, 20.54773391349718, -9.599999899993216
19.380086218185856, 21.229436230447845, -9.599999899993216
18.031787683647938, 21.41273377757315, -9.599999899993216
16.959534223393163, 20.34048031731834, -10.099999899993216
8.479767111696674, 20.340480317318338, -10.099999899993216
1.8474111129762605e-13, 20.340480317318338, -10.099999899993216
-8.479767111696304, 20.340480317318338, -10.099999899993216
-16.959534223392797, 20.340480317318335, -10.099999899993216
-16.959534223392783, 20.340480317318338, -10.099999899993218
-18.307832757930694, 20.157182770193042, -10.099999899993218
-19.475480453242405, 19.4754804532424, -10.099999899993218
-20.15718277019305, 18.30783275793069, -10.099999899993218
-20.340480317318345, 16.959534223392787, -10.099999899993218
-20.340480317318345, 16.959534223392787, -10.099999899993215
-20.340480317318345, 8.479767111696287, -10.099999899993215
-20.340480317318345, -2.1316282072803006e-13, -10.099999899993215
-20.340480317318345, -8.479767111696713, -10.099999899993215
-20.340480317318345, -16.95953422339321, -10.099999899993215
-20.340480317318356, -16.9595342233932, -10.099999899993216
-20.15718277019306, -18.30783275793112, -10.099999899993216
-19.4754804532424, -19.475480453242838, -10.099999899993216
-18.307832757930672, -20.157182770193483, -10.099999899993216
-16.959534223392758, -20.34048031731878, -10.099999899993216
-16.95953422339273, -20.340480317318757, -10.099999899993216
-8.47976711169626, -20.340480317318754, -10.099999899993216
2.0961010704922955e-13, -20.340480317318754, -10.099999899993216
8.479767111696681, -20.340480317318754, -10.099999899993216
16.95953422339315, -20.34048031731875, -10.099999899993216
16.95953422339313, -20.340480317318757, -10.099999899993216
18.307832757931052, -20.15718277019346, -10.099999899993216
19.475480453242785, -19.47548045324281, -10.099999899993216
20.157182770193444, -18.307832757931084, -10.099999899993216
20.340480317318747, -16.959534223393163, -10.099999899993216
20.340480317318736, -16.95953422339315, -10.099999899993216
20.340480317318736, -8.479767111696674, -10.099999899993216
20.340480317318736, -1.9895196601282805e-13, -10.099999899993216
20.340480317318736, 8.479767111696276, -10.099999899993216
20.340480317318736, 16.95953422339275, -10.099999899993216
20.34048031731872, 16.959534223392737, -10.099999899993216
20.157182770193426, 18.30783275793065, -10.099999899993216
19.47548045324279, 19.475480453242387, -10.099999899993216
18.307832757931077, 20.15718277019305, -10.099999899993216
16.95953422339316, 20.340480317318352, -10.099999899993216
15.887280763138392, 19.268226857063546, -10.599999899993216
7.9436403815692955, 19.268226857063542, -10.599999899993216
1.9895196601282805e-13, 19.268226857063542, -10.599999899993216
-7.943640381568899, 19.268226857063542, -10.599999899993216
-15.887280763138001, 19.26822685706354, -10.599999899993216
-15.88728076313799, 19.268226857063546, -10.599999899993218
-17.2355792976759, 19.08492930993825, -10.599999899993218
-18.403226992987612, 18.40322699298761, -10.599999899993218
-19.084929309938257, 17.235579297675898, -10.599999899993218
-19.268226857063553, 15.887280763138005, -10.599999899993218
-19.268226857063553, 15.887280763137987, -10.599999899993215
-19.268226857063553, 7.943640381568883, -10.599999899993215
-19.268226857063553, -2.2026824808563106e-13, -10.599999899993215
-19.268226857063553, -7.943640381569326, -10.599999899993215
-19.268226857063553, -15.887280763138435, -10.599999899993215
-19.26822685706356, -15.887280763138428, -10.599999899993216
-19.08492930993826, -17.235579297676342, -10.599999899993216
-18.403226992987598, -18.403226992988056, -10.599999899993216
-17.235579297675873, -19.084929309938698, -10.599999899993216
-15.887280763137959, -19.268226857063993, -10.599999899993216
-15.887280763137934, -19.268226857063983, -10.599999899993216
-7.9436403815688585, -19.26822685706398, -10.599999899993216
2.1671553440683056e-13, -19.26822685706398, -10.599999899993216
7.943640381569292, -19.26822685706398, -10.599999899993216
15.88728076313837, -19.268226857063976, -10.599999899993216
15.887280763138355, -19.268226857063983, -10.599999899993216
17.235579297676278, -19.084929309938687, -10.599999899993216
18.403226992988007, -18.40322699298804, -10.599999899993216
19.08492930993867, -17.235579297676317, -10.599999899993216
19.268226857063972, -15.8872807631384, -10.599999899993216
19.268226857063958, -15.88728076313837, -10.599999899993216
19.268226857063958, -7.94364038156929, -10.599999899993216
19.268226857063958, -2.0961010704922955e-13, -10.599999899993216
19.268226857063958, 7.943640381568869, -10.599999899993216
19.268226857063958, 15.887280763137952, -10.599999899993216
19.26822685706394, 15.887280763137936, -10.599999899993216
19.084929309938644, 17.235579297675855, -10.599999899993216
18.403226992988014, 18.403226992987587, -10.599999899993216
17.2355792976763, 19.084929309938254, -10.599999899993216
15.887280763138383, 19.268226857063556, -10.599999899993216
14.815027302883614, 18.195973396808746, -11.099999899993216
7.40751365144191, 18.195973396808743, -11.099999899993216
2.0605739337042905e-13, 18.195973396808743, -11.099999899993216
-7.407513651441498, 18.195973396808743, -11.099999899993216
-14.815027302883205, 18.19597339680874, -11.099999899993216
-14.815027302883198, 18.195973396808753, -11.099999899993218
-16.16332583742111, 18.012675849683458, -11.099999899993218
-17.33097353273282, 17.330973532732816, -11.099999899993218
-18.012675849683465, 16.163325837421105, -11.099999899993218
-18.19597339680876, 14.8150273028832, -11.099999899993218
-18.195973396808753, 14.815027302883195, -11.099999899993215
-18.195973396808753, 7.407513651441484, -11.099999899993215
-18.195973396808753, -2.2737367544323206e-13, -11.099999899993215
-18.195973396808753, -7.407513651441938, -11.099999899993215
-18.195973396808753, -14.815027302883653, -11.099999899993215
-18.195973396808757, -14.815027302883644, -11.099999899993216
-18.01267584968346, -16.16332583742156, -11.099999899993216
-17.330973532732806, -17.330973532733278, -11.099999899993216
-16.163325837421084, -18.01267584968392, -11.099999899993216
-14.815027302883163, -18.19597339680922, -11.099999899993216
-14.815027302883138, -18.195973396809208, -11.099999899993216
-7.407513651441455, -18.195973396809205, -11.099999899993216
2.2737367544323206e-13, -18.195973396809205, -11.099999899993216
7.40751365144191, -18.195973396809205, -11.099999899993216
14.8150273028836, -18.1959733968092, -11.099999899993216
14.815027302883578, -18.195973396809205, -11.099999899993216
16.1633258374215, -18.01267584968391, -11.099999899993216
17.33097353273323, -17.33097353273326, -11.099999899993216
18.01267584968389, -16.16332583742154, -11.099999899993216
18.195973396809194, -14.815027302883623, -11.099999899993216
18.195973396809183, -14.815027302883596, -11.099999899993216
18.195973396809183, -7.40751365144191, -11.099999899993216
18.195973396809183, -2.2382096176443156e-13, -11.099999899993216
18.195973396809183, 7.407513651441462, -11.099999899993216
18.195973396809183, 14.815027302883152, -11.099999899993216
18.195973396809165, 14.815027302883138, -11.099999899993216
18.01267584968387, 16.16332583742106, -11.099999899993216
17.33097353273324, 17.33097353273279, -11.099999899993216
16.163325837421525, 18.012675849683458, -11.099999899993216
14.815027302883607, 18.19597339680876, -11.099999899993216
13.742773842628836, 17.123719936553954, -11.599999899993216
6.871386921314524, 17.12371993655395, -11.599999899993216
2.1316282072803006e-13, 17.12371993655395, -11.599999899993216
-6.871386921314098, 17.12371993655395, -11.599999899993216
-13.74277384262841, 17.123719936553947, -11.599999899993216
-13.742773842628399, 17.123719936553954, -11.599999899993218
-15.09107237716631, 16.940422389428658, -11.599999899993218
-16.25872007247802, 16.258720072478017, -11.599999899993218
-16.940422389428665, 15.091072377166306, -11.599999899993218
-17.12371993655396, 13.742773842628413, -11.599999899993218
-17.12371993655396, 13.742773842628395, -11.599999899993215
-17.12371993655396, 6.871386921314077, -11.599999899993215
-17.12371993655396, -2.4158453015843406e-13, -11.599999899993215
-17.12371993655396, -6.87138692131456, -11.599999899993215
-17.12371993655396, -13.742773842628878, -11.599999899993215
-17.12371993655396, -13.742773842628871, -11.59999989999322
-16.940422389428658, -15.091072377166782, -11.59999989999322
-16.258720072478003, -16.258720072478496, -11.59999989999322
-15.091072377166281, -16.940422389429138, -11.59999989999322
-13.742773842628363, -17.123719936554433, -11.59999989999322
-13.742773842628338, -17.12371993655443, -11.599999899993216
-6.871386921314048, -17.123719936554426, -11.599999899993216
2.4158453015843406e-13, -17.123719936554426, -11.599999899993216
6.8713869213145315, -17.123719936554426, -11.599999899993216
13.742773842628822, -17.123719936554423, -11.599999899993216
13.742773842628802, -17.12371993655443, -11.599999899993216
15.091072377166723, -16.940422389429134, -11.599999899993216
16.258720072478454, -16.258720072478486, -11.599999899993216
16.940422389429116, -15.091072377166762, -11.599999899993216
17.12371993655442, -13.742773842628846, -11.599999899993216
17.123719936554405, -13.742773842628818, -11.599999899993216
17.123719936554405, -6.871386921314524, -11.599999899993216
17.123719936554405, -2.3092638912203256e-13, -11.599999899993216
17.123719936554405, 6.871386921314063, -11.599999899993216
17.123719936554405, 13.742773842628353, -11.599999899993216
17.123719936554387, 13.742773842628342, -11.599999899993216
16.94042238942909, 15.091072377166261, -11.599999899993216
16.25872007247846, 16.258720072477992, -11.599999899993216
15.091072377166748, 16.940422389428658, -11.599999899993216
13.74277384262883, 17.12371993655396, -11.599999899993216
12.670520382374058, 16.051466476299154, -12.099999899993216
6.335260191187139, 16.05146647629915, -12.099999899993216
2.2026824808563106e-13, 16.05146647629915, -12.099999899993216
-6.335260191186698, 16.05146647629915, -12.099999899993216
-12.670520382373613, 16.05146647629915, -12.099999899993216
-12.670520382373606, 16.05146647629916, -12.099999899993218
-14.018818916911517, 15.868168929173866, -12.099999899993218
-15.186466612223228, 15.186466612223224, -12.099999899993218
-15.868168929173873, 14.018818916911513, -12.099999899993218
-16.05146647629917, 12.670520382373608, -12.099999899993218
-16.05146647629916, 12.670520382373603, -12.099999899993215
-16.05146647629916, 6.335260191186677, -12.099999899993215
-16.05146647629916, -2.4868995751603507e-13, -12.099999899993215
-16.05146647629916, -6.335260191187174, -12.099999899993215
-16.05146647629916, -12.6705203823741, -12.099999899993215
-16.05146647629917, -12.670520382374095, -12.099999899993216
-15.868168929173866, -14.01881891691201, -12.099999899993216
-15.186466612223207, -15.186466612223729, -12.099999899993216
-14.018818916911481, -15.86816892917437, -12.099999899993216
-12.670520382373567, -16.051466476299666, -12.099999899993216
-12.670520382373542, -16.051466476299648, -12.099999899993216
-6.335260191186645, -16.051466476299648, -12.099999899993216
2.5224267119483557e-13, -16.051466476299648, -12.099999899993216
6.33526019118715, -16.051466476299648, -12.099999899993216
12.670520382374043, -16.051466476299645, -12.099999899993216
12.670520382374026, -16.05146647629965, -12.099999899993216
14.018818916911947, -15.868168929174356, -12.099999899993216
15.186466612223679, -15.186466612223704, -12.099999899993216
15.868168929174338, -14.018818916911979, -12.099999899993216
16.05146647629964, -12.670520382374058, -12.099999899993216
16.05146647629963, -12.67052038237404, -12.099999899993216
16.05146647629963, -6.335260191187139, -12.099999899993216
16.05146647629963, -2.3803181647963356e-13, -12.099999899993216
16.05146647629963, 6.335260191186663, -12.099999899993216
16.05146647629963, 12.67052038237356, -12.099999899993216
16.051466476299613, 12.670520382373544, -12.099999899993216
15.868168929174317, 14.018818916911464, -12.099999899993216
15.186466612223686, 15.186466612223196, -12.099999899993216
14.018818916911972, 15.868168929173862, -12.099999899993216
12.670520382374054, 16.051466476299165, -12.099999899993216
11.59826692211928, 14.979213016044357, -12.599999899993216
5.799133461059757, 14.979213016044357, -12.599999899993216
2.3447910280083306e-13, 14.979213016044355, -12.599999899993216
-5.799133461059288, 14.979213016044355, -12.599999899993216
-11.598266922118814, 14.979213016044353, -12.599999899993216
-11.598266922118816, 14.979213016044366, -12.599999899993218
-12.946565456656717, 14.795915468919066, -12.599999899993218
-14.114213151968425, 14.114213151968421, -12.599999899993218
-14.79591546891907, 12.946565456656707, -12.599999899993218
-14.979213016044362, 11.598266922118809, -12.599999899993218
-14.979213016044362, 11.598266922118803, -12.599999899993215
-14.979213016044362, 5.79913346105927, -12.599999899993215
-14.979213016044362, -2.6290081223123707e-13, -12.599999899993215
-14.979213016044362, -5.799133461059796, -12.599999899993215
-14.979213016044362, -11.598266922119326, -12.599999899993215
-14.979213016044369, -11.598266922119317, -12.599999899993216
-14.79591546891907, -12.946565456657229, -12.599999899993216
-14.114213151968414, -14.114213151968944, -12.599999899993216
-12.946565456656689, -14.795915468919588, -12.599999899993216
-11.598266922118771, -14.979213016044884, -12.599999899993216
-11.598266922118746, -14.979213016044872, -12.599999899993218
-5.799133461059242, -14.97921301604487, -12.599999899993218
2.6290081223123707e-13, -14.97921301604487, -12.599999899993218
5.799133461059768, -14.979213016044868, -12.599999899993218
11.598266922119265, -14.979213016044868, -12.599999899993218
11.59826692211925, -14.979213016044875, -12.599999899993216
12.94656545665717, -14.79591546891958, -12.599999899993216
14.114213151968903, -14.114213151968928, -12.599999899993216
14.795915468919562, -12.946565456657202, -12.599999899993216
14.979213016044865, -11.598266922119281, -12.599999899993216
14.979213016044852, -11.598266922119265, -12.599999899993218
14.979213016044852, -5.7991334610597605, -12.599999899993218
14.979213016044852, -2.5579538487363607e-13, -12.599999899993218
14.979213016044852, 5.799133461059249, -12.599999899993218
14.979213016044852, 11.59826692211876, -12.599999899993218
14.979213016044834, 11.598266922118748, -12.599999899993216
14.795915468919539, 12.946565456656668, -12.599999899993216
14.114213151968908, 14.1142131519684, -12.599999899993216
12.946565456657193, 14.795915468919066, -12.599999899993216
11.598266922119276, 14.979213016044369, -12.599999899993216
10.526013461864501, 13.90695955578956, -13.099999899993216
5.263006730932371, 13.90695955578956, -13.099999899993216
2.4158453015843406e-13, 13.906959555789559, -13.099999899993216
-5.263006730931888, 13.906959555789559, -13.099999899993216
-10.526013461864018, 13.906959555789557, -13.099999899993216
-10.526013461864007, 13.90695955578957, -13.099999899993218
-11.874311996401918, 13.723662008664274, -13.099999899993218
-13.041959691713629, 13.041959691713632, -13.099999899993218
-13.723662008664274, 11.874311996401921, -13.099999899993218
-13.90695955578957, 10.526013461864016, -13.099999899993218
-13.906959555789566, 10.52601346186401, -13.099999899993215
-13.906959555789566, 5.26300673093187, -13.099999899993215
-13.906959555789566, -2.7000623958883807e-13, -13.099999899993215
-13.906959555789566, -5.2630067309324104, -13.099999899993215
-13.906959555789566, -10.526013461864551, -13.099999899993215
-13.906959555789573, -10.526013461864538, -13.099999899993216
-13.723662008664277, -11.874311996402454, -13.099999899993216
-13.041959691713622, -13.041959691714172, -13.099999899993216
-11.8743119964019, -13.723662008664814, -13.099999899993216
-10.526013461863979, -13.906959555790113, -13.099999899993216
-10.526013461863947, -13.906959555790097, -13.099999899993215
-5.263006730931835, -13.906959555790095, -13.099999899993215
2.7711166694643907e-13, -13.906959555790095, -13.099999899993215
5.263006730932389, -13.906959555790094, -13.099999899993215
10.526013461864494, -13.906959555790094, -13.099999899993215
10.526013461864473, -13.906959555790099, -13.099999899993216
11.874311996402394, -13.723662008664803, -13.099999899993216
13.041959691714126, -13.041959691714151, -13.099999899993216
13.723662008664785, -11.874311996402426, -13.099999899993216
13.906959555790088, -10.526013461864505, -13.099999899993216
13.906959555790078, -10.52601346186449, -13.099999899993215
13.906959555790078, -5.2630067309323785, -13.099999899993215
13.906959555790078, -2.6645352591003757e-13, -13.099999899993215
13.906959555790078, 5.263006730931846, -13.099999899993215
13.906959555790078, 10.526013461863961, -13.099999899993215
13.906959555790058, 10.52601346186395, -13.099999899993216
13.723662008664762, 11.87431199640187, -13.099999899993216
13.041959691714132, 13.041959691713602, -13.099999899993216
11.874311996402417, 13.723662008664268, -13.099999899993216
10.526013461864503, 13.906959555789568, -13.099999899993216
9.453760001609723, 12.834706095534761, -13.599999899993218
4.726880000804986, 12.834706095534761, -13.599999899993218
2.4868995751603507e-13, 12.83470609553476, -13.599999899993218
-4.7268800008044884, 12.83470609553476, -13.599999899993218
-9.453760001609226, 12.834706095534758, -13.599999899993218
-9.453760001609208, 12.834706095534763, -13.599999899993218
-10.802058536147118, 12.651408548409467, -13.599999899993218
-11.96970623145883, 11.969706231458826, -13.599999899993218
-12.651408548409474, 10.802058536147115, -13.599999899993218
-12.83470609553477, 9.453760001609222, -13.599999899993218
-12.83470609553477, 9.453760001609211, -13.599999899993215
-12.83470609553477, 4.726880000804467, -13.599999899993215
-12.83470609553477, -2.7711166694643907e-13, -13.599999899993215
-12.83470609553477, -4.726880000805021, -13.599999899993215
-12.83470609553477, -9.453760001609766, -13.599999899993215
-12.834706095534774, -9.45376000160976, -13.599999899993216
-12.651408548409478, -10.802058536147676, -13.599999899993216
-11.969706231458822, -11.969706231459394, -13.599999899993216
-10.8020585361471, -12.651408548410036, -13.599999899993216
-9.453760001609185, -12.834706095535335, -13.599999899993216
-9.453760001609147, -12.834706095535322, -13.599999899993216
-4.726880000804432, -12.83470609553532, -13.599999899993216
2.8421709430404007e-13, -12.83470609553532, -13.599999899993216
4.726880000805, -12.834706095535319, -13.599999899993216
9.453760001609716, -12.834706095535319, -13.599999899993216
9.453760001609695, -12.834706095535322, -13.599999899993216
10.802058536147616, -12.651408548410027, -13.599999899993216
11.969706231459348, -11.969706231459375, -13.599999899993216
12.651408548410007, -10.80205853614765, -13.599999899993216
12.83470609553531, -9.453760001609728, -13.599999899993216
12.8347060955353, -9.453760001609709, -13.599999899993216
12.8347060955353, -4.726880000804989, -13.599999899993216
12.8347060955353, -2.7000623958883807e-13, -13.599999899993216
12.8347060955353, 4.726880000804449, -13.599999899993216
12.8347060955353, 9.453760001609169, -13.599999899993216
12.834706095535282, 9.453760001609153, -13.599999899993216
12.651408548409986, 10.802058536147072, -13.599999899993216
11.969706231459355, 11.969706231458805, -13.599999899993216
10.80205853614764, 12.65140854840947, -13.599999899993216
9.453760001609723, 12.834706095534774, -13.599999899993216
8.381506541354952, 11.762452635279969, -14.099999899993215
4.190753270677607, 11.762452635279969, -14.099999899993215
2.6290081223123707e-13, 11.762452635279967, -14.099999899993215
-4.190753270677082, 11.762452635279967, -14.099999899993215
-8.381506541354426, 11.762452635279965, -14.099999899993215
-8.381506541354431, 11.762452635279981, -14.099999899993218
-9.729805075892333, 11.579155088154682, -14.099999899993218
-10.89745277120404, 10.897452771204037, -14.099999899993218
-11.579155088154685, 9.729805075892322, -14.099999899993218
-11.762452635279978, 8.381506541354424, -14.099999899993218
-11.762452635279978, 8.381506541354412, -14.099999899993215
-11.762452635279978, 4.19075327067706, -14.099999899993215
-11.762452635279978, -2.913225216616411e-13, -14.099999899993215
-11.762452635279978, -4.190753270677643, -14.099999899993215
-11.762452635279978, -8.381506541354995, -14.099999899993215
-11.762452635279985, -8.381506541354996, -14.099999899993213
-11.579155088154685, -9.729805075892909, -14.099999899993213
-10.89745277120403, -10.897452771204623, -14.099999899993213
-9.729805075892305, -11.579155088155268, -14.099999899993213
-8.381506541354392, -11.762452635280564, -14.099999899993213
-8.381506541354355, -11.762452635280544, -14.099999899993216
-4.190753270677032, -11.762452635280543, -14.099999899993216
2.913225216616411e-13, -11.762452635280543, -14.099999899993216
4.1907532706776145, -11.76245263528054, -14.099999899993216
8.381506541354938, -11.76245263528054, -14.099999899993216
8.38150654135492, -11.762452635280546, -14.099999899993216
9.729805075892841, -11.57915508815525, -14.099999899993216
10.89745277120457, -10.897452771204602, -14.099999899993216
11.579155088155233, -9.72980507589288, -14.099999899993216
11.762452635280535, -8.381506541354963, -14.099999899993216
11.762452635280523, -8.381506541354938, -14.099999899993216
11.762452635280523, -4.190753270677611, -14.099999899993216
11.762452635280523, -2.8421709430404007e-13, -14.099999899993216
11.762452635280523, 4.1907532706770425, -14.099999899993216
11.762452635280523, 8.38150654135437, -14.099999899993216
11.762452635280505, 8.381506541354357, -14.099999899993216
11.57915508815521, 9.729805075892276, -14.099999899993216
10.897452771204579, 10.897452771204009, -14.099999899993216
9.729805075892864, 11.579155088154675, -14.099999899993216
