2.604049983950549e-17, -0.15761892434230437, 0.987500012500848
0.005953755078858549, -0.1590252033263268, 0.987037468647875
0.011957416857989882, -0.16009615013859482, 0.9866220246321422
0.01800138518325478, -0.1608523535382683, 0.9862469262481757
0.02408558291836401, -0.16133861589529172, 0.9859135117532017
0.03018509891411477, -0.16143333172427635, 0.9856120697974546
0.0363052397258854, -0.16124980051855026, 0.9853461766593077
0.042443190604935926, -0.16077444481364253, 0.9851048739106049
0.0485687769858882, -0.15995366186147492, 0.9848921617896272
0.054706267673630175, -0.15887164678232482, 0.9846974524859109
0.06082642008390573, -0.15749086111426688, 0.9845234039051586
0.06691267425067646, -0.15576789019227816, 0.9843615997278303
0.07305818954072406, -0.15394955656617376, 0.9842114533840858
0.07903097068513854, -0.15156124636766635, 0.9840684005798221
0.08506581162501503, -0.1490837493821638, 0.9839271866945788
0.0910821950719301, -0.14638871324279612, 0.9837889354404862
0.0969340103879986, -0.14324102578800046, 0.983641670697383
0.10285093802967005, -0.14001067104698048, 0.9834941681157389
0.10872926347608076, -0.1365655233964022, 0.9833261385329841
0.11439661409601058, -0.13268860209470623, 0.9831554931613284
0.12012707668067636, -0.1287272337236651, 0.982951813085496
0.12587427903519932, -0.1246366702650229, 0.9827440810292032
0.13130213433675875, -0.12008093339514536, 0.9824901080062426
0.13680481044240866, -0.11545416085854768, 0.9822314621553726
0.14236799778756565, -0.11074457227317984, 0.981912193405482
0.14755890244446207, -0.1056109974898885, 0.9815853778291462
0.15280268543882622, -0.10039101176076286, 0.9811891855577645
0.15812472680083328, -0.09510293832250338, 0.9807773300826159
0.16306489319433032, -0.08946187855806387, 0.9802924579126802
0.16807768538367934, -0.08374958909474114, 0.9797807802051963
0.1730548722674476, -0.07791551825110585, 0.9791936687651164
0.17778791387371498, -0.0718573526512524, 0.9785677760483797
0.1825907532870043, -0.06573072149925976, 0.9778648180047601
0.18716643906686165, -0.05942293960698688, 0.9771105172658607
0.19173610256440177, -0.05301962001386671, 0.976278453432776
0.19616475063370103, -0.046488973049779087, 0.9753814590014176
0.2005490706297976, -0.0398603595249281, 0.9744068367296723
0.20478281904825904, -0.03312047007479439, 0.9733529902522273
0.20899701234457999, -0.026300245657958528, 0.9722224679191356
0.21305674098738048, -0.01938444570613029, 0.9709978308276236
0.21704906506759397, -0.01239516880040748, 0.9696983479465028
0.22096026661176077, -0.005335565302336912, 0.968289445026393
0.22367948672073218, 0.0017844625431050454, 0.9673272379714959
0.2228341743920509, 0.008964686350444702, 0.967857754458821
0.22169902363923866, 0.016194644752681835, 0.9684180771590043
0.22023779125161524, 0.023463440266989606, 0.9689335116366821
0.21854046874064265, 0.030772727273417344, 0.9694826556413678
0.2165480054516502, 0.038112926773880375, 0.9699676597315041
0.21425623837570912, 0.04546920371289756, 0.9704899104880274
0.21174983947231762, 0.05286089695889111, 0.9709307866506036
0.2088886813328343, 0.06023743744596537, 0.9714026464248905
0.20584938934138325, 0.06765089370810709, 0.971793672840187
0.2024810367210355, 0.07503578073077072, 0.972199945768415
0.1988886171185868, 0.08243260681631467, 0.9725269441357063
0.19510910434121215, 0.08984458115117173, 0.9728522641810362
0.19095099530205434, 0.09717857743411122, 0.9731007728271954
0.18669680135646557, 0.10457160313605625, 0.9733298286642231
0.1821484516172803, 0.11190017169906871, 0.9734855675282648
0.17732952511646768, 0.11917818103325589, 0.9736030641244797
0.17240886451015597, 0.126508433412545, 0.9736518356951709
0.16721265577357675, 0.13375328798181013, 0.9736427667820597
0.16175542380915142, 0.14092152279136966, 0.9735704704100308
0.15620215282558342, 0.14814332646625605, 0.9734198150745386
0.1504451675631202, 0.15530733001322722, 0.9732124524139516
0.1443984208754728, 0.1623274609899492, 0.9729054545414189
0.1382712274147718, 0.16941098115221942, 0.9725490864732433
0.13199003946342183, 0.17646551282205863, 0.9720708446214845
0.1254358806876642, 0.18333772147689897, 0.9715515106407295
0.11878937784409488, 0.1902522508564705, 0.9708874270032293
0.11202646044779985, 0.1971665992170001, 0.9701913922846281
0.10502047003052122, 0.20387233190500215, 0.9693269725292148
0.0979495672914181, 0.21066075375655782, 0.9684406050060564
0.09071928687291306, 0.21733273187334418, 0.9673617582636145
0.08335228521676308, 0.2239401870134069, 0.9662603923508502
0.0758983961183783, 0.23056503053379368, 0.9649644816814451
0.06828493105920787, 0.23702013401109973, 0.9636299120140186
0.06059578324530097, 0.24350898698670442, 0.9621084879025139
0.05278315551765189, 0.24987035571660127, 0.9605269420949253
0.04489276671797962, 0.2562425016293481, 0.9587671422431967
0.03689703469188072, 0.26249182504957386, 0.9569251230845328
0.02882649279250171, 0.26871990423019987, 0.9549142606891976
0.02067770841780189, 0.2749093281408569, 0.9527986358019717
0.0124545431086489, 0.28100676585147827, 0.9505244042754437
0.00416622380283633, 0.28707149014985134, 0.9481224800931414
-0.004180210940041752, 0.2886319256402392, 0.9476480511906106
-0.012584643852836284, 0.28553157206333696, 0.9491716293759824
-0.021040220164185837, 0.2821935298428635, 0.9506565465359795
-0.02953847566850939, 0.2785647111313664, 0.9520629548913488
-0.03807663049629348, 0.2747045260222891, 0.95344183844153
-0.04665759660933422, 0.2706255953771242, 0.9547149931827209
-0.05525647685512931, 0.2662532378484334, 0.9559729843003331
-0.06389620556412176, 0.26169613089768207, 0.9570969628255678
-0.07254187797108527, 0.2568563900627661, 0.9582193322459113
-0.0812295933044742, 0.2518532440847083, 0.9591783301916614
-0.0899003553023505, 0.24655268360215976, 0.9601503258928537
-0.09860327844866904, 0.24107779970803112, 0.9609286183722683
-0.10731360519588778, 0.23540243944548214, 0.9617294098413279
-0.11600137358741439, 0.22945758881625256, 0.9623171844652498
-0.12475258405138295, 0.22342669791064723, 0.9629165100245421
-0.13342713364919856, 0.2170774394788974, 0.9633137969661739
-0.14213133700144162, 0.21058727393210483, 0.9636960549017108
-0.1508650327694548, 0.20396166748961408, 0.9638885144848268
-0.1595297566025102, 0.19708192703188276, 0.964038409411337
-0.16818778818319982, 0.19003091657923477, 0.9640118031484938
-0.17690093294820786, 0.18288574298313734, 0.9639141725533581
-0.18553189533037423, 0.17551247279192067, 0.9636544682546515
-0.1941443019821182, 0.16797471628647537, 0.9632944455325744
-0.20279519837537943, 0.16033601448324425, 0.9627876963566636
-0.21139818022332282, 0.1525283042672473, 0.9621504841717778
-0.21994660782383751, 0.144551322119371, 0.9613829160248426
-0.22853275501536427, 0.1364788903369074, 0.9604540711486178
-0.23708031289169812, 0.12826794636768546, 0.9594121371728898
-0.2455631073076531, 0.11990397178796008, 0.9581774478143636
-0.25410495171763153, 0.11146470008755863, 0.9568478460524378
-0.26254230451654614, 0.10287238879725244, 0.9552935178865861
-0.27100561787688093, 0.0941901716386766, 0.9536632060124373
-0.2794331864543123, 0.08540171189572017, 0.9517757472682375
-0.2878371675917927, 0.07651012158093976, 0.949832002895889
-0.29621850110623466, 0.06752769377887986, 0.9475982765557946
-0.3045837021241519, 0.05845372248227976, 0.9453285177510897
-0.31290205323957243, 0.04929324334603936, 0.9427356821742046
-0.3212379848358193, 0.040056769811936434, 0.9401055124336324
-0.3295013584186455, 0.030739764901765082, 0.9371631956170927
-0.3378070070095147, 0.021356742942673035, 0.9341565779853791
-0.34603861567435223, 0.011903229895750303, 0.9308568864063245
-0.35429082185954214, 0.0023877020322911487, 0.9274619274298981
-0.35247626379714553, -0.0071851397576483626, 0.9284624521340973
-0.3471548446329656, -0.01681529047668672, 0.9309790784941603
-0.3415915376764236, -0.026495240803810518, 0.9333378598124337
-0.33583311317506515, -0.03622649137440914, 0.9356352560128096
-0.3298314995013943, -0.04599737568191098, 0.9377927647593138
-0.3236468368322669, -0.05581501052732289, 0.9398540641723665
-0.3172405816809382, -0.06566701910098498, 0.9417948463225995
-0.31064243294483174, -0.07555750974022266, 0.9436033968705689
-0.30384564356803384, -0.08547920697503247, 0.9453121188220756
-0.2968647718192829, -0.0954353836896538, 0.9468514334967302
-0.2896843959219802, -0.10541278431037314, 0.9483128568565042
-0.2823354379648561, -0.11542468913662204, 0.9495666224375942
-0.27480451081877855, -0.12545425661294127, 0.9507655677733494
-0.2670810269152754, -0.1354993591345038, 0.9517176354940908
-0.2592579695617003, -0.14560019562402926, 0.952639137560624
-0.2511756768336376, -0.15566308091259512, 0.9532736237543228
-0.24300932253640384, -0.16579013744592216, 0.9539028639056795
-0.23466801538410811, -0.17591989517820014, 0.9542042044348192
-0.22617333717840354, -0.1860586693296512, 0.9545130664208854
-0.2175150804120361, -0.19619541026308365, 0.9544794913767602
-0.20877800420340234, -0.20639989611822648, 0.9544348855219706
-0.1998385859596414, -0.21654797497959508, 0.954070128551291
-0.19080981963639107, -0.22675265730637512, 0.9536570809796593
-0.1816485220722239, -0.23695746210515145, 0.9529472918055456
-0.1723675968385752, -0.24717642633157702, 0.952151112561751
-0.16295790996972956, -0.25738643290683805, 0.9510827241087173
-0.15345954924835217, -0.2676441979103164, 0.9498891179937634
-0.14383434258226324, -0.27787736325437085, 0.9484488427295912
-0.13411238384005436, -0.28813721939824205, 0.9468438837679565
-0.12429730014842508, -0.298415543617115, 0.9450187522946136
-0.11437482403394986, -0.3086835901937267, 0.9429889476339025
-0.10436982849310796, -0.31898076431542477, 0.9407662974476207
-0.09427099981950786, -0.3292753687534065, 0.9382985757952379
-0.08409364053760593, -0.33959876773965575, 0.9356660879565506
-0.07382904004906941, -0.34991215577344514, 0.9327478103667788
-0.0634939473683788, -0.3602682906443293, 0.9296934879560197
-0.053076890486522324, -0.3705987586326724, 0.9263124786220671
-0.042596288791804895, -0.38099229408898605, 0.9228246956432837
-0.03204006199522176, -0.3913413749086686, 0.9189692727028461
-0.021424310207046986, -0.40177326639296285, 0.9150367945756338
-0.010741219213730935, -0.4121443901914101, 0.9106957944285251
1.1102230246251565e-16, -0.42261826174069383, 0.9063077870366526
6.982150666838977e-17, -0.42261826174069383, 0.9063077870366526
0.010770227799153285, -0.41367844565110773, 0.9102331176152009
0.02154045559831016, -0.40473862956151857, 0.9141584481937509
0.032301633068628204, -0.3956362033877578, 0.917715651828622
0.043061942699194576, -0.3865181844661997, 0.9212375556195789
0.0538058948867388, -0.3772600754610341, 0.924423956606982
0.064546377313642, -0.3679722503775276, 0.9275391903330252
0.07526494273021334, -0.35856550111835367, 0.9303523891610003
0.08597570717700556, -0.34911642291529815, 0.9330580840422054
0.09666074372053103, -0.3395681861844881, 0.9354959591078076
0.10733192677768201, -0.3299665564002716, 0.9377896235034694
0.11797531763842899, -0.32028408998859886, 0.9398503326345958
0.12859709234641722, -0.31053875064446, 0.9417298543377501
0.13919075189505853, -0.30072941208110937, 0.9434118361186068
0.14975333679389544, -0.29084933753862985, 0.9448754843011348
0.16028921644746427, -0.28092057875134285, 0.9461774592004619
0.1707828845843192, -0.2709148674480698, 0.9472238860069883
0.18125297864610648, -0.2608742293570211, 0.9481448573082913
0.1916680665327361, -0.2507520954278293, 0.9487730990974075
0.20206441800220049, -0.24060720247687165, 0.9493123536305661
0.21239133451393494, -0.23037796726878162, 0.949521831862236
0.22270604086271387, -0.22013652189773603, 0.9496789405359887
0.23293527607080391, -0.20980960538600155, 0.9494694623043186
0.24316049498093528, -0.19947938244770846, 0.9492442804392445
0.25328262891012704, -0.18906429456107884, 0.9486160386501282
0.2634047628393188, -0.17864920667444925, 0.9479877968610123
0.2734162952738878, -0.16815946755010563, 0.9469622793053566
0.2834220065771608, -0.15766579941325076, 0.9459158524988303
0.2933193561742495, -0.14711269056918636, 0.9445095722555028
0.30319943071672906, -0.13655010567034945, 0.9430459240729748
0.3129750854804945, -0.12594164866942031, 0.9412599739119616
0.3227204248246334, -0.11531987396143208, 0.9393804522088073
0.3323669638463255, -0.10466413101339443, 0.937216207404554
0.34196859363054194, -0.09399294795624343, 0.9349225430088919
0.35147869246606184, -0.08329801606530766, 0.9323816603219041
0.3609277706691174, -0.07258725161851544, 0.9296759654406991
0.370294206648404, -0.06186125670691629, 0.9267603819015142
0.3795820317319106, -0.05112077428001312, 0.923645148175471
0.38879768919658886, -0.040371865291553115, 0.9203570796718394
0.397915708118147, -0.029611555660986826, 0.9168351758808828
0.40697358358391555, -0.018847898648521207, 0.9131771155491133
0.41591339967350477, -0.008077670849364279, 0.9092517849705636
0.42038330771829713, 0.0026925569497885013, 0.9072891196812898
0.4114434916287081, 0.013462784748945477, 0.9112144502598395
0.4024747175789239, 0.024231400845706567, 0.9150742239854053
0.3933566986573659, 0.03499171047627299, 0.9185961277763619
0.38422594427366175, 0.04575053306656473, 0.9220875313124502
0.3749381191901553, 0.056491015493467994, 0.9252027650384933
0.36565029410664884, 0.06723149792037131, 0.9283179987645367
0.35620323156758776, 0.07794263384191498, 0.931028812881302
0.34675415336453236, 0.08865339828870727, 0.9337345077625071
0.33716777873843196, 0.09932853948482254, 0.9360693752067231
0.32756614895421565, 0.10999972254197365, 0.938363039602385
0.31784775515256236, 0.12063076131542999, 0.9403202130603845
0.3081024158084237, 0.13125253602341824, 0.9421997347635387
0.2982593934454878, 0.1418313981197719, 0.9437777481642387
0.28837931890300833, 0.1523939830186089, 0.9452413963467664
0.27841915092552305, 0.16291263348168228, 0.9464390659020931
0.26841343962225006, 0.17340630161853732, 0.9474854927086194
0.25834369587472183, 0.18385675061776827, 0.9483019177555698
0.24822156194553008, 0.19427183850439805, 0.948930159544686
0.2380498936748479, 0.2046461471301387, 0.949364723188483
0.22782065846675792, 0.2149730636418733, 0.9495742014201527
0.2175547927698014, 0.2252633496647411, 0.9496265709780701
0.20722787625806693, 0.2354925848728312, 0.9494170927464003
0.19687561047605012, 0.2456910284632381, 0.9490872199919643
0.18646052258942072, 0.25581316239242985, 0.9484589782028482
0.17602971865274608, 0.265912011796438, 0.9477470994102499
0.16553605051589132, 0.2759177230997111, 0.9467006726037237
0.1550346292433134, 0.28590930026739503, 0.9456073083923972
0.14447204434447666, 0.2957893748098746, 0.9441436602098693
0.13390797970041096, 0.3056660809723958, 0.9426696151893256
0.12328620499242288, 0.31541142031653463, 0.9407900934861713
0.11266443028443479, 0.3251567596606735, 0.9389105717830168
0.10199633524910644, 0.3347673712923852, 0.9366427913056365
0.0913251521919555, 0.3443690010766017, 0.9343491269099745
0.08062032495360955, 0.3538409620168313, 0.9317052366016005
0.06990956050681744, 0.36329004021988687, 0.9289995417203956
0.05917613610019069, 0.37261616291928634, 0.9259815734700012
0.04843565367328758, 0.3819039880027929, 0.9228663397439578
0.037681787883911855, 0.3910771939269842, 0.919476603724098
0.026921478253345524, 0.4001952128485425, 0.9159546999331412
0.01615534169873234, 0.40920853760631876, 0.9121957829044733
0.005385113899575574, 0.41814835369590797, 0.9082704523259234
-0.005385113899578655, 0.41814835369590564, 0.9082704523259246
-0.016155341698735583, 0.4092085376063164, 0.9121957829044743
-0.026921478253348764, 0.40019521284854015, 0.9159546999331418
-0.037681787883915185, 0.39107719392698204, 0.9194766037240987
-0.04843565367329108, 0.3819039880027907, 0.9228663397439586
-0.059176136100194225, 0.37261616291928434, 0.9259815734700019
-0.06990956050682104, 0.363290040219885, 0.9289995417203962
-0.08062032495361322, 0.35384096201682946, 0.9317052366016012
-0.0913251521919593, 0.34436900107659973, 0.9343491269099746
-0.10199633524911023, 0.3347673712923835, 0.9366427913056368
-0.11266443028443865, 0.3251567596606719, 0.9389105717830171
-0.12328620499242682, 0.31541142031653313, 0.9407900934861713
-0.13390797970041507, 0.3056660809723942, 0.9426696151893257
-0.14447204434448074, 0.2957893748098732, 0.9441436602098692
-0.15503462924331762, 0.28590930026739375, 0.945607308392397
-0.16553605051589554, 0.2759177230997099, 0.9467006726037233
-0.17602971865275027, 0.265912011796437, 0.9477470994102495
-0.186460522589425, 0.2558131623924289, 0.9484589782028475
-0.19687561047605456, 0.24569102846323715, 0.9490872199919638
-0.20722787625807138, 0.23549258487283037, 0.9494170927463994
-0.21755479276980577, 0.22526334966474038, 0.9496265709780692
-0.22782065846676253, 0.21497306364187252, 0.9495742014201518
-0.23804989367485255, 0.20464614713013807, 0.949364723188482
-0.24822156194553482, 0.19427183850439744, 0.9489301595446846
-0.25834369587472644, 0.18385675061776804, 0.9483019177555687
-0.26841343962225483, 0.173406301618537, 0.947485492708618
-0.2784191509255279, 0.16291263348168208, 0.9464390659020919
-0.28837931890301327, 0.15239398301860865, 0.9452413963467652
-0.2982593934454929, 0.14183139811977175, 0.9437777481642372
-0.30810241580842845, 0.13125253602341846, 0.9421997347635371
-0.3178477551525673, 0.1206307613154302, 0.9403202130603827
-0.3275661489542207, 0.1099997225419739, 0.9383630396023832
-0.33716777873843723, 0.09932853948482284, 0.9360693752067214
-0.3467541533645374, 0.08865339828870787, 0.9337345077625051
-0.3562032315675928, 0.07794263384191569, 0.9310288128813
-0.365650294106654, 0.06723149792037199, 0.9283179987645345
-0.37493811919016057, 0.05649101549346875, 0.9252027650384912
-0.3842259442736671, 0.045750533066565506, 0.9220875313124479
-0.3933566986573711, 0.034991710476274085, 0.9185961277763598
-0.4024747175789293, 0.024231400845707695, 0.9150742239854031
-0.4114434916287134, 0.013462784748946724, 0.911214450259837
-0.42038330771830246, 0.002692556949789873, 0.9072891196812872
-0.41591339967351, -0.008077670849365615, 0.9092517849705611
-0.4069735835839208, -0.018847898648522446, 0.9131771155491111
-0.3979157081181521, -0.029611555660988057, 0.9168351758808806
-0.3887976891965939, -0.04037186529155437, 0.9203570796718374
-0.3795820317319154, -0.05112077428001438, 0.923645148175469
-0.37029420664840895, -0.061861256706917306, 0.9267603819015123
-0.3609277706691223, -0.0725872516185163, 0.9296759654406971
-0.35147869246606667, -0.08329801606530848, 0.9323816603219023
-0.34196859363054666, -0.09399294795624417, 0.9349225430088903
-0.33236696384633024, -0.10466413101339492, 0.9372162074045522
-0.32272042482463803, -0.1153198739614325, 0.9393804522088056
-0.31297508548049907, -0.1259416486694207, 0.9412599739119599
-0.3031994307167335, -0.13655010567034984, 0.9430459240729734
-0.2933193561742541, -0.1471126905691864, 0.9445095722555014
-0.28342200657716554, -0.15766579941325057, 0.9459158524988289
-0.27341629527389216, -0.16815946755010563, 0.9469622793053554
-0.2634047628393231, -0.17864920667444917, 0.9479877968610111
-0.2532826289101314, -0.18906429456107854, 0.9486160386501273
-0.24316049498093972, -0.19947938244770794, 0.9492442804392436
-0.23293527607080822, -0.209809605386001, 0.9494694623043177
-0.22270604086271822, -0.22013652189773525, 0.9496789405359876
-0.2123913345139393, -0.23037796726878068, 0.9495218318622353
-0.20206441800220448, -0.2406072024768709, 0.9493123536305654
-0.1916680665327401, -0.25075209542782845, 0.9487730990974068
-0.1812529786461104, -0.26087422935702015, 0.9481448573082909
-0.17078288458432278, -0.27091486744806903, 0.9472238860069877
-0.16028921644746785, -0.28092057875134196, 0.9461774592004617
-0.149753336793899, -0.2908493375386288, 0.9448754843011345
-0.13919075189506214, -0.30072941208110804, 0.9434118361186067
-0.1285970923464205, -0.3105387506444588, 0.9417298543377501
-0.11797531763843228, -0.3202840899885975, 0.9398503326345957
-0.10733192677768529, -0.32996655640027023, 0.9377896235034694
-0.09666074372053422, -0.33956818618448653, 0.9354959591078076
-0.08597570717700842, -0.3491164229152968, 0.9330580840422056
-0.07526494273021617, -0.3585655011183522, 0.9303523891610005
-0.0645463773136448, -0.36797225037752596, 0.9275391903330256
-0.0538058948867414, -0.3772600754610325, 0.9244239566069824
-0.04306194269919722, -0.38651818446619784, 0.9212375556195794
-0.03230163306863082, -0.3956362033877559, 0.9177156518286227
-0.021540455598312417, -0.40473862956151685, 0.9141584481937515
-0.010770227799155489, -0.4136784456511059, 0.9102331176152018
1.4432899320127035e-15, -0.42261826174069494, 0.9063077870366522
6.982150666838977e-17, -0.42261826174069383, 0.9063077870366526
0.010770227799155908, -0.4136784456511056, 0.9102331176152019
0.02154045559831276, -0.40473862956151646, 0.9141584481937518
0.03230163306863075, -0.3956362033877557, 0.9177156518286229
0.043061942699197074, -0.38651818446619757, 0.9212375556195797
0.05380589488674127, -0.37726007546103196, 0.9244239566069826
0.06454637731364442, -0.3679722503775255, 0.9275391903330258
0.07526494273021575, -0.35856550111835156, 0.9303523891610008
0.08597570717700792, -0.34911642291529604, 0.933058084042206
0.09666074372053332, -0.339568186184486, 0.9354959591078079
0.10733192677768431, -0.3299665564002695, 0.9377896235034698
0.11797531763843125, -0.32028408998859675, 0.9398503326345962
0.12859709234641942, -0.31053875064445796, 0.9417298543377506
0.1391907518950607, -0.3007294120811074, 0.9434118361186072
0.14975333679389763, -0.29084933753862785, 0.9448754843011351
0.16028921644746644, -0.28092057875134085, 0.9461774592004621
0.17078288458432128, -0.2709148674480678, 0.9472238860069885
0.18125297864610854, -0.26087422935701915, 0.9481448573082915
0.1916680665327381, -0.2507520954278274, 0.9487730990974075
0.20206441800220246, -0.24060720247686967, 0.9493123536305661
0.2123913345139369, -0.23037796726877965, 0.949521831862236
0.22270604086271573, -0.2201365218977341, 0.9496789405359887
0.23293527607080577, -0.20980960538599963, 0.9494694623043186
0.2431604949809371, -0.19947938244770663, 0.9492442804392444
0.2532826289101288, -0.18906429456107704, 0.9486160386501281
0.26340476283932057, -0.17864920667444745, 0.9479877968610122
0.2734162952738895, -0.16815946755010386, 0.9469622793053565
0.28342200657716254, -0.15766579941324899, 0.9459158524988303
0.2933193561742512, -0.14711269056918458, 0.9445095722555025
0.30319943071673067, -0.1365501056703477, 0.9430459240729747
0.3129750854804961, -0.12594164866941857, 0.9412599739119613
0.3227204248246349, -0.11531987396143041, 0.939380452208807
0.332366963846327, -0.1046641310133928, 0.9372162074045536
0.34196859363054344, -0.0939929479562418, 0.9349225430088915
0.3514786924660632, -0.08329801606530607, 0.9323816603219037
0.36092777066911874, -0.0725872516185139, 0.9296759654406987
0.37029420664840534, -0.061861256706914836, 0.926760381901514
0.37958203173191185, -0.05112077428001159, 0.9236451481754706
0.38879768919659013, -0.0403718652915516, 0.920357079671839
0.3979157081181483, -0.02961155566098532, 0.9168351758808825
0.40697358358391683, -0.01884789864851971, 0.9131771155491128
0.41591339967350593, -0.008077670849362858, 0.909251784970563
0.42038330771829513, 0.0026925569497909018, 0.9072891196812907
0.4114434916287061, 0.013462784748947855, 0.9112144502598404
0.40247471757892195, 0.02423140084570892, 0.9150742239854059
0.393356698657364, 0.03499171047627533, 0.9185961277763628
0.38422594427365975, 0.045750533066566984, 0.9220875313124508
0.37493811919015335, 0.05649101549347023, 0.925202765038494
0.36565029410664696, 0.06723149792037347, 0.9283179987645371
0.3562032315675859, 0.07794263384191712, 0.9310288128813027
0.34675415336453047, 0.08865339828870938, 0.9337345077625077
0.3371677787384302, 0.09932853948482456, 0.9360693752067235
0.3275661489542139, 0.10999972254197563, 0.9383630396023854
0.3178477551525605, 0.12063076131543202, 0.9403202130603849
0.30810241580842185, 0.1312525360234202, 0.942199734763539
0.29825939344548597, 0.14183139811977385, 0.9437777481642389
0.2883793189030065, 0.1523939830186109, 0.9452413963467668
0.2784191509255213, 0.1629126334816842, 0.9464390659020935
0.2684134396222483, 0.1734063016185392, 0.9474854927086196
0.25834369587472006, 0.18385675061777013, 0.9483019177555699
0.2482215619455283, 0.19427183850439989, 0.948930159544686
0.23804989367484622, 0.2046461471301404, 0.949364723188483
0.22782065846675623, 0.214973063641875, 0.9495742014201527
0.21755479276979972, 0.22526334966474276, 0.9496265709780701
0.20722787625806532, 0.23549258487283287, 0.9494170927464003
0.19687561047604846, 0.2456910284632397, 0.9490872199919642
0.1864605225894191, 0.25581316239243146, 0.9484589782028481
0.17602971865274447, 0.26591201179643953, 0.9477470994102497
0.16553605051588974, 0.2759177230997126, 0.9467006726037235
0.15503462924331185, 0.28590930026739647, 0.9456073083923969
0.14447204434447516, 0.295789374809876, 0.9441436602098691
0.1339079797004095, 0.3056660809723971, 0.9426696151893253
0.12328620499242147, 0.3154114203165359, 0.9407900934861709
0.11266443028443332, 0.3251567596606748, 0.9389105717830167
0.10199633524910501, 0.33476737129238654, 0.9366427913056362
0.09132515219195417, 0.3443690010766029, 0.9343491269099742
0.08062032495360813, 0.35384096201683257, 0.9317052366016003
0.06990956050681613, 0.36329004021988803, 0.9289995417203953
0.05917613610018932, 0.37261616291928745, 0.9259815734700009
0.048435653673286325, 0.38190398800279396, 0.9228663397439576
0.03768178788391055, 0.3910771939269853, 0.9194766037240976
0.026921478253344247, 0.40019521284854354, 0.9159546999331407
0.016155341698731167, 0.40920853760631976, 0.9121957829044728
0.005385113899574332, 0.41814835369590897, 0.908270452325923
-0.005385113899579807, 0.4181483536959047, 0.908270452325925
-0.01615534169873674, 0.4092085376063155, 0.9121957829044748
-0.02692147825334992, 0.4001952128485392, 0.9159546999331423
-0.03768178788391635, 0.39107719392698104, 0.9194766037240991
-0.04843565367329224, 0.3819039880027897, 0.922866339743959
-0.059176136100195315, 0.3726161629192834, 0.9259815734700023
-0.06990956050682219, 0.363290040219884, 0.9289995417203964
-0.08062032495361429, 0.3538409620168285, 0.9317052366016014
-0.0913251521919604, 0.34436900107659874, 0.9343491269099751
-0.10199633524911132, 0.3347673712923825, 0.936642791305637
-0.11266443028443973, 0.3251567596606709, 0.9389105717830172
-0.12328620499242783, 0.3154114203165322, 0.9407900934861715
-0.1339079797004161, 0.30566608097239323, 0.9426696151893259
-0.14447204434448183, 0.2957893748098722, 0.9441436602098693
-0.15503462924331868, 0.2859093002673928, 0.9456073083923973
-0.16553605051589654, 0.27591772309970897, 0.9467006726037235
-0.1760297186527513, 0.265912011796436, 0.9477470994102495
-0.18646052258942603, 0.25581316239242785, 0.9484589782028476
-0.19687561047605553, 0.2456910284632362, 0.9490872199919638
-0.20722787625807237, 0.23549258487282937, 0.9494170927463994
-0.21755479276980672, 0.22526334966473943, 0.9496265709780692
-0.22782065846676347, 0.21497306364187158, 0.9495742014201518
-0.23804989367485357, 0.20464614713013704, 0.9493647231884821
-0.24822156194553585, 0.1942718385043964, 0.9489301595446846
-0.2583436958747274, 0.18385675061776705, 0.9483019177555687
-0.26841343962225583, 0.173406301618536, 0.9474854927086179
-0.2784191509255288, 0.16291263348168106, 0.9464390659020918
-0.28837931890301427, 0.15239398301860763, 0.945241396346765
-0.2982593934454939, 0.1418313981197707, 0.9437777481642371
-0.30810241580842945, 0.13125253602341744, 0.9421997347635369
-0.31784775515256825, 0.12063076131542916, 0.9403202130603826
-0.32756614895422165, 0.10999972254197288, 0.938363039602383
-0.3371677787384382, 0.09932853948482179, 0.9360693752067211
-0.3467541533645383, 0.0886533982887069, 0.9337345077625049
-0.3562032315675938, 0.0779426338419146, 0.9310288128812998
-0.36565029410665495, 0.06723149792037092, 0.9283179987645342
-0.3749381191901615, 0.05649101549346768, 0.9252027650384909
-0.384225944273668, 0.04575053306656445, 0.9220875313124477
-0.393356698657372, 0.0349917104762731, 0.9185961277763594
-0.40247471757893016, 0.024231400845706692, 0.9150742239854026
-0.41144349162871424, 0.01346278474894571, 0.9112144502598366
-0.4203833077183034, 0.0026925569497887702, 0.9072891196812868
-0.4159133996735098, -0.008077670849365875, 0.9092517849705612
-0.40697358358392055, -0.01884789864852271, 0.9131771155491111
-0.3979157081181519, -0.02961155566098832, 0.9168351758808806
-0.38879768919659374, -0.04037186529155462, 0.9203570796718374
-0.3795820317319152, -0.05112077428001462, 0.9236451481754692
-0.3702942066484088, -0.061861256706917465, 0.9267603819015123
-0.36092777066912207, -0.07258725161851652, 0.9296759654406972
-0.35147869246606644, -0.08329801606530868, 0.9323816603219024
-0.34196859363054644, -0.09399294795624438, 0.9349225430088903
-0.33236696384633024, -0.10466413101339506, 0.9372162074045521
-0.3227204248246379, -0.11531987396143267, 0.9393804522088056
-0.31297508548049896, -0.12594164866942087, 0.94125997391196
-0.30319943071673333, -0.13655010567035006, 0.9430459240729734
-0.29331935617425386, -0.1471126905691867, 0.9445095722555014
-0.2834220065771653, -0.1576657994132508, 0.9459158524988289
-0.27341629527389194, -0.16815946755010588, 0.9469622793053554
-0.26340476283932296, -0.17864920667444936, 0.9479877968610111
-0.25328262891013126, -0.1890642945610787, 0.9486160386501273
-0.24316049498093958, -0.19947938244770808, 0.9492442804392436
-0.23293527607080802, -0.20980960538600116, 0.9494694623043177
-0.2227060408627181, -0.22013652189773536, 0.9496789405359876
-0.21239133451393918, -0.2303779672687808, 0.9495218318622353
-0.20206441800220437, -0.240607202476871, 0.9493123536305654
-0.19166806653274004, -0.25075209542782845, 0.9487730990974068
-0.18125297864611054, -0.26087422935702, 0.9481448573082909
-0.17078288458432292, -0.27091486744806886, 0.9472238860069877
-0.160289216447468, -0.28092057875134185, 0.9461774592004617
-0.14975333679389918, -0.29084933753862857, 0.9448754843011344
-0.13919075189506236, -0.30072941208110787, 0.9434118361186068
-0.12859709234642072, -0.3105387506444586, 0.9417298543377501
-0.11797531763843253, -0.32028408998859736, 0.9398503326345959
-0.1073319267776856, -0.3299665564002699, 0.9377896235034696
-0.09666074372053468, -0.3395681861844861, 0.9354959591078076
-0.08597570717700898, -0.34911642291529627, 0.9330580840422057
-0.07526494273021674, -0.3585655011183517, 0.9303523891610007
-0.06454637731364539, -0.3679722503775255, 0.9275391903330257
-0.05380589488674196, -0.3772600754610321, 0.9244239566069826
-0.04306194269919779, -0.38651818446619735, 0.9212375556195797
-0.032301633068631416, -0.3956362033877553, 0.9177156518286229
-0.02154045559831304, -0.40473862956151624, 0.9141584481937517
-0.010770227799156148, -0.41367844565110523, 0.910233117615202
7.494005416219807e-16, -0.4226182617406943, 0.9063077870366523
6.982150666838977e-17, -0.42261826174069383, 0.9063077870366526
0.010770227799155895, -0.4136784456511056, 0.9102331176152019
0.02154045559831273, -0.40473862956151646, 0.9141584481937518
0.03230163306863073, -0.3956362033877556, 0.9177156518286228
0.04306194269919707, -0.38651818446619757, 0.9212375556195795
0.053805894886741264, -0.377260075461032, 0.9244239566069826
0.0645463773136444, -0.3679722503775255, 0.9275391903330258
0.07526494273021572, -0.35856550111835156, 0.9303523891610009
0.08597570717700789, -0.3491164229152961, 0.933058084042206
0.09666074372053331, -0.339568186184486, 0.9354959591078079
0.10733192677768429, -0.32996655640026956, 0.9377896235034698
0.11797531763843123, -0.32028408998859675, 0.9398503326345962
0.1285970923464194, -0.310538750644458, 0.9417298543377505
0.1391907518950607, -0.3007294120811074, 0.9434118361186072
0.1497533367938976, -0.29084933753862785, 0.9448754843011351
0.1602892164474664, -0.28092057875134085, 0.9461774592004621
0.17078288458432125, -0.2709148674480678, 0.9472238860069885
0.1812529786461085, -0.26087422935701915, 0.9481448573082915
0.1916680665327381, -0.2507520954278274, 0.9487730990974075
0.20206441800220246, -0.24060720247686967, 0.9493123536305661
0.21239133451393688, -0.23037796726877965, 0.949521831862236
0.22270604086271575, -0.22013652189773414, 0.9496789405359887
0.23293527607080577, -0.20980960538599963, 0.9494694623043186
0.2431604949809371, -0.1994793824477066, 0.9492442804392444
0.2532826289101288, -0.18906429456107704, 0.9486160386501281
0.26340476283932057, -0.17864920667444745, 0.9479877968610122
0.2734162952738895, -0.16815946755010383, 0.9469622793053565
0.28342200657716254, -0.15766579941324899, 0.9459158524988303
0.2933193561742512, -0.14711269056918455, 0.9445095722555026
0.3031994307167307, -0.1365501056703477, 0.9430459240729747
0.31297508548049613, -0.1259416486694186, 0.9412599739119614
0.3227204248246349, -0.1153198739614304, 0.9393804522088071
0.3323669638463271, -0.10466413101339278, 0.9372162074045536
0.34196859363054344, -0.0939929479562418, 0.9349225430088918
0.3514786924660632, -0.08329801606530607, 0.9323816603219037
0.36092777066911874, -0.07258725161851393, 0.9296759654406987
0.3702942066484053, -0.06186125670691485, 0.926760381901514
0.3795820317319119, -0.051120774280011605, 0.9236451481754707
0.3887976891965902, -0.040371865291551595, 0.920357079671839
0.39791570811814836, -0.029611555660985295, 0.9168351758808825
0.4069735835839168, -0.018847898648519674, 0.9131771155491127
0.41591339967350593, -0.008077670849362818, 0.909251784970563
0.42038330771829513, 0.0026925569497909417, 0.9072891196812907
0.411443491628706, 0.01346278474894789, 0.9112144502598404
0.4024747175789219, 0.02423140084570895, 0.9150742239854059
0.39335669865736395, 0.03499171047627536, 0.9185961277763628
0.38422594427365975, 0.04575053306656703, 0.9220875313124508
0.3749381191901533, 0.05649101549347027, 0.9252027650384941
0.36565029410664696, 0.06723149792037351, 0.9283179987645371
0.3562032315675858, 0.07794263384191717, 0.9310288128813027
0.3467541533645304, 0.08865339828870944, 0.9337345077625077
0.33716777873843007, 0.09932853948482462, 0.9360693752067235
0.3275661489542138, 0.10999972254197571, 0.9383630396023854
0.3178477551525604, 0.12063076131543207, 0.9403202130603849
0.3081024158084218, 0.13125253602342027, 0.942199734763539
0.29825939344548597, 0.14183139811977388, 0.9437777481642389
0.2883793189030065, 0.15239398301861093, 0.945241396346767
0.2784191509255212, 0.16291263348168428, 0.9464390659020935
0.26841343962224823, 0.17340630161853926, 0.9474854927086196
0.25834369587472, 0.18385675061777018, 0.94830191775557
0.24822156194552825, 0.19427183850439994, 0.9489301595446861
0.23804989367484616, 0.20464614713014045, 0.949364723188483
0.22782065846675617, 0.21497306364187507, 0.9495742014201527
0.21755479276979967, 0.22526334966474282, 0.9496265709780701
0.20722787625806524, 0.23549258487283292, 0.9494170927464003
0.1968756104760484, 0.24569102846323976, 0.9490872199919642
0.18646052258941903, 0.2558131623924315, 0.9484589782028481
0.1760297186527444, 0.2659120117964396, 0.9477470994102497
0.16553605051588965, 0.27591772309971263, 0.9467006726037235
0.1550346292433118, 0.2859093002673965, 0.9456073083923969
0.14447204434447508, 0.29578937480987605, 0.9441436602098691
0.1339079797004094, 0.30566608097239717, 0.9426696151893252
0.12328620499242142, 0.31541142031653596, 0.9407900934861709
0.11266443028443326, 0.3251567596606749, 0.9389105717830166
0.10199633524910494, 0.33476737129238654, 0.9366427913056362
0.09132515219195411, 0.34436900107660295, 0.9343491269099742
0.08062032495360807, 0.35384096201683257, 0.9317052366016003
0.06990956050681606, 0.3632900402198881, 0.9289995417203952
0.05917613610018923, 0.3726161629192875, 0.9259815734700008
0.04843565367328623, 0.381903988002794, 0.9228663397439576
0.03768178788391045, 0.39107719392698537, 0.9194766037240976
0.026921478253344164, 0.40019521284854365, 0.9159546999331407
0.016155341698731084, 0.4092085376063198, 0.9121957829044728
0.0053851138995742506, 0.4181483536959091, 0.908270452325923
-0.005385113899580537, 0.4181483536959041, 0.9082704523259253
-0.016155341698737467, 0.40920853760631487, 0.9121957829044751
-0.026921478253350645, 0.4001952128485386, 0.9159546999331425
-0.03768178788391706, 0.3910771939269805, 0.9194766037240993
-0.048435653673292944, 0.3819039880027891, 0.9228663397439592
-0.05917613610019603, 0.3726161629192828, 0.9259815734700024
-0.0699095605068229, 0.3632900402198833, 0.9289995417203964
-0.08062032495361501, 0.3538409620168279, 0.9317052366016015
-0.09132515219196108, 0.34436900107659807, 0.9343491269099751
-0.101996335249112, 0.3347673712923819, 0.9366427913056371
-0.11266443028444038, 0.3251567596606703, 0.9389105717830173
-0.12328620499242848, 0.3154114203165316, 0.9407900934861716
-0.13390797970041673, 0.30566608097239273, 0.9426696151893259
-0.14447204434448246, 0.2957893748098716, 0.9441436602098695
-0.1550346292433193, 0.2859093002673922, 0.9456073083923974
-0.16553605051589715, 0.27591772309970836, 0.9467006726037235
-0.1760297186527519, 0.2659120117964354, 0.9477470994102497
-0.1864605225894266, 0.2558131623924273, 0.9484589782028476
-0.19687561047605612, 0.24569102846323562, 0.9490872199919638
-0.20722787625807298, 0.23549258487282876, 0.9494170927463994
-0.21755479276980733, 0.22526334966473885, 0.9496265709780692
-0.22782065846676403, 0.214973063641871, 0.9495742014201518
-0.23804989367485416, 0.20464614713013646, 0.9493647231884821
-0.2482215619455364, 0.1942718385043958, 0.9489301595446846
-0.25834369587472794, 0.18385675061776652, 0.9483019177555687
-0.2684134396222563, 0.17340630161853546, 0.9474854927086178
-0.2784191509255294, 0.1629126334816805, 0.9464390659020918
-0.28837931890301477, 0.1523939830186071, 0.945241396346765
-0.29825939344549435, 0.14183139811977014, 0.9437777481642371
-0.3081024158084299, 0.13125253602341688, 0.9421997347635369
-0.31784775515256875, 0.12063076131542864, 0.9403202130603825
-0.3275661489542221, 0.10999972254197235, 0.9383630396023829
-0.3371677787384387, 0.09932853948482126, 0.9360693752067211
-0.34675415336453874, 0.08865339828870639, 0.9337345077625048
-0.35620323156759426, 0.07794263384191409, 0.9310288128812997
-0.3656502941066554, 0.06723149792037042, 0.928317998764534
-0.37493811919016196, 0.0564910154934672, 0.9252027650384907
-0.3842259442736684, 0.04575053306656397, 0.9220875313124475
-0.3933566986573724, 0.034991710476272635, 0.9185961277763592
-0.40247471757893055, 0.024231400845706224, 0.9150742239854024
-0.41144349162871463, 0.013462784748945248, 0.9112144502598364
-0.42038330771830373, 0.002692556949788316, 0.9072891196812867
-0.4159133996735097, -0.008077670849365948, 0.9092517849705612
-0.4069735835839205, -0.01884789864852279, 0.9131771155491112
-0.3979157081181518, -0.029611555660988404, 0.9168351758808807
-0.38879768919659363, -0.04037186529155472, 0.9203570796718374
-0.37958203173191507, -0.05112077428001473, 0.923645148175469
-0.37029420664840873, -0.06186125670691756, 0.9267603819015124
-0.36092777066912196, -0.07258725161851662, 0.9296759654406972
-0.3514786924660664, -0.08329801606530879, 0.9323816603219024
-0.3419685936305464, -0.09399294795624447, 0.9349225430088903
-0.3323669638463301, -0.10466413101339514, 0.9372162074045522
-0.3227204248246378, -0.11531987396143276, 0.9393804522088056
-0.3129750854804989, -0.12594164866942092, 0.94125997391196
-0.30319943071673333, -0.13655010567035006, 0.9430459240729734
-0.2933193561742539, -0.1471126905691867, 0.9445095722555015
-0.2834220065771654, -0.15766579941325082, 0.9459158524988291
-0.273416295273892, -0.16815946755010588, 0.9469622793053554
-0.26340476283932296, -0.17864920667444936, 0.9479877968610112
-0.25328262891013126, -0.1890642945610787, 0.9486160386501273
-0.24316049498093958, -0.19947938244770808, 0.9492442804392436
-0.23293527607080802, -0.20980960538600116, 0.9494694623043177
-0.2227060408627181, -0.22013652189773536, 0.9496789405359876
-0.21239133451393918, -0.2303779672687808, 0.9495218318622353
-0.20206441800220437, -0.240607202476871, 0.9493123536305654
-0.19166806653274004, -0.25075209542782845, 0.9487730990974068
-0.18125297864611056, -0.26087422935702, 0.9481448573082909
-0.17078288458432295, -0.2709148674480688, 0.9472238860069877
-0.16028921644746802, -0.2809205787513418, 0.9461774592004617
-0.1497533367938992, -0.29084933753862857, 0.9448754843011344
-0.1391907518950624, -0.3007294120811078, 0.9434118361186068
-0.12859709234642075, -0.3105387506444586, 0.9417298543377501
-0.11797531763843254, -0.32028408998859736, 0.9398503326345958
-0.10733192677768565, -0.3299665564002699, 0.9377896235034695
-0.09666074372053472, -0.3395681861844861, 0.9354959591078077
-0.085975707177009, -0.34911642291529627, 0.9330580840422057
-0.07526494273021676, -0.3585655011183517, 0.9303523891610007
-0.06454637731364542, -0.36797225037752546, 0.9275391903330258
-0.053805894886742006, -0.377260075461032, 0.9244239566069825
-0.043061942699197844, -0.38651818446619735, 0.9212375556195797
-0.032301633068631444, -0.3956362033877553, 0.9177156518286229
-0.021540455598313052, -0.40473862956151624, 0.9141584481937517
-0.010770227799156151, -0.41367844565110523, 0.910233117615202
7.494005416219807e-16, -0.4226182617406943, 0.9063077870366523
6.982150666838977e-17, -0.42261826174069383, 0.9063077870366526
0.010770227799155895, -0.4136784456511056, 0.9102331176152019
0.02154045559831273, -0.40473862956151646, 0.9141584481937518
0.03230163306863073, -0.3956362033877556, 0.9177156518286228
0.04306194269919707, -0.38651818446619757, 0.9212375556195795
0.05380589488674128, -0.377260075461032, 0.9244239566069826
0.06454637731364445, -0.36797225037752557, 0.9275391903330259
0.07526494273021576, -0.3585655011183516, 0.9303523891610009
0.08597570717700792, -0.3491164229152961, 0.933058084042206
0.09666074372053332, -0.339568186184486, 0.9354959591078079
0.10733192677768431, -0.32996655640026956, 0.93778962350347
0.11797531763843125, -0.3202840899885968, 0.9398503326345963
0.12859709234641942, -0.310538750644458, 0.9417298543377506
0.13919075189506072, -0.3007294120811074, 0.9434118361186072
0.14975333679389763, -0.29084933753862785, 0.9448754843011351
0.16028921644746644, -0.2809205787513408, 0.9461774592004621
0.17078288458432128, -0.2709148674480678, 0.9472238860069885
0.18125297864610854, -0.26087422935701915, 0.9481448573082915
0.19166806653273813, -0.2507520954278274, 0.9487730990974075
0.20206441800220246, -0.24060720247686965, 0.9493123536305661
0.2123913345139369, -0.23037796726877965, 0.949521831862236
0.22270604086271575, -0.22013652189773408, 0.9496789405359887
0.2329352760708058, -0.20980960538599958, 0.9494694623043186
0.24316049498093711, -0.19947938244770658, 0.9492442804392442
0.2532826289101288, -0.18906429456107698, 0.9486160386501281
0.2634047628393206, -0.17864920667444742, 0.9479877968610122
0.27341629527388955, -0.1681594675501038, 0.9469622793053564
0.28342200657716254, -0.15766579941324893, 0.9459158524988303
0.2933193561742512, -0.14711269056918452, 0.9445095722555026
0.3031994307167307, -0.13655010567034764, 0.9430459240729747
0.3129750854804962, -0.12594164866941854, 0.9412599739119614
0.322720424824635, -0.11531987396143036, 0.9393804522088071
0.33236696384632713, -0.10466413101339275, 0.9372162074045536
0.3419685936305435, -0.09399294795624175, 0.9349225430088918
0.3514786924660633, -0.08329801606530601, 0.9323816603219037
0.36092777066911885, -0.07258725161851384, 0.9296759654406987
0.3702942066484054, -0.061861256706914766, 0.926760381901514
0.37958203173191196, -0.051120774280011536, 0.9236451481754707
0.3887976891965903, -0.04037186529155153, 0.920357079671839
0.3979157081181484, -0.029611555660985243, 0.9168351758808825
0.4069735835839169, -0.018847898648519625, 0.9131771155491128
0.41591339967350593, -0.008077670849362754, 0.909251784970563
0.420383307718295, 0.0026925569497910033, 0.9072891196812907
0.41144349162870597, 0.01346278474894795, 0.9112144502598404
0.40247471757892184, 0.024231400845708993, 0.9150742239854059
0.39335669865736383, 0.034991710476275396, 0.9185961277763628
0.38422594427365975, 0.04575053306656706, 0.9220875313124509
0.3749381191901533, 0.0564910154934703, 0.925202765038494
0.3656502941066469, 0.06723149792037354, 0.9283179987645371
0.3562032315675858, 0.07794263384191717, 0.9310288128813026
0.3467541533645304, 0.08865339828870943, 0.9337345077625077
0.3371677787384301, 0.09932853948482462, 0.9360693752067235
0.3275661489542139, 0.10999972254197571, 0.9383630396023854
0.3178477551525605, 0.12063076131543204, 0.9403202130603848
0.3081024158084218, 0.13125253602342027, 0.942199734763539
0.298259393445486, 0.14183139811977385, 0.9437777481642389
0.28837931890300655, 0.15239398301861087, 0.9452413963467667
0.2784191509255213, 0.1629126334816842, 0.9464390659020934
0.2684134396222483, 0.17340630161853915, 0.9474854927086195
0.25834369587472006, 0.18385675061777007, 0.94830191775557
0.24822156194552836, 0.19427183850439983, 0.948930159544686
0.23804989367484625, 0.20464614713014034, 0.949364723188483
0.2278206584667563, 0.21497306364187496, 0.9495742014201527
0.21755479276979978, 0.22526334966474268, 0.9496265709780701
0.20722787625806535, 0.2354925848728328, 0.9494170927464003
0.1968756104760485, 0.24569102846323965, 0.9490872199919642
0.18646052258941914, 0.25581316239243135, 0.9484589782028481
0.17602971865274453, 0.2659120117964395, 0.9477470994102498
0.1655360505158898, 0.2759177230997125, 0.9467006726037235
0.15503462924331196, 0.28590930026739636, 0.9456073083923969
0.1444720443444752, 0.295789374809876, 0.9441436602098691
0.1339079797004096, 0.305666080972397, 0.9426696151893252
0.12328620499242153, 0.31541142031653585, 0.9407900934861709
0.11266443028443339, 0.3251567596606748, 0.9389105717830167
0.10199633524910512, 0.33476737129238643, 0.9366427913056363
0.09132515219195421, 0.3443690010766028, 0.9343491269099742
0.08062032495360827, 0.3538409620168324, 0.9317052366016003
0.06990956050681618, 0.36329004021988803, 0.9289995417203951
0.05917613610018943, 0.37261616291928734, 0.9259815734700009
0.04843565367328634, 0.3819039880027939, 0.9228663397439576
0.037681787883910633, 0.39107719392698526, 0.9194766037240976
0.02692147825334433, 0.4001952128485434, 0.9159546999331407
0.016155341698731167, 0.4092085376063197, 0.9121957829044728
0.005385113899574417, 0.4181483536959089, 0.9082704523259231
-0.005385113899580454, 0.4181483536959041, 0.9082704523259253
-0.016155341698737297, 0.40920853760631504, 0.912195782904475
-0.026921478253350554, 0.4001952128485387, 0.9159546999331425
-0.037681787883916885, 0.39107719392698065, 0.9194766037240993
-0.048435653673292764, 0.38190398800278924, 0.9228663397439592
-0.059176136100195835, 0.3726161629192829, 0.9259815734700023
-0.0699095605068227, 0.3632900402198834, 0.9289995417203964
-0.08062032495361482, 0.3538409620168281, 0.9317052366016015
-0.09132515219196087, 0.34436900107659835, 0.9343491269099751
-0.1019963352491118, 0.3347673712923821, 0.936642791305637
-0.11266443028444018, 0.3251567596606705, 0.9389105717830172
-0.12328620499242827, 0.3154114203165318, 0.9407900934861716
-0.13390797970041654, 0.3056660809723929, 0.9426696151893259
-0.14447204434448227, 0.29578937480987183, 0.9441436602098694
-0.15503462924331907, 0.28590930026739236, 0.9456073083923974
-0.16553605051589695, 0.2759177230997085, 0.9467006726037235
-0.1760297186527517, 0.26591201179643564, 0.9477470994102496
-0.18646052258942636, 0.2558131623924275, 0.9484589782028476
-0.1968756104760559, 0.24569102846323584, 0.9490872199919638
-0.20722787625807276, 0.235492584872829, 0.9494170927463994
-0.2175547927698071, 0.2252633496647391, 0.9496265709780692
-0.2278206584667638, 0.21497306364187124, 0.9495742014201518
-0.2380498936748538, 0.20464614713013685, 0.9493647231884819
-0.24822156194553602, 0.19427183850439617, 0.9489301595446846
-0.2583436958747277, 0.18385675061776663, 0.9483019177555687
-0.26841343962225594, 0.17340630161853582, 0.9474854927086178
-0.278419150925529, 0.1629126334816809, 0.9464390659020918
-0.2883793189030144, 0.15239398301860746, 0.945241396346765
-0.298259393445494, 0.14183139811977052, 0.9437777481642371
-0.3081024158084298, 0.13125253602341705, 0.9421997347635369
-0.3178477551525684, 0.12063076131542902, 0.9403202130603825
-0.3275661489542218, 0.10999972254197271, 0.938363039602383
-0.3371677787384383, 0.09932853948482168, 0.9360693752067211
-0.3467541533645385, 0.08865339828870658, 0.9337345077625048
-0.3562032315675939, 0.07794263384191452, 0.9310288128812998
-0.36565029410665506, 0.06723149792037084, 0.9283179987645341
-0.3749381191901615, 0.056491015493467626, 0.9252027650384909
-0.3842259442736681, 0.0457505330665644, 0.9220875313124477
-0.393356698657372, 0.034991710476273065, 0.9185961277763595
-0.4024747175789301, 0.024231400845706658, 0.9150742239854026
-0.41144349162871424, 0.013462784748945685, 0.9112144502598365
-0.42038330771830335, 0.002692556949788763, 0.9072891196812867
-0.4159133996735101, -0.008077670849365491, 0.9092517849705612
-0.4069735835839209, -0.01884789864852233, 0.9131771155491111
-0.39791570811815224, -0.029611555660987943, 0.9168351758808806
-0.38879768919659397, -0.04037186529155425, 0.9203570796718374
-0.3795820317319155, -0.05112077428001425, 0.923645148175469
-0.3702942066484091, -0.061861256706917084, 0.9267603819015123
-0.3609277706691224, -0.07258725161851613, 0.9296759654406971
-0.3514786924660668, -0.08329801606530829, 0.9323816603219023
-0.34196859363054677, -0.093992947956244, 0.9349225430088902
-0.3323669638463306, -0.10466413101339464, 0.937216207404552
-0.3227204248246383, -0.11531987396143228, 0.9393804522088055
-0.3129750854804993, -0.12594164866942048, 0.94125997391196
-0.30319943071673383, -0.13655010567034953, 0.9430459240729734
-0.29331935617425425, -0.14711269056918627, 0.9445095722555014
-0.2834220065771654, -0.15766579941325076, 0.9459158524988291
-0.2734162952738922, -0.1681594675501056, 0.9469622793053554
-0.2634047628393232, -0.17864920667444908, 0.9479877968610111
-0.25328262891013154, -0.18906429456107846, 0.9486160386501272
-0.24316049498093958, -0.19947938244770808, 0.9492442804392434
-0.2329352760708083, -0.20980960538600088, 0.9494694623043176
-0.2227060408627181, -0.22013652189773536, 0.9496789405359876
-0.21239133451393918, -0.2303779672687808, 0.9495218318622353
-0.20206441800220468, -0.24060720247687073, 0.9493123536305654
-0.19166806653274024, -0.2507520954278283, 0.9487730990974068
-0.18125297864611034, -0.2608742293570202, 0.9481448573082909
-0.17078288458432297, -0.2709148674480688, 0.9472238860069878
-0.16028921644746802, -0.28092057875134174, 0.9461774592004617
-0.1497533367938992, -0.29084933753862857, 0.9448754843011344
-0.13919075189506208, -0.30072941208110804, 0.9434118361186067
-0.12859709234642075, -0.31053875064445857, 0.9417298543377501
-0.11797531763843254, -0.32028408998859736, 0.9398503326345958
-0.10733192677768565, -0.3299665564002699, 0.9377896235034695
-0.0966607437205344, -0.33956818618448636, 0.9354959591078076
-0.085975707177009, -0.34911642291529627, 0.9330580840422057
-0.07526494273021676, -0.3585655011183517, 0.9303523891610007
-0.06454637731364542, -0.36797225037752546, 0.9275391903330258
-0.05380589488674198, -0.377260075461032, 0.9244239566069826
-0.0430619426991978, -0.38651818446619735, 0.9212375556195797
-0.032301633068631104, -0.39563620338775557, 0.9177156518286228
-0.021540455598313378, -0.40473862956151596, 0.9141584481937518
-0.010770227799156151, -0.41367844565110523, 0.910233117615202
7.494005416219807e-16, -0.4226182617406943, 0.9063077870366523
