37.01166571329239, 42.512605906405064, -0.09999989999321635
35.00844313470716, 42.48256955775231, -0.11197594789740796
33.00788061535228, 42.452533209099556, -0.12395199580159957
31.009978155227717, 42.4224968604468, -0.1359280437057912
29.014735754333504, 42.39246051179404, -0.14790409160998283
27.022153412669628, 42.36242416314129, -0.15988013951417443
25.032231130236084, 42.33238781448854, -0.17185618741836606
23.04496890703288, 42.302351465835784, -0.18383223532255766
21.060366743060012, 42.27231511718303, -0.19580828322674926
19.078424638317486, 42.24227876853027, -0.2077843311309409
17.099142592805293, 42.21224241987752, -0.2197603790351325
15.122520606523437, 42.18220607122476, -0.23173642693932417
13.148558679471916, 42.152169722572005, -0.24371247484351577
11.177256811650738, 42.12213337391925, -0.25568852274770737
9.208615003059894, 42.0920970252665, -0.26766457065189897
7.242633253699391, 42.06206067661374, -0.27964061855609057
5.27931156356922, 42.03202432796099, -0.2916166664602822
3.3186499326693824, 42.00198797930823, -0.3035927143644738
1.3606483609998925, 41.97195163065548, -0.3155687622686655
-0.5946931514392675, 41.941915282002725, -0.327544810172857
-2.5473746046480827, 41.91187893334997, -0.3395208580770487
-4.497395998626568, 41.88184258469721, -0.3514969059812403
-6.444757333374717, 41.85180623604446, -0.36347295388543194
-8.389458608892529, 41.82176988739171, -0.3754490017896236
-10.33149982518, 41.79173353873895, -0.3874250496938152
-12.270880982237138, 41.7616971900862, -0.3994010975980068
-14.207602080063932, 41.731660841433445, -0.4113771455021984
-16.141663118660393, 41.70162449278069, -0.42335319340639
-18.073064098026517, 41.67158814412794, -0.4353292413105816
-20.001805018162305, 41.64155179547518, -0.4473052892147732
-21.927885879067745, 41.61151544682243, -0.4592813371189648
-23.85130668074286, 41.581479098169666, -0.4712573850231564
-25.772067423187636, 41.55144274951692, -0.4832334329273481
-27.690168106402076, 41.52140640086416, -0.4952094808315397
-29.605608730386187, 41.4913700522114, -0.5071855287357313
-31.518389295139947, 41.46133370355865, -0.5191615766399229
-33.42850980066336, 41.431297354905894, -0.5311376245441145
-35.335970246956464, 41.401261006253144, -0.5431136724483061
-37.23576661438523, 41.28032455690726, -0.5550897203524977
-39.0464962561386, 40.75099242416805, -0.5670657682566894
-40.46098463773396, 39.525524280738594, -0.579041816160881
-41.14970808673935, 37.741304857253226, -0.5910178640650726
-41.25107926298938, 35.800473953020244, -0.6029939119692641
-41.22104291433662, 33.85344512477769, -0.6149699598734557
-41.191006565683864, 31.909076355765478, -0.6269460077776474
-41.160970217031114, 29.967367645983614, -0.638922055681839
-41.130933868378364, 28.028318995432066, -0.6508981035860306
-41.100897519725606, 26.091930404110876, -0.6628741514902222
-41.07086117107285, 24.15820187202, -0.6748501993944137
-41.0408248224201, 22.227133399159477, -0.6868262472986054
-41.01078847376734, 20.298724985529287, -0.698802295202797
-40.980752125114584, 18.372976631129443, -0.7107783431069887
-40.950715776461834, 16.44988833595992, -0.7227543910111802
-40.920679427809084, 14.52946010002075, -0.7347304389153719
-40.89064307915633, 12.611691923311902, -0.7467064868195634
-40.86060673050357, 10.696583805833402, -0.7586825347237551
-40.83057038185082, 8.784135747585227, -0.7706585826279466
-40.80053403319806, 6.8743477485673985, -0.7826346305321384
-40.770497684545305, 4.967219808779905, -0.79461067843633
-40.740461335892554, 3.0627519282227507, -0.8065867263405216
-40.710424987239804, 1.1609441068959476, -0.8185627742447132
-40.68038863858705, -0.7382036552005425, -0.8305388221489047
-40.65035228993429, -2.6346913580666875, -0.8425148700530964
-40.62031594128153, -4.528519001702493, -0.8544909179572879
-40.59027959262878, -6.419686586107962, -0.8664669658614798
-40.560243243976025, -8.308194111283099, -0.8784430137656712
-40.530206895323275, -10.194041577227898, -0.890419061669863
-40.50017054667052, -12.07722898394237, -0.9023951095740544
-40.47013419801777, -13.957756331426502, -0.9143711574782462
-40.44009784936501, -15.835623619680277, -0.9263472053824376
-40.41006150071225, -17.71083084870373, -0.9383232532866294
-40.3800251520595, -19.583378018496823, -0.950299301190821
-40.349988803406745, -21.453265129059602, -0.9622753490950127
-40.31995245475399, -23.32049218039205, -0.9742513969992042
-40.289916106101245, -25.18505917249415, -0.9862274449033959
-40.25987975744849, -27.0469661053659, -0.9982034928075874
-40.22984340879573, -28.906212979007336, -1.0101795407117788
-40.19980706014297, -30.76279979341842, -1.0221555886159708
-40.16977071149022, -32.61672654859916, -1.0341316365201623
-40.13973134479278, -34.46799321284407, -1.0461076844243538
-39.99640896724044, -36.30781150677129, -1.0580837323285455
-39.495108595482264, -38.051085785164766, -1.0700597802327372
-38.276080362324365, -39.38060333492733, -1.082035828136929
-36.50780668411495, -39.95798352746644, -1.0940118760411206
-34.61721214281194, -39.98955261957377, -1.105987923945312
-32.72637707209768, -39.959516270921014, -1.1179639718495038
-30.838202060613746, -39.92947992226826, -1.1299400197536953
-28.95268710836017, -39.89944357361551, -1.141916067657887
-27.06983221533693, -39.86940722496276, -1.1538921155620787
-25.18963738154402, -39.83937087631, -1.1658681634662702
-23.312102606981455, -39.80933452765724, -1.177844211370462
-21.43722789164923, -39.779298179004485, -1.1898202592746534
-19.565013235547326, -39.749261830351735, -1.2017963071788451
-17.69545863867576, -39.719225481698984, -1.2137723550830366
-15.82856410103456, -39.68918913304623, -1.2257484029872283
-13.96432962262367, -39.65915278439347, -1.23772445089142
-12.102755203443117, -39.62911643574072, -1.2497004987956115
-10.243840843492928, -39.59908008708797, -1.2616765466998032
-8.387586542773045, -39.56904373843521, -1.2736525946039947
-6.533992301283517, -39.539007389782455, -1.2856286425081864
-4.683058119024311, -39.508971041129705, -1.297604690412378
-2.8347839959954664, -39.478934692476955, -1.3095807383165696
-0.9891699321969357, -39.44889834382419, -1.3215567862207613
0.8537840723712599, -39.41886199517144, -1.3335328341249528
2.6940780177091197, -39.38882564651868, -1.3455088820291445
4.5317119038166105, -39.358789297865926, -1.357484929933336
6.366685730693789, -39.328752949213175, -1.3694609778375277
8.198999498340633, -39.29871660056042, -1.3814370257417194
10.028653206757127, -39.26868025190767, -1.393413073645911
11.855646855943286, -39.23864390325491, -1.4053891215501026
13.679980445899098, -39.20860755460216, -1.4173651694542941
15.501653976624596, -39.178571205949396, -1.4293412173584858
17.32066744811976, -39.148534857296646, -1.4413172652626773
19.137020860384574, -39.118498508643896, -1.453293313166869
20.95071421341906, -39.08846215999114, -1.4652693610710608
22.761747507223166, -39.05842581133839, -1.4772454089752522
24.570120741796977, -39.02838946268563, -1.4892214568794437
26.375833917140444, -38.99835311403288, -1.5011975047836355
28.17888703325358, -38.96831676538012, -1.5131735526878272
29.979280090136363, -38.93828041672737, -1.5251496005920187
31.77701308778881, -38.908244068074616, -1.5371256484962104
33.5720282378263, -38.874708805575295, -1.549101696400402
35.35464801279464, -38.752607709300776, -1.5610777443045936
37.049634817607526, -38.29561487376634, -1.5730537922087853
38.29864502845151, -37.05709353777682, -1.5850298401129768
38.740652666098704, -35.29871383710942, -1.5970058880171685
38.72802597615808, -33.46188207188683, -1.60898193592136
38.69798962750532, -31.627240744329622, -1.6209579838255517
38.66795327885257, -29.79525947600276, -1.6329340317297434
38.637916930199815, -27.96593826690622, -1.6449100796339349
38.607880581547064, -26.139277117040027, -1.6568861275381266
38.57784423289431, -24.315276026404206, -1.668862175442318
38.54780788424156, -22.493934994998682, -1.6808382233465098
38.5177715355888, -20.67525402282349, -1.6928142712507013
38.48773518693605, -18.859233109878645, -1.704790319154893
38.45769883828329, -17.045872256164138, -1.7167663670590847
38.42766248963054, -15.235171461679956, -1.7287424149632762
38.397626140977785, -13.427130726426146, -1.740718462867468
38.367589792325035, -11.621750050402648, -1.7526945107716594
38.33755344367228, -9.819029433609487, -1.764670558675851
38.30751709501953, -8.018968876046676, -1.7766466065800426
38.27748074636677, -6.221568377714187, -1.7886226544842343
38.24744439771401, -4.42682793861206, -1.800598702388426
38.21740804906126, -2.6347475587402376, -1.8125747502926175
38.187371700408505, -0.8453272380987614, -1.8245507981968092
38.157335351755755, 0.9414330233123797, -1.8365268461010007
38.127299003103, 2.7255332254931934, -1.8485028940051924
38.09726265445025, 4.506973368443644, -1.8604789419093841
38.06722630579749, 6.285753452163766, -1.8724549898135756
38.03718995714473, 8.061873476653581, -1.8844310377177673
38.00715360849199, 9.835333441913003, -1.8964070856219588
37.977117259839225, 11.606133347942158, -1.9083831335261505
37.947080911186475, 13.37427319474093, -1.920359181430342
37.917044562533725, 15.13975298230942, -1.9323352293345337
37.88700821388097, 16.90257271064746, -1.9443112772387254
37.85697186522821, 18.662732379755255, -1.956287325142917
37.82693551657546, 20.420231989632647, -1.9682633730471086
37.7968991679227, 22.175071540279763, -1.9802394209513001
37.76686281926995, 23.927251031696482, -1.9922154688554918
37.736826470617196, 25.676770463882868, -2.004191516759683
37.70679012196444, 27.423629836838916, -2.016167564663875
37.67675377331169, 29.167829150564682, -2.028143612568067
37.64671742465894, 30.909368405060054, -2.040119660472258
37.61546515667364, 32.64820512086554, -2.05209570837645
37.572611961962416, 34.383139275314804, -2.0640717562806414
37.14253594156029, 36.05236224736654, -2.076047804184833
35.85623004575342, 37.20257407016916, -2.088023852089025
34.11558958746959, 37.4965356813951, -2.0999998999932163
34.11558958746959, 37.496535681395095, -2.0999998999932163
32.32604129042565, 37.470852963784196, -2.111975947897408
30.53895361303305, 37.44517024617331, -2.1239519958015993
28.75432655529179, 37.419487528562414, -2.1359280437057913
26.972160117201877, 37.39380481095152, -2.147904091609983
25.192454298763302, 37.36812209334063, -2.1598801395141742
23.415209099976074, 37.34243937572974, -2.171856187418366
21.640424520840188, 37.31675665811884, -2.1838322353225577
19.868100561355647, 37.29107394050795, -2.195808283226749
18.09823722152245, 37.26539122289706, -2.207784331130941
16.330834501340593, 37.23970850528616, -2.2197603790351326
14.565892400810078, 37.21402578767527, -2.231736426939324
12.803410919930908, 37.18834307006438, -2.2437124748435155
11.043390058703077, 37.16266035245348, -2.2556885227477075
9.285829817126595, 37.13697763484259, -2.267664570651899
7.530730195201457, 37.111294917231696, -2.2796406185560905
5.778091192927658, 37.0856121996208, -2.2916166664602824
4.027912810305201, 37.059929482009906, -2.303592714364474
2.280195047334091, 37.034246764399015, -2.315568762268666
0.5349379040143208, 37.008564046788116, -2.327544810172857
-1.2078586196541001, 36.982881329177225, -2.339520858077049
-2.948194523671184, 36.95719861156633, -2.3514969059812403
-4.686069808036925, 36.931515893955435, -2.3634729538854318
-6.421484472751324, 36.90583317634454, -2.3754490017896233
-8.154438517814377, 36.88015045873365, -2.387425049693815
-9.884931943226084, 36.854467741122754, -2.3994010975980067
-11.612964748986458, 36.82878502351186, -2.4113771455021986
-13.33853693509548, 36.803102305900964, -2.4233531934063897
-15.06164850155316, 36.77741958829007, -2.4353292413105816
-16.782299448359495, 36.75173687067918, -2.447305289214773
-18.50048977551449, 36.72605415306828, -2.459281337118965
-20.21621948301815, 36.70037143545739, -2.471257385023156
-21.929488570870458, 36.6746887178465, -2.4832334329273484
-23.640297039071417, 36.6490060002356, -2.49520948083154
-25.348644887621045, 36.62332328262471, -2.5071855287357314
-27.054532116519322, 36.59764056501382, -2.519161576639923
-28.75795872576626, 36.57195784740293, -2.5311376245441144
-30.458924715361853, 36.546275129792036, -2.5431136724483063
-32.15743008530611, 36.52059241218114, -2.555089720352498
-33.8501615491028, 36.43855205218583, -2.5670657682566893
-35.397437968213374, 35.78052168405217, -2.5790418161608812
-36.280079799194844, 34.33384976813248, -2.5910178640650727
-36.417861541737565, 32.608559728666904, -2.6029939119692638
-36.392178824126674, 30.87099202175758, -2.6149699598734557
-36.366496106515775, 29.1358849344996, -2.626946007777647
-36.34081338890489, 27.403238466892958, -2.6389220556818387
-36.315130671294, 25.673052618937668, -2.65089810358603
-36.2894479536831, 23.945327390633715, -2.662874151490222
-36.2637652360722, 22.2200627819811, -2.6748501993944136
-36.23808251846132, 20.49725879297983, -2.6868262472986055
-36.21239980085042, 18.776915423629916, -2.698802295202797
-36.18671708323953, 17.05903267393133, -2.7107783431069885
-36.16103436562864, 15.343610543884086, -2.72275439101118
-36.135351648017746, 13.630649033488195, -2.734730438915372
-36.10966893040685, 11.920148142743649, -2.746706486819563
-36.083986212795956, 10.212107871650444, -2.7586825347237545
-36.05830349518506, 8.506528220208576, -2.770658582627947
-36.03262077757417, 6.803409188418051, -2.7826346305321383
-36.006938059963275, 5.1027507762788815, -2.79461067843633
-35.981255342352384, 3.4045529837910387, -2.8065867263405213
-35.95557262474149, 1.708815810954552, -2.8185627742447132
-35.929889907130594, 0.015539257769399586, -2.8305388221489047
-35.904207189519695, -1.6752766757644153, -2.842514870053096
-35.87852447190881, -3.3636319896468647, -2.8544909179572877
-35.85284175429791, -5.049526683877994, -2.8664669658614796
-35.82715903668702, -6.732960758457776, -2.878443013765671
-35.80147631907613, -8.413934213386195, -2.8904190616698626
-35.77579360146524, -10.09244704866329, -2.902395109574054
-35.75011088385435, -11.768499264289037, -2.914371157478246
-35.72442816624345, -13.442090860263447, -2.9263472053824375
-35.69874544863255, -15.1132218365865, -2.9383232532866295
-35.67306273102166, -16.78189219325822, -2.950299301190821
-35.64738001341077, -18.448101930278597, -2.9622753490950124
-35.621697295799876, -20.111851047647633, -2.974251396999204
-35.596014578188985, -21.773139545365307, -2.986227444903396
-35.57033186057809, -23.431967423431654, -2.998203492807587
-35.544649142967195, -25.088334681846664, -3.010179540711779
-35.518966425356304, -26.74224132061031, -3.022155588615971
-35.493283707745405, -28.39368733972264, -3.0341316365201623
-35.467600990134514, -30.042672739183615, -3.0461076844243538
-35.441881089903276, -31.689197013402644, -3.0580837323285444
-35.24099503384351, -33.31558146594663, -3.0700597802327367
-34.347481830211976, -34.67773383842759, -3.0820358281369282
-32.81193381225391, -35.299822344242074, -3.0940118760411197
-31.12736637620341, -35.339187402080185, -3.105987923945312
-29.441779259428703, -35.313504684469294, -3.1179639718495036
-27.758652762305346, -35.2878219668584, -3.1299400197536955
-26.077986884833308, -35.262139249247504, -3.141916067657887
-24.39978162701265, -35.23645653163661, -3.153892115562079
-22.724036988843324, -35.21077381402572, -3.16586816346627
-21.050752970325334, -35.18509109641482, -3.177844211370462
-19.3799295714587, -35.15940837880393, -3.1898202592746534
-17.71156679224338, -35.13372566119304, -3.201796307178845
-16.045664632679426, -35.10804294358215, -3.2137723550830364
-14.382223092766822, -35.08236022597126, -3.2257484029872288
-12.721242172505551, -35.056677508360366, -3.23772445089142
-11.062721871895622, -35.03099479074947, -3.2497004987956117
-9.406662190937032, -35.005312073138576, -3.2616765466998032
-7.753063129629787, -34.979629355527685, -3.2736525946039947
-6.101924687973897, -34.95394663791679, -3.2856286425081866
-4.453246865969341, -34.928263920305895, -3.2976046904123777
-2.8070296636161283, -34.902581202695, -3.3095807383165696
-1.1632730809142575, -34.876898485084105, -3.3215567862207616
0.4780228821362874, -34.851215767473214, -3.3335328341249526
2.116858225535473, -34.825533049862315, -3.3455088820291445
3.7532329492833045, -34.799850332251424, -3.357484929933336
5.3871470533798185, -34.77416761464053, -3.3694609778375275
7.018600537824975, -34.74848489702964, -3.3814370257417194
8.64759340261878, -34.72280217941875, -3.393413073645911
10.274125647761245, -34.69711946180786, -3.405389121550103
11.898197273252359, -34.67143674419696, -3.417365169454294
13.519808279092143, -34.64575402658607, -3.429341217358486
15.138958665280587, -34.62007130897518, -3.4413172652626773
16.75564843181768, -34.59438859136428, -3.453293313166869
18.369877578703434, -34.56870587375339, -3.4652693610710608
19.98164610593784, -34.543023156142496, -3.4772454089752527
21.590954013520907, -34.517340438531605, -3.4892214568794437
23.197801301452653, -34.49165772092071, -3.5011975047836357
24.802187969733037, -34.46597500330982, -3.513173552687827
26.404114018362073, -34.44029228569892, -3.5251496005920187
28.00357944733976, -34.41460956808803, -3.5371256484962106
29.60058425666611, -34.38892685047714, -3.549101696400402
31.194850239573213, -34.3523846657486, -3.5610777443045936
32.734947668794796, -33.97889080065153, -3.5730537922087855
33.87229484438363, -32.87520511441437, -3.5850298401129765
34.270473933096255, -31.307659292171955, -3.5970058880171685
34.26051326242266, -29.672009530079063, -3.60898193592136
34.23483054481177, -28.038403003438983, -3.6209579838255515
34.20914782720088, -26.407257096450227, -3.6329340317297434
34.18346510958999, -24.778571809112833, -3.644910079633935
34.1577823919791, -23.152347141426784, -3.656886127538127
34.132099674368206, -21.528583093392086, -3.6688621754423183
34.10641695675731, -19.907279665008723, -3.68083822334651
34.080734239146416, -18.288436856276704, -3.6928142712507013
34.055051521535525, -16.67205466719603, -3.7047903191548928
34.029368803924626, -15.058133097766696, -3.7167663670590847
34.00368608631374, -13.446672147988705, -3.728742414963276
33.97800336870284, -11.837671817862063, -3.7407184628674677
33.95232065109195, -10.23113210738671, -3.7526945107716596
33.92663793348106, -8.62705301656275, -3.764670558675851
33.90095521587017, -7.025434545390135, -3.7766466065800426
33.87527249825927, -5.426276693868858, -3.7886226544842345
33.84958978064838, -3.829579461998906, -3.8005987023884256
33.82390706303749, -2.2353428497803174, -3.8125747502926175
33.7982243454266, -0.6435668572130713, -3.8245507981968094
33.772541627815706, 0.9457485157028314, -3.8365268461010005
33.74685891020481, 2.532603268967391, -3.8485028940051924
33.721176192593916, 4.116997402580605, -3.8604789419093843
33.695493474983024, 5.6989309165424755, -3.8724549898135754
33.66981075737213, 7.278403810853008, -3.8844310377177673
33.644128039761235, 8.85541608551219, -3.896407085621959
33.61844532215035, 10.429967740520052, -3.9083831335261503
33.59276260453945, 12.002058775876542, -3.9203591814303422
33.56707988692856, 13.571689191581697, -3.9323352293345337
33.54139716931767, 15.138858987635503, -3.9443112772387257
33.51571445170678, 16.70356816403798, -3.956287325142917
33.49003173409588, 18.26581672078916, -3.9682633730471086
33.46434901648499, 19.82560465788895, -3.9802394209513
33.4386662988741, 21.382931975337392, -3.9922154688554916
33.412983581263205, 22.937798673134484, -4.0041915167596835
33.387300863652314, 24.49020475128024, -4.016167564663875
33.36161814604142, 26.04015020977466, -4.0281436125680665
33.335935428430524, 27.587635048617724, -4.040119660472258
33.310252710819626, 29.13265926780945, -4.05209570837645
33.22770523443655, 30.67233200283923, -4.064071756280641
32.64678346282933, 32.093166582745695, -4.076047804184833
31.38470278417696, 32.9848324365499, -4.088023852089025
29.82657574645048, 33.20752184037592, -4.099999899993216
29.82657574645048, 33.2075218403759, -4.099999899993216
28.24248919029368, 33.181839122765, -4.111975947897408
26.66086325378823, 33.15615640515411, -4.123951995801599
25.081697936934116, 33.130473687543216, -4.135928043705791
23.504993239731345, 33.104790969932324, -4.147904091609983
21.930749162179918, 33.079108252321426, -4.159880139514175
20.358965704279836, 33.053425534710534, -4.171856187418366
18.789642866031098, 33.02774281709964, -4.183832235322558
17.222780647433694, 33.00206009948875, -4.195808283226749
15.658379048487642, 32.97637738187785, -4.207784331130941
14.096438069192931, 32.95069466426696, -4.219760379035132
12.536957709549563, 32.92501194665607, -4.2317364269393245
10.979937969557538, 32.89932922904518, -4.243712474843516
9.425378849216854, 32.87364651143428, -4.2556885227477075
7.873280348527518, 32.84796379382339, -4.267664570651899
6.32364246748952, 32.8222810762125, -4.2796406185560905
4.776465206102866, 32.79659835860161, -4.291616666460282
3.231748564367561, 32.77091564099071, -4.303592714364473
1.6894925422835898, 32.74523292337982, -4.315568762268666
0.14969713985096783, 32.719550205768925, -4.327544810172857
-1.387637642930314, 32.69386748815803, -4.339520858077049
-2.9225118060602506, 32.66818477054713, -4.35149690598124
-4.454925349538846, 32.64250205293624, -4.363472953885432
-5.9848782733661, 32.616819335325346, -4.375449001789624
-7.512370577542003, 32.59113661771445, -4.387425049693815
-9.037402262066571, 32.565453900103556, -4.399401097598007
-10.559973326939794, 32.539771182492665, -4.411377145502199
-12.080083772161675, 32.514088464881766, -4.42335319340639
-13.597733597732207, 32.488405747270875, -4.435329241310582
-15.1129228036514, 32.46272302965998, -4.447305289214773
-16.625651389919252, 32.43704031204909, -4.459281337118965
-18.135919356535762, 32.4113575944382, -4.471257385023156
-19.643726703500928, 32.3856748768273, -4.483233432927348
-21.149073430814745, 32.35999215921641, -4.495209480831539
-22.651959538477218, 32.33430944160551, -4.507185528735731
-24.152385026488357, 32.30862672399462, -4.519161576639923
-25.650349894848155, 32.28294400638373, -4.531137624544114
-27.1458541435566, 32.25726128877284, -4.543113672448307
-28.638818835305397, 32.22837702109897, -4.555089720352497
-30.1120705715183, 32.03134081207234, -4.56706576825669
-31.371957198785193, 31.248658625665403, -4.579041816160881
-32.03080300005104, 29.896058494435646, -4.591017864065073
-32.12884770071838, 28.370911322869468, -4.602993911969264
-32.10316498310749, 26.838805356847296, -4.614969959873456
-32.0774822654966, 25.309160010476457, -4.626946007777647
-32.05179954788571, 23.781975283756964, -4.638922055681839
-32.026116830274816, 22.257251176688815, -4.65089810358603
-32.00043411266392, 20.734987689272003, -4.662874151490222
-31.974751395053023, 19.215184821506547, -4.674850199394413
-31.949068677442128, 17.69784257339243, -4.686826247298605
-31.923385959831236, 16.182960944929654, -4.698802295202797
-31.897703242220338, 14.670539936118228, -4.7107783431069885
-31.87202052460945, 13.160579546958132, -4.722754391011181
-31.84633780699856, 11.653079777449381, -4.734730438915372
-31.820655089387664, 10.148040627591977, -4.746706486819563
-31.79497237177677, 8.64546209738592, -4.758682534723755
-31.769289654165878, 7.145344186831208, -4.770658582627947
-31.743606936554983, 5.647686895927833, -4.782634630532138
-31.71792421894409, 4.152490224675794, -4.79461067843633
-31.6922415013332, 2.659754173075102, -4.806586726340521
-31.66655878372231, 1.1694787411257632, -4.818562774244713
-31.64087606611141, -0.3183360711722333, -4.830538822148904
-31.61519334850052, -1.803690263818902, -4.842514870053096
-31.58951063088962, -3.286583836814219, -4.854490917957287
-31.56382791327873, -4.7670167901581975, -4.86646696586148
-31.538145195667834, -6.244989123850824, -4.878443013765671
-31.512462478056943, -7.720500837892107, -4.890419061669863
-31.48677976044605, -9.193551932282055, -4.902395109574055
-31.461097042835156, -10.664142407020648, -4.9143711574782465
-31.43541432522426, -12.132272262107914, -4.926347205382437
-31.40973160761337, -13.597941497543822, -4.9383232532866295
-31.384048890002475, -15.061150113328399, -4.950299301190821
-31.358366172391584, -16.521898109461628, -4.9622753490950124
-31.332683454780693, -17.980185485943505, -4.974251396999204
-31.3070007371698, -19.436012242774048, -4.986227444903395
-31.281318019558903, -20.889378379953236, -4.998203492807587
-31.25563530194801, -22.3402838974811, -5.010179540711778
-31.229952584337116, -23.788728795357613, -5.022155588615971
-31.20426986672622, -25.23471307358279, -5.034131636520161
-31.178587149115327, -26.67823673215662, -5.046107684424354
-31.129468538826004, -28.11820984698607, -5.058083732328544
-30.771797822016794, -29.504985118762974, -5.070059780232737
-29.81096590887078, -30.570978095259413, -5.082035828136928
-28.42132056537661, -31.02601351790136, -5.094011876041119
-26.94108340562778, -31.05017356106108, -5.105987923945312
-25.460958029740233, -31.024490843450184, -5.117963971849504
-23.983293273504017, -30.998808125839293, -5.129940019753695
-22.508089136919132, -30.973125408228398, -5.141916067657887
-21.035345619985613, -30.947442690617507, -5.153892115562078
-19.565062722703427, -30.921759973006615, -5.16586816346627
-18.097240445072583, -30.89607725539572, -5.177844211370462
-16.63187878709309, -30.87039453778483, -5.189820259274653
-15.16897774876492, -30.844711820173934, -5.201796307178845
-13.70853733008812, -30.819029102563043, -5.213772355083036
-12.25055753106265, -30.793346384952148, -5.225748402987229
-10.795038351688515, -30.767663667341257, -5.23772445089142
-9.341979791965741, -30.74198094973036, -5.249700498795612
-7.891381851894286, -30.71629823211947, -5.261676546699803
-6.443244531474205, -30.69061551450858, -5.273652594603995
-4.997567830705449, -30.664932796897688, -5.285628642508186
-3.5543517495880326, -30.639250079286793, -5.297604690412378
-2.1135962881219754, -30.613567361675898, -5.309580738316569
-0.6753014463072444, -30.587884644065, -5.321556786220762
0.7605327758561499, -30.562201926454108, -5.333532834124953
2.1939063783681867, -30.536519208843217, -5.3455088820291445
3.6248193612288864, -30.510836491232325, -5.357484929933336
5.053271724438238, -30.48515377362143, -5.369460977837528
6.479263467996255, -30.45947105601054, -5.38143702574172
7.90279459190293, -30.433788338399644, -5.3934130736459105
9.32386509615824, -30.40810562078875, -5.405389121550103
10.742474980762227, -30.382422903177858, -5.4173651694542935
12.158624245714865, -30.356740185566963, -5.429341217358486
13.572312891016143, -30.33105746795607, -5.441317265262677
14.9835409166661, -30.30537475034518, -5.453293313166869
16.392308322664718, -30.27969203273429, -5.46526936107106
17.798615109011998, -30.254009315123394, -5.477245408975252
19.202461275707925, -30.2283265975125, -5.489221456879443
20.603846822752505, -30.202643879901608, -5.501197504783636
22.00277175014575, -30.176961162290716, -5.513173552687827
23.39923605788763, -30.151278444679825, -5.525149600592019
24.793239745978184, -30.125595727068934, -5.53712564849621
26.184782814417403, -30.09991300945804, -5.549101696400402
27.5681082355448, -29.991081762699395, -5.561077744304593
28.842907565217597, -29.456608668461246, -5.5730537922087855
29.69832423047599, -28.356949470483674, -5.585029840112977
29.98583450001783, -26.967466622613163, -5.5970058880171685
29.97149942140356, -25.537091994725273, -5.60898193592136
29.945816703792666, -24.10894720897236, -5.6209579838255515
29.92013398618177, -22.683263042870752, -5.632934031729743
29.89445126857088, -21.260039496420497, -5.644910079633935
29.868768550959985, -19.839276569621603, -5.656886127538127
29.843085833349093, -18.420974262474033, -5.668862175442318
29.817403115738202, -17.005132574977836, -5.68083822334651
29.79172039812731, -15.591751507132939, -5.692814271250701
29.766037680516416, -14.180831058939395, -5.704790319154893
29.740354962905524, -12.772371230397217, -5.716766367059085
29.71467224529463, -11.36637202150636, -5.728742414963277
29.688989527683738, -9.962833432266846, -5.740718462867468
29.663306810072847, -8.561755462678686, -5.75269451077166
29.637624092461955, -7.1631381127418585, -5.764670558675851
29.611941374851057, -5.766981382456397, -5.776646606580043
29.586258657240165, -4.373285271822262, -5.788622654484235
29.56057593962927, -2.982049780839469, -5.8005987023884265
29.53489322201838, -1.5932749095080159, -5.812574750292617
29.509210504407488, -0.20696065782790285, -5.824550798196809
29.483527786796593, 1.1768929742008685, -5.836526846101
29.4578450691857, 2.558285986578272, -5.8485028940051915
29.43216235157481, 3.9372183793043316, -5.860478941909385
29.406479633963915, 5.313690152379098, -5.872454989813575
29.380796916353024, 6.687701305802474, -5.884431037717768
29.355114198742132, 8.059251839574504, -5.896407085621958
29.329431481131234, 9.428341753695243, -5.908383133526151
29.303748763520343, 10.794971048164584, -5.920359181430342
29.27806604590945, 12.159139722982612, -5.932335229334534
29.252383328298556, 13.52084777814929, -5.944311277238726
29.226700610687665, 14.880095213664621, -5.956287325142917
29.201017893076774, 16.236882029528584, -5.968263373047108
29.17533517546588, 17.5912082257412, -5.9802394209513
29.149652457854987, 18.943073802302525, -5.992215468855491
29.123969740244096, 20.292478759212454, -6.0041915167596835
29.0982870226332, 21.63942309647105, -6.016167564663875
29.072604305022306, 22.983906814078356, -6.0281436125680665
29.046921587411415, 24.32592991203427, -6.040119660472258
29.020047691123075, 25.665476193289763, -6.0520957083764495
28.802643679877402, 26.983529362862743, -6.064071756280642
28.091451621991222, 28.11622385210615, -6.076047804184833
26.901119856164293, 28.76132753274548, -6.088023852089025
25.537561905431374, 28.918507999356727, -6.099999899993216
25.53756190543138, 28.918507999356713, -6.099999899993216
24.158937090161725, 28.89282528174582, -6.111975947897408
22.782772894543413, 28.867142564134927, -6.1239519958016
21.40906931857645, 28.84145984652403, -6.135928043705792
20.037826362260823, 28.81577712891314, -6.147904091609983
18.66904402559654, 28.790094411302245, -6.159880139514174
17.3027223085836, 28.764411693691354, -6.171856187418366
15.938861211222006, 28.73872897608046, -6.183832235322558
14.57746073351175, 28.713046258469564, -6.195808283226749
13.21852087545284, 28.687363540858673, -6.207784331130941
11.862041637045275, 28.661680823247778, -6.219760379035132
10.50802301828905, 28.635998105636887, -6.2317364269393245
9.15646501918417, 28.61031538802599, -6.243712474843516
7.80736763973063, 28.584632670415097, -6.2556885227477075
6.4607308799284375, 28.558949952804202, -6.267664570651899
5.116554739777584, 28.533267235193307, -6.2796406185560905
3.7748392192780753, 28.507584517582416, -6.291616666460282
2.4355843184299086, 28.48190179997152, -6.303592714364473
1.098790037233085, 28.456219082360633, -6.315568762268666
-0.2355436243123924, 28.430536364749734, -6.327544810172857
-1.567416666206527, 28.404853647138843, -6.339520858077049
-2.8968290884493246, 28.379170929527948, -6.351496905981239
-4.223780891040773, 28.353488211917057, -6.363472953885431
-5.548272073980886, 28.327805494306162, -6.375449001789624
-6.870302637269647, 28.30212277669527, -6.387425049693815
-8.18987258090707, 28.276440059084376, -6.399401097598007
-9.506981904893149, 28.250757341473484, -6.411377145502199
-10.821630609227885, 28.225074623862586, -6.42335319340639
-12.133818693911273, 28.199391906251694, -6.435329241310582
-13.443546158943327, 28.1737091886408, -6.447305289214773
-14.75081300432403, 28.148026471029908, -6.459281337118965
-16.05561923005339, 28.122343753419013, -6.471257385023156
-17.357964836131416, 28.096661035808122, -6.483233432927349
-18.657849822558088, 28.070978318197227, -6.495209480831539
-19.95527418933343, 28.045295600586332, -6.5071855287357305
-21.250237936457417, 28.01961288297544, -6.519161576639923
-22.542741063930066, 27.993930165364546, -6.531137624544114
-23.83278314592365, 27.968216131129473, -6.543113672448307
-25.117836288594248, 27.902462506604678, -6.555089720352498
-26.34758515587935, 27.539290629196397, -6.56706576825669
-27.30723578099963, 26.679741723651215, -6.579041816160881
-27.774019905823916, 25.456389026589637, -6.591017864065073
-27.839833859699194, 24.133262917072052, -6.602993911969262
-27.814151142088306, 22.806618691937025, -6.614969959873456
-27.788468424477408, 21.48243508645333, -6.626946007777645
-27.762785706866516, 20.16071210062098, -6.638922055681839
-27.737102989255625, 18.84144973443997, -6.65089810358603
-27.71142027164473, 17.52464798791031, -6.662874151490221
-27.685737554033835, 16.210306861031995, -6.674850199394412
-27.660054836422944, 14.898426353805023, -6.686826247298605
-27.634372118812053, 13.589006466229387, -6.698802295202796
-27.608689401201154, 12.282047198305102, -6.710778343106988
-27.583006683590263, 10.97754855003215, -6.722754391011179
-27.55732396597937, 9.67551052141055, -6.734730438915371
-27.531641248368476, 8.375933112440284, -6.746706486819562
-27.50595853075758, 7.078816323121366, -6.758682534723754
-27.48027581314669, 5.784160153453795, -6.770658582627946
-27.4545930955358, 4.49196460343756, -6.782634630532137
-27.4289103779249, 3.202229673072665, -6.794610678436329
-27.40322766031401, 1.9149553623591233, -6.80658672634052
-27.377544942703118, 0.6301416712969232, -6.818562774244713
-27.351862225092226, -0.6522114001139292, -6.830538822148904
-27.326179507481328, -1.9321038518734477, -6.842514870053095
-27.300496789870436, -3.209535683981629, -6.854490917957287
-27.274814072259545, -4.484506896438457, -6.866466965861479
-27.249131354648647, -5.757017489243937, -6.87844301376567
-27.223448637037755, -7.027067462398081, -6.890419061669862
-27.197765919426864, -8.294656815900893, -6.902395109574053
-27.17208320181597, -9.55978554975235, -6.914371157478245
-27.146400484205074, -10.822453663952459, -6.926347205382436
-27.120717766594183, -12.082661158501221, -6.938323253286628
-27.095035048983288, -13.340408033398653, -6.95029930119082
-27.069352331372393, -14.595694288644737, -6.962275349095011
-27.0436696137615, -15.84851992423948, -6.974251396999203
-27.01798689615061, -17.098884940182884, -6.986227444903395
-26.99230417853972, -18.346789336474924, -6.998203492807587
-26.96662146092882, -19.592233113115633, -7.010179540711778
-26.94093874331793, -20.83521627010502, -7.02215558861597
-26.915256025707038, -22.075738807443038, -7.034131636520161
-26.88581267180608, -23.31374958988726, -7.046107684424353
-26.739058944211294, -24.538092044678585, -7.058083732328546
-26.223366592592278, -25.655496993414452, -7.070059780232738
-25.25533527993313, -26.435081412695176, -7.082035828136929
-24.030512351533332, -26.75054462764586, -7.09401187604112
-22.754800435052086, -26.761159720041974, -7.105987923945312
-21.480136800051678, -26.73547700243108, -7.117963971849504
-20.20793378470261, -26.709794284820187, -7.129940019753695
-18.938191389004867, -26.684111567209293, -7.141916067657887
-17.67090961295849, -26.6584288495984, -7.153892115562078
-16.406088456563452, -26.63274613198751, -7.16586816346627
-15.143727919819757, -26.60706341437662, -7.177844211370462
-13.883828002727402, -26.581380696765724, -7.1898202592746525
-12.626388705286374, -26.55569797915483, -7.201796307178846
-11.371410027496722, -26.530015261543937, -7.213772355083037
-10.118891969358398, -26.50433254393304, -7.225748402987228
-8.868834530871402, -26.478649826322147, -7.23772445089142
-7.621237712035773, -26.452967108711256, -7.249700498795612
-6.376101512851477, -26.427284391100365, -7.261676546699803
-5.13342593331852, -26.401601673489466, -7.273652594603995
-3.8932109734369114, -26.375918955878575, -7.285628642508186
-2.6554566332066356, -26.350236238267684, -7.297604690412378
-1.4201629126277213, -26.324553520656792, -7.309580738316569
-0.18732981170013907, -26.298870803045897, -7.321556786220762
1.0430426695761146, -26.273188085435002, -7.333532834124952
2.2709545312010055, -26.24750536782411, -7.345508882029144
3.4964057731745646, -26.22182265021322, -7.357484929933337
4.719396395496762, -26.196139932602325, -7.3694609778375275
5.939926398167629, -26.170457214991433, -7.381437025741719
7.157995781187153, -26.14477449738054, -7.393413073645911
8.37360454455534, -26.119091779769647, -7.405389121550103
9.586752688272187, -26.093409062158756, -7.417365169454294
10.797440212337676, -26.067726344547857, -7.429341217358486
12.005667116751816, -26.042043626936966, -7.441317265262677
13.211433401514626, -26.016360909326075, -7.453293313166869
14.414739066626083, -25.99067819171518, -7.465269361071061
15.615584112086218, -25.96499547410429, -7.477245408975253
16.813968537895, -25.939312756493393, -7.489221456879444
18.00989234405245, -25.913630038882502, -7.501197504783635
19.20335553055855, -25.887947321271607, -7.513173552687827
20.394358097413292, -25.862264603660716, -7.525149600592019
21.58290004461671, -25.83658188604982, -7.53712564849621
22.768213768380654, -25.78860287989884, -7.5491016964004025
23.92139963565691, -25.530151933728728, -7.561077744304594
24.904047597572813, -24.869347312567847, -7.5730537922087855
25.504623539201937, -23.829754549683898, -7.585029840112977
25.69974651084891, -22.627192415458968, -7.5970058880171685
25.682485580384448, -21.402174459371395, -7.60898193592136
25.65680286277356, -20.1794914145056, -7.620957983825552
25.63112014516266, -18.959268989291157, -7.632934031729744
25.60543742755177, -17.74150718372806, -7.644910079633934
25.57975470994088, -16.526205997816312, -7.656886127538126
25.554071992329987, -15.313365431555882, -7.668862175442318
25.528389274719093, -14.102985484946824, -7.68083822334651
25.5027065571082, -12.895066157989097, -7.6928142712507
25.477023839497306, -11.689607450682717, -7.704790319154894
25.45134112188641, -10.486609363027661, -7.716766367059085
25.42565840427552, -9.286071895023966, -7.728742414963276
25.399975686664625, -8.087995046671592, -7.740718462867468
25.374292969053734, -6.89237881797059, -7.75269451077166
25.348610251442842, -5.699223208920926, -7.764670558675851
25.32292753383195, -4.50852821952261, -7.776646606580043
25.297244816221056, -3.3202938497756325, -7.788622654484234
25.271562098610165, -2.1345200996799756, -7.800598702388426
25.24587938099927, -0.9512069692356846, -7.812574750292618
25.22019666338838, 0.22964554155726374, -7.824550798196809
25.194513945777484, 1.4080374326988934, -7.836526846101001
25.168831228166592, 2.583968704189152, -7.8485028940051915
25.143148510555697, 3.757439356028067, -7.860478941909385
25.117465792944806, 4.92844938821567, -7.872454989813575
25.09178307533391, 6.096998800751899, -7.884431037717767
25.066100357723023, 7.263087593636785, -7.896407085621959
25.04041764011213, 8.42671576687033, -7.908383133526151
25.014734922501237, 9.58788332045253, -7.920359181430341
24.989052204890342, 10.746590254383419, -7.932335229334534
24.96336948727945, 11.902836568662957, -7.944311277238725
24.937686769668556, 13.056622263291128, -7.956287325142917
24.912004052057664, 14.207947338267957, -7.968263373047109
24.88632133444677, 15.35681179359344, -7.980239420951301
24.860638616835878, 16.503215629267583, -7.992215468855492
24.834955899224983, 17.64715884529041, -8.004191516759684
24.809273181614092, 18.788641441661877, -8.016167564663876
24.783590464003197, 19.927663418381997, -8.028143612568067
24.75790774639231, 21.064224775450768, -8.040119660472257
24.663614962698745, 22.194549327611377, -8.05209570837645
24.27399609388243, 23.26092552410504, -8.064071756280642
23.487118056519876, 24.089861625148114, -8.076047804184833
22.414310894033676, 24.52749297155182, -8.088023852089025
21.24854806441227, 24.629494158337543, -8.099999899993216
21.24854806441227, 24.62949415833753, -8.099999899993216
20.075384990029757, 24.603811440726634, -8.111975947897408
18.904682535298587, 24.578128723115743, -8.1239519958016
17.73644070021876, 24.552446005504848, -8.13592804370579
16.570659484790283, 24.526763287893957, -8.147904091609984
15.407338889013143, 24.50108057028306, -8.159880139514174
14.246478912887346, 24.47539785267217, -8.171856187418367
13.088079556412895, 24.449715135061275, -8.183832235322559
11.932140819589783, 24.42403241745038, -8.19580828322675
10.778662702418018, 24.39834969983949, -8.207784331130942
9.627645204897595, 24.372666982228594, -8.219760379035133
8.479088327028514, 24.3469842646177, -8.231736426939325
7.332992068810777, 24.321301547006808, -8.243712474843516
6.189356430244381, 24.295618829395913, -8.255688522747707
5.04818141132933, 24.26993611178502, -8.267664570651899
3.9094670120656194, 24.244253394174127, -8.27964061855609
2.7732132324532555, 24.218570676563235, -8.291616666460282
1.639420072492234, 24.19288795895234, -8.303592714364473
0.5080875321825559, 24.16720524134145, -8.315568762268665
-0.6207843884757795, 24.14152252373055, -8.327544810172856
-1.7471956894827747, 24.115839806119656, -8.339520858077048
-2.8711463708384244, 24.090157088508764, -8.35149690598124
-3.9926364325427333, 24.06447437089787, -8.36347295388543
-5.1116658745957, 24.038791653286978, -8.375449001789624
-6.228234696997316, 24.013108935676083, -8.387425049693816
-7.342342899747598, 23.987426218065192, -8.399401097598007
-8.453990482846532, 23.961743500454297, -8.411377145502199
-9.563177446294118, 23.936060782843402, -8.42335319340639
-10.66990379009037, 23.91037806523251, -8.435329241310582
-11.774169514235274, 23.884695347621616, -8.447305289214773
-12.875974618728842, 23.859012630010724, -8.459281337118966
-13.975319103571053, 23.83332991239983, -8.471257385023156
-15.072202968761935, 23.807647194788938, -8.48323343292735
-16.16662621430147, 23.781964477178043, -8.49520948083154
-17.258588840189656, 23.75628175956715, -8.50718552873573
-18.348090846426505, 23.730599041956257, -8.519161576639924
-19.43512921298164, 23.704694222420443, -8.531137624544115
-20.51841037651706, 23.658913321771415, -8.543113672448309
-21.580584144034077, 23.464437703664867, -8.5550897203525
-22.53267107394249, 22.949238498449645, -8.567065768256692
-23.204696362797456, 22.084467636468887, -8.579041816160883
-23.512607813855162, 21.015863103098066, -8.591017864065075
-23.55082001868001, 19.8956145112746, -8.602993911969262
-23.52513730106912, 18.774432027026712, -8.614969959873454
-23.49945458345822, 17.65571016243016, -8.626946007777645
-23.47377186584733, 16.539448917484965, -8.638922055681839
-23.448089148236438, 15.425648292191093, -8.65089810358603
-23.422406430625543, 14.314308286548584, -8.662874151490222
-23.396723713014648, 13.205428900557408, -8.674850199394411
-23.371040995403757, 12.099010134217572, -8.686826247298603
-23.345358277792865, 10.995051987529086, -8.698802295202796
-23.319675560181967, 9.893554460491947, -8.710778343106988
-23.293992842571075, 8.794517553106141, -8.722754391011179
-23.268310124960184, 7.69794126537168, -8.73473043891537
-23.24262740734929, 6.603825597288569, -8.746706486819562
-23.216944689738394, 5.512170548856787, -8.758682534723754
-23.191261972127503, 4.42297612007636, -8.770658582627945
-23.165579254516608, 3.336242310947279, -8.782634630532137
-23.139896536905717, 2.251969121469536, -8.794610678436328
-23.114213819294825, 1.1701565516431347, -8.80658672634052
-23.088531101683934, 0.09080460146807347, -8.818562774244711
-23.062848384073035, -0.9860867290556341, -8.830538822148903
-23.03716566646214, -2.060517439927996, -8.842514870053094
-23.01148294885125, -3.1324875311490334, -8.854490917957285
-22.985800231240354, -4.201997002718722, -8.866466965861479
-22.960117513629463, -5.269045854637058, -8.87844301376567
-22.93443479601857, -6.333634086904062, -8.890419061669862
-22.90875207840768, -7.3957616995197135, -8.902395109574053
-22.88306936079678, -8.455428692484027, -8.914371157478245
-22.85738664318589, -9.512635065797003, -8.926347205382434
-22.831703925575, -10.567380819458625, -8.938323253286628
-22.806021207964104, -11.619665953468909, -8.950299301190821
-22.78033849035321, -12.669490467827838, -8.962275349095009
-22.754655772742318, -13.716854362535447, -8.974251396999202
-22.728973055131426, -14.761757637591703, -8.986227444903395
-22.703290337520528, -15.804200292996601, -8.998203492807587
-22.677607619909637, -16.844182328750165, -9.010179540711777
-22.651924902298745, -17.881703744852405, -9.02215558861597
-22.622766265028087, -18.91671727749447, -9.034131636520161
-22.52872531550272, -19.943791102764415, -9.046107684424353
-22.221420680271567, -20.924856748662265, -9.058083732328544
-21.595302747508107, -21.74724615088511, -9.070059780232738
-20.684363359672446, -22.268931586825868, -9.082035828136927
-19.639324933293118, -22.47184696715829, -9.094011876041119
-18.568517464476418, -22.47214587902286, -9.105987923945312
-17.499315570363144, -22.44646316141197, -9.117963971849504
-16.43257429590123, -22.42078044380108, -9.129940019753695
-15.368293641090643, -22.395097726190187, -9.141916067657888
-14.306473605931409, -22.369415008579292, -9.153892115562078
-13.247114190423515, -22.343732290968397, -9.16586816346627
-12.190215394566971, -22.318049573357506, -9.177844211370463
-11.135777218361756, -22.292366855746614, -9.189820259274653
-10.08379966180788, -22.266684138135716, -9.201796307178846
-9.034282724905365, -22.241001420524825, -9.213772355083037
-7.987226407654191, -22.215318702913933, -9.225748402987229
-6.942630710054346, -22.18963598530304, -9.23772445089142
-5.90049563210585, -22.163953267692147, -9.249700498795612
-4.8608211738087075, -22.138270550081252, -9.261676546699803
-3.8236073351628876, -22.11258783247036, -9.273652594603995
-2.7888541161684244, -22.08690511485947, -9.285628642508186
-1.7565615168253075, -22.061222397248578, -9.297604690412378
-0.7267295371335303, -22.03553967963768, -9.30958073831657
0.3006418229068959, -22.009856962026788, -9.32155678622076
1.3255525632959992, -21.984174244415897, -9.333532834124952
2.3480026840337413, -21.958491526805005, -9.345508882029144
3.367992185120155, -21.93280880919411, -9.357484929933337
4.385521066555219, -21.907126091583216, -9.369460977837527
5.4005893283389295, -21.881443373972324, -9.38143702574172
6.41319697047131, -21.855760656361433, -9.393413073645911
7.423343992952355, -21.83007793875054, -9.405389121550103
8.431030395782042, -21.804395221139647, -9.417365169454294
9.43625617896039, -21.77871250352875, -9.429341217358486
10.439021342487395, -21.753029785917857, -9.441317265262677
11.43932588636304, -21.727347068306962, -9.453293313166869
12.437169810587367, -21.70166435069607, -9.46526936107106
13.432553115160331, -21.67598163308518, -9.477245408975252
14.425475800081966, -21.650298915474288, -9.489221456879445
15.415937865352273, -21.624616197863393, -9.501197504783635
16.403939310971214, -21.598933480252498, -9.513173552687828
17.38948013693882, -21.573250762641607, -9.52514960059202
18.371981912515277, -21.529741880426982, -9.537125648496211
19.337215894954227, -21.36064863290995, -9.549101696400403
20.223022572810407, -20.94036620737279, -9.561077744304594
20.905766382941962, -20.224059951779005, -9.573053792208785
21.29237885841887, -19.295877596594295, -9.585029840112977
21.41239148312327, -18.286846888127766, -9.597005888017168
21.393471739365342, -17.267256924017666, -9.60898193592136
21.36778902175445, -16.250035620039036, -9.620957983825551
21.342106304143556, -15.235274935711734, -9.632934031729743
21.316423586532665, -14.222974871035776, -9.644910079633934
21.290740868921773, -13.213135426011174, -9.656886127538126
21.26505815131088, -12.205756600637896, -9.66886217544232
21.239375433699987, -11.200838394915968, -9.680838223346509
21.213692716089092, -10.198380808845393, -9.6928142712507
21.1880099984782, -9.19838384242615, -9.704790319154894
21.16232728086731, -8.200847495658245, -9.716766367059085
21.136644563256414, -7.205771768541712, -9.728742414963277
21.11096184564552, -6.213156661076493, -9.740718462867468
21.085279128034628, -5.223002173262623, -9.75269451077166
21.059596410423737, -4.235308305100093, -9.764670558675851
21.033913692812842, -3.2500750565889054, -9.776646606580043
21.00823097520195, -2.2673024277290637, -9.788622654484236
20.982548257591056, -1.2869904185205847, -9.800598702388426
20.956865539980164, -0.3091390289634293, -9.812574750292619
20.93118282236927, 0.6662517409423605, -9.824550798196809
20.90550010475838, 1.6391818911968359, -9.836526846101
20.879817387147487, 2.6096514217999873, -9.848502894005192
20.854134669536595, 3.577660332751746, -9.860478941909385
20.8284519519257, 4.543208624052191, -9.872454989813574
20.80276923431481, 5.506296295701288, -9.884431037717768
20.777086516703914, 6.4669233476990176, -9.89640708562196
20.751403799093023, 7.425089780045431, -9.90838313352615
20.725721081482128, 8.380795592740503, -9.920359181430342
20.700038363871236, 9.334040785784234, -9.932335229334534
20.67435564626034, 10.284825359176624, -9.944311277238725
20.64867292864945, 11.233149312917673, -9.956287325142917
20.622990211038555, 12.179012647007356, -9.96826337304711
20.597307493427664, 13.122415361445714, -9.980239420951301
20.57162477581677, 14.063357456232728, -9.992215468855491
20.54594205820588, 15.001838931368372, -10.004191516759684
20.520259340594986, 15.937859786852698, -10.016167564663874
20.49457662298409, 16.871420022685708, -10.028143612568066
20.41816432322865, 17.800064087911544, -10.040119660472257
20.153822722922722, 18.694811621720905, -10.05209570837645
19.625530655085758, 19.47031734826374, -10.06407175628064
18.845864768155636, 20.01109962323747, -10.076047804184833
17.924686086462607, 20.282849711263736, -10.088023852089025
16.95953422339316, 20.340480317318352, -10.099999899993216
