37.01166571329239, 42.512605906405064, -0.09999989999321635
32.522793282775496, 42.45801737609413, -0.10694434443766078
28.05926086809354, 42.46319520661292, -0.11388878888210524
23.585061312428916, 42.43848985671685, -0.12083323332654969
19.112197001387493, 42.41378450682078, -0.12777767777099414
14.640667934969269, 42.38907915692471, -0.13472212221543856
10.17047411317424, 42.364373807028635, -0.141666566659883
5.701615536002418, 42.33966845713256, -0.14861101110432745
1.234092203453786, 42.314963107236494, -0.15555545554877187
-3.232095884471642, 42.29025775734043, -0.16249989999321635
-7.6969487277738695, 42.26555240744436, -0.16944434443766082
-12.160466326452903, 42.24084705754829, -0.17638878888210524
-16.622648680508732, 42.21614170765221, -0.1833332333265497
-21.083495789941363, 42.19143635775614, -0.19027767777099414
-25.543007654750788, 42.16673100786007, -0.19722212221543856
-30.00118427493702, 42.142025657964, -0.204166566659883
-34.45802565050006, 42.117320308067924, -0.21111101110432745
-38.756220912164764, 41.11009658509064, -0.21805545554877187
-40.956223805455544, 37.94220435094129, -0.22499989999321635
-41.898845621902666, 34.18386886171385, -0.23194434443766082
-42.01849890848366, 29.723625576078206, -0.23888878888210524
-41.99379355858758, 25.236264791789488, -0.24583323332654966
-41.96908820869152, 20.750239252123958, -0.25277767777099414
-41.94438285879544, 16.26554895708165, -0.25972212221543856
-41.919677508899376, 11.782193906662528, -0.26666656665988303
-41.8949721590033, 7.300174100866615, -0.27361101110432745
-41.87026680910723, 2.819489539693884, -0.28055545554877187
-41.84556145921116, -1.6598597768556274, -0.28749989999321635
-41.820856109315095, -6.137873848781945, -0.2944443444376608
-41.79615075941902, -10.614552676085088, -0.30138878888210524
-41.771445409522954, -15.089896258765002, -0.30833323332654966
-41.74674005962689, -19.563904596821725, -0.31527767777099414
-41.722034709730806, -24.03657769025526, -0.32222212221543856
-41.69732935983474, -28.50791553906558, -0.32916656665988303
-41.67262400993867, -32.9779181432527, -0.33611101110432745
-40.986951778582586, -37.340758194612334, -0.3430554555487719
-38.835957139711894, -40.30455140180278, -0.34999989999321635
-34.98334861129409, -41.59362906281037, -0.35694434443766077
-30.4815655956722, -41.57380261035444, -0.36388878888210524
-25.981043582759217, -41.54909726045837, -0.37083323332654966
-21.481856814469435, -41.5243919105623, -0.37777767777099414
-16.98400529080285, -41.49968656066623, -0.38472212221543856
-12.48748901175945, -41.47498121077015, -0.39166656665988303
-7.992307977339247, -41.450275860874086, -0.39861101110432745
-3.4984621875422457, -41.42557051097801, -0.4055554555487719
0.9940483576315136, -41.400865161081946, -0.41249989999321635
5.48522365818212, -41.37615981118587, -0.41944434443766077
9.975063714109528, -41.351454461289805, -0.42638878888210524
14.463568525413717, -41.32674911139373, -0.43333323332654966
18.950738092094724, -41.302043761497664, -0.44027767777099414
23.436572414152508, -41.27733841160158, -0.44722212221543856
27.921071491587085, -41.25263306170552, -0.45416656665988303
32.40423532439853, -41.22792771180944, -0.46111101110432745
36.831719845037064, -40.86380694865717, -0.4680554555487719
40.43409687282789, -39.1763464775266, -0.47499989999321635
41.15381166212122, -34.84810301304828, -0.48194434443766077
41.12910631222515, -30.333084526888058, -0.48888878888210524
41.10440096232908, -25.819401285351013, -0.49583323332654966
41.079695612433014, -21.307053288437153, -0.5027776777709941
41.05499026253694, -16.796040536146496, -0.5097221222154386
41.030284912640866, -12.28636302847904, -0.516666566659883
41.0055795627448, -7.77802076543478, -0.5236110111043275
40.98087421284873, -3.2710137470137672, -0.5305554555487719
40.956168862952666, 1.2346580267840972, -0.5374998999932163
40.93146351305659, 5.738994555958765, -0.5444443444376608
40.90675816316052, 10.241995840510182, -0.5513887888821052
40.88205281326445, 14.743661880438493, -0.5583332333265497
40.85734746336838, 19.243992675743506, -0.5652776777709941
40.83264211347231, 23.742988226425375, -0.5722221222154386
40.807936763576244, 28.240648532484045, -0.579166566659883
40.78323141368017, 32.73697359391946, -0.5861110111043275
40.73869976145823, 37.22909140677455, -0.5930554555487719
38.09649689720186, 40.660249466129954, -0.5999998999932146
38.09649689720186, 40.660249466129954, -0.5999998999932146
40.060085087032, 38.59693743065533, -0.6069443444376594
36.24347219770369, 40.70346576633292, -0.6138887888821053
31.580913948956123, 40.68828829255538, -0.6208332333265497
26.924579718806243, 40.67311081877783, -0.627777677770994
22.274469507254047, 40.65793334500028, -0.6347221222154387
17.630583314299535, 40.642755871222725, -0.641666566659883
12.992921139942716, 40.62757839744519, -0.6486110111043274
8.361482984183578, 40.612400923667636, -0.6555554555487718
3.7362688470221244, 40.597223449890095, -0.6624998999932163
-0.8827212715416385, 40.58204597611255, -0.6694443444376609
-5.495487371507717, 40.566868502335, -0.6763887888821053
-10.102029452876101, 40.55169102855746, -0.6833332333265496
-14.70234751564681, 40.53651355477991, -0.690277677770994
-19.296441559819826, 40.52133608100236, -0.6972221222154387
-23.88431158539516, 40.506158607224805, -0.7041665666598831
-28.465957592372806, 40.490981133447264, -0.7111110111043275
-33.028596935294566, 40.39930820644082, -0.7180554555487719
-37.125568777431425, 39.61538966241078, -0.7249998999932163
-40.04276409457336, 37.22265470113571, -0.7319443444376608
-40.430271238337085, 32.71443520793195, -0.7388887888821052
-40.415093764559536, 28.13307155471311, -0.7458332333265496
-40.39991629078199, 23.55793192009195, -0.752777677770994
-40.38473881700445, 18.9890163040685, -0.7597221222154384
-40.369561343226906, 14.42632470664272, -0.766666566659883
-40.35438386944935, 9.869857127814633, -0.7736110111043274
-40.33920639567181, 5.31961356758422, -0.7805554555487718
-40.32402892189426, 0.7755940259515122, -0.7874998999932162
-40.30885144811672, -3.762201497083529, -0.7944443444376608
-40.29367397433917, -8.293773001520872, -0.8013887888821052
-40.278496500561616, -12.819120487360532, -0.8083332333265496
-40.263319026784075, -17.338243954602515, -0.815277677770994
-40.24814155300653, -21.8511434032468, -0.8222221222154384
-40.23296407922899, -26.357818833293415, -0.8291665666598829
-40.21778660545144, -30.85827024474232, -0.8361110111043273
-40.04511849267324, -35.326180426356046, -0.843055455548771
-38.46017298705528, -38.8687697495526, -0.8499998999932155
-34.59814389565469, -40.16763901086466, -0.8569443444376608
-30.09182106487158, -40.15707671034131, -0.8638887888821052
-25.591652023848326, -40.14189923656376, -0.8708332333265496
-21.09770700142277, -40.12672176278622, -0.8777776777709941
-16.60998599759487, -40.11154428900867, -0.8847221222154386
-12.12848901236467, -40.09636681523112, -0.8916665666598831
-7.653216045732144, -40.081189341453566, -0.8986110111043275
-3.1841670976973027, -40.066011867676025, -0.9055554555487719
1.2786578317398127, -40.05083439389848, -0.9124998999932163
5.735258742579282, -40.035656920120935, -0.9194443444376608
10.185635634821065, -40.02047944634339, -0.9263887888821052
14.62978850846515, -40.005301972565846, -0.9333332333265496
19.06771736351154, -39.9901244987883, -0.9402776777709941
23.499422199960257, -39.97494702501075, -0.9472221222154386
27.924903017811285, -39.9597695512332, -0.9541665666598831
32.34415981706462, -39.94459207745565, -0.9611110111043275
36.71734082070351, -39.69092877890568, -0.9680554555487719
39.666097083504056, -37.169549101552285, -0.9749998999932163
39.899059656123, -32.80082994929735, -0.9819443444376608
39.88388218234545, -28.375631468538426, -0.9888887888821052
39.868704708567904, -23.956657006377206, -0.9958332333265496
39.853527234790356, -19.543906562813646, -1.0027776777709942
39.838349761012815, -15.137380137847794, -1.0097221222154384
39.82317228723527, -10.737077731479632, -1.016666566659883
39.80799481345772, -6.342999343709102, -1.0236110111043275
39.79281733968018, -1.9551449745362701, -1.030555455548772
39.77763986590263, 2.426485376038838, -1.0374998999932163
39.76246239212509, 6.8018917080162575, -1.0444443444376608
39.74728491834754, 11.171074021395986, -1.0513887888821052
39.73210744456999, 15.53403231617809, -1.0583332333265496
39.71692997079244, 19.890766592362446, -1.0652776777709942
39.701752497014894, 24.241276849949173, -1.0722221222154384
39.68657502323735, 28.585563088938162, -1.079166566659883
39.67139754945981, 32.923625309329466, -1.0861110111043275
39.33671142663301, 37.202077002036326, -1.093055455548772
36.26009650797915, 39.6410426019047, -1.0999998999932163
36.26009650797914, 39.64104260190468, -1.0999998999932163
22.692096832146888, 39.59442288624143, -1.121739030427999
9.156528262862981, 39.54780317057818, -1.1434781608627815
-4.346609199872578, 39.50118345491492, -1.1652172912975642
-17.817315556059786, 39.45456373925167, -1.1869564217323467
-31.25559080569863, 39.40794402358841, -1.2086955521671294
-39.36132430792517, 32.620302665550064, -1.2304346826019117
-39.31470459226192, 19.153650197681397, -1.2521738130366944
-39.26808487659867, 5.719428836361083, -1.273912943471477
-39.221465160935416, -7.682361418410876, -1.2956520739062598
-39.17484544527217, -21.051720566634476, -1.3173912043410423
-39.128225729608914, -34.38864860830976, -1.3391303347758248
-29.0291554829436, -39.08160601394572, -1.3608694652106075
-15.663850223038523, -39.03498629828246, -1.3826085956453902
-2.3309760696817987, -38.988366582619214, -1.4043477260801729
10.969466977126565, -38.94174686695597, -1.4260868565149556
24.237478917386586, -38.89512715129271, -1.447825986949738
37.36410109081575, -38.196463840367706, -1.4695651173845206
38.80188771996619, -25.486654960159676, -1.4913042478193033
38.75526800430294, -12.2226969082182, -1.513043378254086
38.70864828863969, 1.0088300371748942, -1.5347825086888685
38.66202857297644, 14.207925876019734, -1.556521639123651
38.61540885731319, 27.37459060831617, -1.5782607695584339
35.18784304772437, 38.5687891416499, -1.5999998999932163
35.187843047724364, 38.56878914164988, -1.5999998999932163
21.992801097198125, 38.522169425986625, -1.621739030427999
8.830190253220232, 38.475549710323385, -1.6434781608627815
-4.299989484209309, 38.42892999466012, -1.665217291297564
-17.3977381150905, 38.382310278996876, -1.6869564217323467
-30.463055639423338, 38.335690563333614, -1.7086955521671294
-38.289070847670374, 31.64128863662177, -1.7304346826019117
-38.24245113200712, 18.54759389405912, -1.7521738130366944
-38.195831416343864, 5.486330258044818, -1.773912943471477
-38.149211700680624, -7.54250227142114, -1.7956520739062596
-38.10259198501737, -20.538903694338728, -1.8173912043410423
-38.055972269354115, -33.502874010708005, -1.8391303347758248
-28.143380885341806, -38.009352553690945, -1.8608694652106075
-15.151033350742743, -37.96273283802769, -1.8826085956453902
-2.191116922692042, -37.916113122364436, -1.9043477260801729
10.736368398810319, -37.86949340670119, -1.9260868565149556
23.63142261376433, -37.822873691037934, -1.947825986949738
36.38002136675895, -37.093895634542676, -1.9695651173845208
37.72963425971142, -24.694119793884376, -1.9913042478193033
37.68301454404817, -11.803119467248907, -2.013043378254086
37.63639482838492, 1.0554497528382045, -2.0347825086888682
37.58977511272167, 13.881587866377014, -2.056521639123651
37.54315539705841, 26.67529487336747, -2.078260769558434
34.11558958746959, 37.4965356813951, -2.0999998999932163
34.11558958746959, 37.496535681395095, -2.0999998999932163
21.293505362249363, 37.44991596573185, -2.121739030427999
8.503852243577482, 37.40329625006859, -2.1434781608627818
-4.253369768546053, 37.35667653440534, -2.165217291297564
-16.978160674121227, 37.31005681874208, -2.1869564217323467
-29.67052047314806, 37.26343710307883, -2.2086955521671294
-37.216817387415574, 30.66227460769347, -2.2304346826019112
-37.17019767175232, 17.941537590436834, -2.2521738130366944
-37.12357795608907, 5.253231679728545, -2.273912943471477
-37.076958240425824, -7.402643124431395, -2.2956520739062594
-37.03033852476257, -20.026086822042984, -2.317391204341042
-36.983718809099315, -32.61709941310623, -2.3391303347758248
-27.25760628774, -36.937099093436174, -2.360869465210608
-14.63821647844695, -36.89047937777292, -2.38260859564539
-2.0512577757022505, -36.843859662109665, -2.404347726080173
10.5032698204941, -36.79723994644642, -2.4260868565149556
23.025366310142104, -36.75062023078317, -2.447825986949738
35.395941642702105, -35.99132742871767, -2.4695651173845206
36.65738079945665, -23.901584627609115, -2.4913042478193033
36.61076108379339, -11.383542026279661, -2.513043378254086
36.56414136813014, 1.1020694685014418, -2.5347825086888687
36.51752165246689, 13.555249856734202, -2.556521639123651
36.47090193680364, 25.975999138418608, -2.5782607695584336
33.043336127214815, 36.4242822211403, -2.5999998999932163
33.043336127214815, 36.424282221140295, -2.5999998999932163
20.5942096273006, 36.37766250547704, -2.621739030427999
8.177514233934735, 36.33104278981379, -2.6434781608627818
-4.20675005288278, 36.28442307415054, -2.665217291297564
-16.558583233151946, 36.23780335848728, -2.686956421732347
-28.877985306872763, 36.19118364282403, -2.7086955521671294
-36.144563927160775, 29.68326057876517, -2.7304346826019117
-36.09794421149753, 17.33548128681455, -2.7521738130366944
-36.05132449583427, 5.020133101412267, -2.7739129434714767
-36.004704780171025, -7.262783977441649, -2.7956520739062594
-35.95808506450778, -19.513269949747233, -2.8173912043410425
-35.911465348844516, -31.73132481550446, -2.8391303347758248
-26.371831690138173, -35.8648456331814, -2.860869465210608
-14.12539960615113, -35.81822591751814, -2.88260859564539
-1.9113986287124498, -35.77160620185489, -2.904347726080173
10.270171242177875, -35.72498648619164, -2.9260868565149556
22.41931000651989, -35.678366770528385, -2.947825986949738
34.41186191864529, -34.88875922289265, -2.9695651173845206
35.58512733920187, -23.109049461333818, -2.9913042478193033
35.53850762353862, -10.963964585310354, -3.013043378254086
35.491887907875366, 1.1486891841647204, -3.0347825086888682
35.44526819221212, 13.228911847091496, -3.056521639123651
35.398648476548864, 25.276703403469842, -3.0782607695584336
31.971082666960033, 35.35202876088551, -3.0999998999932163
31.971082666960037, 35.352028760885496, -3.0999998999932163
19.894913892351834, 35.30540904522224, -3.121739030427999
7.851176224291979, 35.258789329558994, -3.1434781608627818
-4.16013033721953, 35.21216961389574, -3.165217291297564
-16.139005792182687, 35.16554989823248, -3.186956421732347
-28.085450140597487, 35.11893018256923, -3.2086955521671294
-35.07231046690599, 28.704246549836874, -3.2304346826019112
-35.025690751242735, 16.729424983192267, -3.252173813036694
-34.97907103557948, 4.787034523095998, -3.273912943471476
-34.93245131991624, -7.122924830451911, -3.2956520739062594
-34.885831604252985, -19.000453077451482, -3.3173912043410416
-34.83921188858973, -30.845550217902698, -3.3391303347758243
-25.486057092536388, -34.79259217292662, -3.360869465210608
-13.61258273385536, -34.74597245726336, -3.38260859564539
-1.7715394817226942, -34.69935274160011, -3.404347726080173
10.037072663861608, -34.65273302593686, -3.4260868565149556
21.813253702897597, -34.606113310273614, -3.447825986949738
33.42778219458839, -33.786191017067665, -3.4695651173845206
34.51287387894709, -22.316514295058607, -3.4913042478193033
34.466254163283836, -10.544387144341167, -3.5130433782540855
34.41963444762059, 1.1953088998278874, -3.5347825086888687
34.37301473195733, 12.902573837448635, -3.5565216391236514
34.326395016294086, 24.577407668521026, -3.5782607695584336
30.898829206705265, 34.27977530063071, -3.5999998999932163
30.898829206705265, 34.279775300630696, -3.5999998999932163
19.195618157403075, 34.23315558496745, -3.621739030427999
7.524838214649231, 34.186535869304194, -3.6434781608627818
-4.113510621556262, 34.13991615364094, -3.665217291297564
-15.71942835121341, 34.093296437977685, -3.6869564217323467
-27.292914974322198, 34.04667672231443, -3.7086955521671294
-34.00005700665119, 27.725232520908587, -3.7304346826019112
-33.953437290987935, 16.12336867956998, -3.752173813036694
-33.90681757532469, 4.5539359447797345, -3.773912943471476
-33.86019785966143, -6.9830656834621685, -3.7956520739062594
-33.813578143998186, -18.48763620515572, -3.817391204341042
-33.76695842833493, -29.95977562030093, -3.8391303347758248
-24.600282494934607, -33.72033871267185, -3.8608694652106075
-13.099765861559584, -33.673718997008585, -3.88260859564539
-1.6316803347329298, -33.62709928134533, -3.904347726080173
9.803974085545386, -33.58047956568208, -3.9260868565149556
21.207197399275344, -33.53385985001883, -3.947825986949738
32.443702470531605, -32.68362281124264, -3.9695651173845206
33.44062041869231, -21.52397912878328, -3.9913042478193033
33.394000703029064, -10.12480970337187, -4.0130433782540855
33.34738098736582, 1.2419286154912077, -4.034782508688869
33.30076127170256, 12.576235827805968, -4.056521639123651
33.254141556039315, 23.8781119335723, -4.078260769558434
29.82657574645048, 33.20752184037592, -4.099999899993216
29.82657574645048, 33.2075218403759, -4.099999899993216
18.496322422454302, 33.16090212471265, -4.1217390304279995
7.198500205006478, 33.114282409049395, -4.143478160862782
-4.066890905893001, 33.06766269338614, -4.165217291297564
-15.299850910244132, 33.021042977722885, -4.186956421732346
-26.500379808046915, 32.97442326205963, -4.208695552167129
-32.92780354639639, 26.746218491980294, -4.230434682601912
-32.881183830733136, 15.5173123759477, -4.252173813036695
-32.83456411506989, 4.320837366463465, -4.273912943471477
-32.78794439940663, -6.843206536472433, -4.295652073906259
-32.741324683743386, -17.974819332859976, -4.3173912043410425
-32.69470496808013, -29.074001022699164, -4.339130334775824
-23.714507897332805, -32.64808525241706, -4.360869465210608
-12.586948989263808, -32.60146553675381, -4.38260859564539
-1.4918211877431404, -32.55484582109055, -4.404347726080173
9.570875507229161, -32.508226105427305, -4.426086856514956
20.601141095653105, -32.46160638976405, -4.447825986949738
31.459622746474764, -31.581054605417627, -4.469565117384521
32.36836695843754, -20.73144396250798, -4.491304247819303
32.321747242774286, -9.705232262402596, -4.5130433782540855
32.27512752711104, 1.288548331154474, -4.534782508688869
32.228507811447784, 12.249897818163173, -4.556521639123651
32.18188809578454, 23.178816198623515, -4.578260769558433
28.75432228619571, 32.13526838012112, -4.599999899993216
28.75432228619571, 32.135268380121104, -4.599999899993216
17.797026687505543, 32.08864866445785, -4.621739030427999
6.872162195363724, 32.0420289487946, -4.643478160862782
-4.020271190229745, 31.995409233131348, -4.665217291297564
-14.880273469274861, 31.94878951746809, -4.686956421732347
-25.70784464177164, 31.90216980180484, -4.708695552167129
-31.85555008614159, 25.767204463051996, -4.730434682601911
-31.808930370478343, 14.911256072325411, -4.752173813036694
-31.76231065481509, 4.087738788147195, -4.773912943471476
-31.71569093915184, -6.703347389482696, -4.795652073906259
-31.669071223488586, -17.462002460564225, -4.8173912043410425
-31.615607456397996, -28.187082761269004, -4.839130334775825
-22.82873329973102, -31.57583179216229, -4.860869465210607
-12.074132116968048, -31.52921207649903, -4.88260859564539
-1.3519620407533848, -31.48259236083578, -4.904347726080173
9.337776928912895, -31.43597264517253, -4.926086856514956
19.995084792030823, -31.389352929509275, -4.947825986949738
30.46544918209664, -30.468392559271393, -4.969565117384521
31.296113498182763, -19.93890879623273, -4.991304247819303
31.249493782519508, -9.285654821433328, -5.013043378254086
31.202874066856257, 1.3351680468176834, -5.034782508688868
31.156254351193006, 11.923559808520373, -5.056521639123651
31.109634635529755, 22.479520463674746, -5.078260769558434
27.682068825940927, 31.063014919866323, -5.099999899993216
27.68206882594093, 31.063014919866305, -5.099999899993216
17.09773095255678, 31.016395204203054, -5.1217390304279995
6.545824185720976, 30.9697754885398, -5.143478160862782
-3.9736514745664775, 30.923155772876544, -5.165217291297564
-14.460696028305584, 30.87653605721329, -5.186956421732347
-24.915309475496343, 30.82991634155004, -5.208695552167129
-30.7832966258868, 24.788190434123706, -5.230434682601911
-30.736676910223544, 14.30519976870314, -5.252173813036694
-30.690057194560293, 3.854640209830936, -5.273912943471476
-30.643437478897045, -6.563488242492932, -5.295652073906259
-30.596817763233794, -16.94918558826845, -5.317391204341042
-30.506891045068336, -27.295215082885605, -5.339130334775826
-21.942958702129236, -30.503578331907512, -5.360869465210607
-11.561315244672265, -30.456958616244258, -5.38260859564539
-1.2121028937636378, -30.41033890058101, -5.404347726080173
9.104678350596634, -30.363719184917755, -5.426086856514956
19.389028488408556, -30.3170994692545, -5.447825986949738
29.435041585262965, -29.319496480669567, -5.469565117384521
30.22386003792798, -19.1463736299575, -5.491304247819304
30.17724032226473, -8.866077380464116, -5.5130433782540855
30.13062060660148, 1.3817877624809343, -5.534782508688869
30.084000890938228, 11.597221798877618, -5.556521639123652
30.037381175274977, 21.780224728725955, -5.578260769558434
26.609815365686153, 29.990761459611527, -5.599999899993216
26.609815365686153, 29.990761459611512, -5.599999899993216
16.398435217608014, 29.94414174394826, -5.6217390304279995
6.219486176078223, 29.897522028285007, -5.643478160862782
-3.927031758903219, 29.850902312621752, -5.665217291297564
-14.041118587336312, 29.804282596958497, -5.686956421732347
-24.122774309221064, 29.757662881295243, -5.70869555216713
-29.711043165632, 23.809176405195416, -5.730434682601911
-29.664423449968748, 13.699143465080862, -5.752173813036694
-29.617803734305497, 3.6215416315146642, -5.773912943471476
-29.571184018642242, -6.423629095503188, -5.795652073906259
-29.524564302978995, -16.436368715972698, -5.817391204341042
-29.37400809367308, -26.399309095026688, -5.839130334775825
-21.057184104527444, -29.431324871652738, -5.860869465210608
-11.048498372376486, -29.38470515598948, -5.88260859564539
-1.0722437467738768, -29.338085440326232, -5.904347726080173
8.871579772280388, -29.29146572466298, -5.926086856514956
18.7829721847863, -29.244846008999723, -5.947825986949738
28.393102870578424, -28.159069284216862, -5.969565117384521
29.151606577673206, -18.35383846368223, -5.991304247819304
29.104986862009955, -8.446499939494881, -6.0130433782540855
29.058367146346704, 1.428407478144171, -6.034782508688869
29.011747430683453, 11.27088378923487, -6.056521639123651
28.965127715020202, 21.08092899377717, -6.078260769558433
25.537561905431403, 28.918507999356716, -6.099999899993216
25.53756190543138, 28.918507999356713, -6.099999899993216
15.699139482659254, 28.871888283693462, -6.121739030427999
5.893148166435475, 28.825268568030207, -6.143478160862783
-3.880412043239955, 28.778648852366953, -6.165217291297564
-13.621541146367036, 28.732029136703698, -6.186956421732346
-23.33023914294577, 28.685409421040447, -6.20869555216713
-28.638789705377203, 22.830162376267115, -6.23043468260191
-28.592169989713952, 13.093087161458579, -6.252173813036694
-28.5455502740507, 3.3884430531983867, -6.273912943471476
-28.49893055838745, -6.283769948513456, -6.295652073906259
-28.4523108427242, -15.923551843676943, -6.3173912043410425
-28.241125142277816, -25.50340310716777, -6.339130334775826
-20.17140950692565, -28.359071411397963, -6.360869465210607
-10.535681500080706, -28.31245169573471, -6.38260859564539
-0.9323845997841171, -28.265831980071454, -6.404347726080173
8.638481193964136, -28.219212264408203, -6.426086856514956
18.17691588116404, -28.17259254874495, -6.447825986949738
27.35116415589388, -26.998642087764154, -6.469565117384521
28.079353117418428, -17.561303297406955, -6.491304247819303
28.032733401755177, -8.026922498525598, -6.5130433782540855
27.986113686091926, 1.475027193807398, -6.534782508688869
27.939493970428675, 10.944545779592064, -6.556521639123651
27.892874254765424, 20.381633258828376, -6.578260769558434
24.465308445176596, 27.84625453910193, -6.599999899993216
24.465308445176596, 27.846254539101917, -6.599999899993216
14.99984374771048, 27.799634823438666, -6.6217390304279995
5.566810156792716, 27.75301510777541, -6.643478160862782
-3.8337923275767007, 27.706395392112157, -6.665217291297564
-13.20196370539777, 27.659775676448902, -6.686956421732347
-22.537703976670482, 27.61315596078565, -6.70869555216713
-27.566536245122407, 21.85114834733882, -6.730434682601911
-27.519916529459156, 12.487030857836302, -6.752173813036693
-27.473296813795905, 3.1553444748821278, -6.773912943471476
-27.426677098132654, -6.143910801523704, -6.795652073906259
-27.380057382469403, -15.410734971381174, -6.8173912043410425
-27.108242190882557, -24.60749711930884, -6.839130334775826
-19.285634909323882, -27.286817951143185, -6.860869465210607
-10.02286462778495, -27.24019823547993, -6.88260859564539
-0.7925254527943668, -27.193578519816676, -6.904347726080173
8.405382615647873, -27.146958804153428, -6.9260868565149565
17.570859577541746, -27.10033908849017, -6.947825986949738
26.309225441209325, -25.83821489131148, -6.96956511738452
27.007099657163653, -16.768768131131697, -6.991304247819303
26.960479941500402, -7.607345057556346, -7.0130433782540855
26.91386022583715, 1.5216469094706302, -7.034782508688869
26.8672405101739, 10.618207769949263, -7.056521639123651
26.82062079451065, 19.6823375238796, -7.078260769558434
23.393054984921818, 26.774001078847135, -7.099999899993216
23.393054984921825, 26.77400107884712, -7.099999899993216
14.300548012761727, 26.72738136318387, -7.1217390304279995
5.2404721471499744, 26.680761647520615, -7.143478160862782
-3.787172611913427, 26.634141931857357, -7.165217291297564
-12.78238626442848, 26.587522216194106, -7.186956421732346
-21.74516881039519, 26.540902500530855, -7.20869555216713
-26.494282784867607, 20.872134318410545, -7.230434682601911
-26.44766306920436, 11.880974554214031, -7.252173813036693
-26.40104335354111, 2.9222458965658697, -7.273912943471476
-26.354423637877858, -6.0040516545339475, -7.2956520739062585
-26.307803922214607, -14.897918099085409, -7.317391204341042
-25.975359239487297, -23.711591131449914, -7.339130334775825
-18.399860311722087, -26.214564490888407, -7.360869465210608
-9.51004775548917, -26.167944775225152, -7.38260859564539
-0.6526663058045841, -26.1213250595619, -7.404347726080173
8.172284037331632, -26.07470534389865, -7.426086856514955
16.964803273919507, -26.028085628235395, -7.447825986949738
25.267286726524794, -24.677787694858743, -7.469565117384521
25.934846196908875, -15.976232964856429, -7.491304247819303
25.888226481245624, -7.187767616587083, -7.513043378254086
25.841606765582373, 1.5682666251338853, -7.534782508688869
25.794987049919122, 10.291869760306506, -7.556521639123651
25.74836733425587, 18.98304178893081, -7.578260769558433
22.32080152466704, 25.701747618592336, -7.599999899993216
22.320801524667047, 25.701747618592325, -7.599999899993216
13.601252277812959, 25.655127902929074, -7.621739030427999
4.914134137507217, 25.60850818726582, -7.643478160862782
-3.740552896250172, 25.561888471602565, -7.665217291297564
-12.362808823459215, 25.51526875593931, -7.686956421732347
-20.952633644119913, 25.46864904027606, -7.708695552167129
-25.422029324612815, 19.89312028948224, -7.73043468260191
-25.375409608949564, 11.27491825059174, -7.752173813036693
-25.328789893286313, 2.689147318249593, -7.773912943471475
-25.282170177623062, -5.864192507544206, -7.795652073906258
-25.23555046195981, -14.385101226789658, -7.817391204341042
-24.842476288092037, -22.815685143590997, -7.839130334775826
-17.51408571412029, -25.14231103063363, -7.860869465210608
-8.997230883193382, -25.095691314970374, -7.88260859564539
-0.5128071588148164, -25.04907159930712, -7.904347726080173
7.9391854590153885, -25.00245188364387, -7.926086856514955
16.358746970297247, -24.955832167980617, -7.947825986949738
24.22534801184025, -23.51736049840604, -7.969565117384521
24.8625927366541, -15.18369779858115, -7.991304247819303
24.81597302099085, -6.768190175617816, -8.013043378254086
24.769353305327595, 1.614886340797143, -8.034782508688869
24.722733589664344, 9.965531750663752, -8.056521639123652
24.676113874001093, 18.283746053982043, -8.078260769558433
21.24854806441227, 24.629494158337543, -8.099999899993216
21.24854806441227, 24.62949415833753, -8.099999899993216
12.901956542864193, 24.582874442674278, -8.121739030428
4.587796127864467, 24.536254727011023, -8.143478160862783
-3.693933180586911, 24.48963501134777, -8.165217291297564
-11.943231382489941, 24.44301529568451, -8.186956421732347
-20.160098477844627, 24.396395580021263, -8.20869555216713
-24.349775864358016, 18.91410626055395, -8.23043468260191
-24.303156148694768, 10.66886194696946, -8.252173813036693
-24.256536433031513, 2.4560487399333244, -8.273912943471476
-24.209916717368266, -5.724333360554469, -8.295652073906258
-24.16329700170501, -13.872284354493914, -8.31739120434104
-23.70959333669677, -21.919779155732087, -8.339130334775826
-16.62831111651849, -24.07005757037885, -8.360869465210607
-8.484414010897597, -24.0234378547156, -8.38260859564539
-0.3729480118250436, -23.976818139052348, -8.404347726080173
7.706086880699161, -23.930198423389093, -8.426086856514955
15.752690666675, -23.88357870772584, -8.447825986949738
23.18340929715571, -22.356933301953323, -8.469565117384521
23.790339276399322, -14.391162632305877, -8.491304247819304
23.743719560736075, -6.348612734648576, -8.513043378254086
23.69709984507282, 1.6615060564603983, -8.534782508688869
23.65048012940957, 9.639193741020975, -8.556521639123652
23.603860413746318, 17.584450319033255, -8.578260769558435
20.17629460415749, 23.557240698082744, -8.599999899993216
20.176294604157498, 23.55724069808273, -8.599999899993216
12.202660807915434, 23.51062098241948, -8.621739030428
4.26145811822172, 23.46400126675622, -8.643478160862783
-3.6473134649236463, 23.41738155109297, -8.665217291297564
-11.523653941520665, 23.370761835429715, -8.686956421732347
-19.367563311569338, 23.324142119766464, -8.70869555216713
-23.277522404103223, 17.935092231625653, -8.73043468260191
-23.23090268843997, 10.062805643347179, -8.752173813036693
-23.18428297277672, 2.2229501616170517, -8.773912943471476
-23.137663257113466, -5.584474213564729, -8.795652073906258
-23.091043541450215, -13.35946748219816, -8.81739120434104
-22.57671038530151, -21.02387316787317, -8.839130334775824
-15.742536518916694, -22.99780411012408, -8.860869465210609
-7.971597138601809, -22.95118439446082, -8.88260859564539
-0.23308886483528374, -22.90456467879757, -8.904347726080173
7.472988302382898, -22.857944963134322, -8.926086856514956
15.146634363052737, -22.811325247471064, -8.947825986949738
22.141470582471165, -21.19650610550061, -8.969565117384521
22.71808581614455, -13.5986274660306, -8.991304247819304
22.671466100481297, -5.929035293679334, -9.013043378254086
22.624846384818042, 1.7081257721236338, -9.034782508688869
22.578226669154795, 9.312855731378221, -9.05652163912365
22.531606953491544, 16.88515458408446, -9.078260769558433
19.104041143902712, 22.484987237827948, -9.099999899993216
19.10404114390272, 22.484987237827934, -9.099999899993216
11.50336507296667, 22.43836752216468, -9.121739030428
3.9351201085789667, 22.391747806501428, -9.143478160862783
-3.600693749260383, 22.345128090838173, -9.165217291297564
-11.104076500551386, 22.29850837517492, -9.186956421732347
-18.57502814529404, 22.251888659511668, -9.208695552167129
-22.205268943848424, 16.956078202697366, -9.23043468260191
-22.158649228185176, 9.45674933972491, -9.252173813036693
-22.11202951252192, 1.9898515833007955, -9.273912943471476
-22.06540979685867, -5.444615066574974, -9.29565207390626
-22.01879008119542, -12.846650609902381, -9.317391204341043
-21.44382743390625, -20.12796718001423, -9.339130334775824
-14.85676192131492, -21.9255506498693, -9.360869465210609
-7.458780266306043, -21.878930934206046, -9.38260859564539
-0.09322971784553827, -21.83231121854279, -9.404347726080173
7.239889724066632, -21.78569150287954, -9.426086856514956
14.540578059430462, -21.739071787216286, -9.447825986949738
21.09953186778662, -20.036078909047916, -9.469565117384521
21.645832355889773, -12.80609229975532, -9.491304247819304
21.59921264022652, -5.509457852710068, -9.513043378254086
21.55259292456327, 1.754745487786867, -9.534782508688867
21.50597320890002, 8.986517721735447, -9.556521639123652
21.459353493236765, 16.18585884913568, -9.578260769558433
18.031787683647938, 21.41273377757315, -9.599999899993216
18.031787683647945, 21.412733777573138, -9.599999899993216
10.804069338017909, 21.366114061909887, -9.621739030428
3.6087820989362207, 21.31949434624663, -9.643478160862783
-3.5540740335971193, 21.27287463058338, -9.665217291297562
-10.684499059582109, 21.22625491492012, -9.686956421732347
-17.780098753762125, 21.165307386854018, -9.70869555216713
-21.13301548359363, 15.977064173769076, -9.73043468260191
-21.08639576793038, 8.850693036102633, -9.752173813036693
-21.03977605226713, 1.7567530049845312, -9.773912943471476
-20.993156336603874, -5.304755919585228, -9.795652073906258
-20.946536620940627, -12.333833737606623, -9.81739120434104
-20.310944482510997, -19.2320611921553, -9.839130334775826
-13.97098732371313, -20.853297189614523, -9.860869465210607
-6.945963394010265, -20.806677473951268, -9.88260859564539
0.04662942914422655, -20.760057758288013, -9.904347726080173
7.006791145750391, -20.713438042624766, -9.926086856514956
13.934521755808209, -20.66681832696151, -9.947825986949738
20.057593153102076, -18.875651712595207, -9.969565117384521
20.57357889563499, -12.013557133480054, -9.991304247819304
20.52695917997174, -5.0898804117408005, -10.013043378254086
20.48033946430849, 1.8013652034501222, -10.034782508688869
20.433719748645238, 8.660179712092697, -10.056521639123652
20.387100032981987, 15.486563114186895, -10.078260769558435
16.95953422339316, 20.340480317318352, -10.099999899993216
16.959534223393163, 20.34048031731834, -10.099999899993216
10.10477360306914, 20.29386060165509, -10.121739030428
3.2824440892934645, 20.247240885991836, -10.14347816086278
-3.5074543179338633, 20.20062117032858, -10.165217291297564
-10.26492161861284, 20.154001454665327, -10.186956421732347
-16.975640662348702, 20.02170331570749, -10.208695552167132
-20.06076202333883, 14.998050144840773, -10.23043468260191
-20.014142307675584, 8.244636732480343, -10.252173813036693
-19.96752259201233, 1.5236544266682572, -10.273912943471474
-19.920902876349082, -5.1648967725954815, -10.295652073906258
-19.874283160685827, -11.821016865310868, -10.31739120434104
-19.17806153111573, -18.336155204296382, -10.339130334775824
-13.085212726111338, -19.781043729359745, -10.360869465210609
-6.433146521714485, -19.73442401369649, -10.38260859564539
0.18648857613400974, -19.68780429803324, -10.404347726080173
6.773692567434148, -19.641184582369988, -10.426086856514956
13.328465452185945, -19.594564866706733, -10.447825986949738
19.01565443841753, -17.71522451614251, -10.469565117384521
19.501325435380213, -11.221021967204814, -10.491304247819304
19.454705719716962, -4.670302970771556, -10.513043378254086
19.40808600405371, 1.8479849191133446, -10.534782508688869
19.36146628839046, 8.333841702449886, -10.55652163912365
19.31484657272721, 14.787267379238104, -10.578260769558433
15.887280763138383, 19.268226857063556, -10.599999899993216
15.887280763138392, 19.268226857063546, -10.599999899993216
9.40547786812038, 19.221607141400295, -10.621739030428
2.95610607965072, 19.174987425737037, -10.643478160862783
-3.4608346022705927, 19.128367710073785, -10.665217291297564
-9.845344177643558, 19.08174799441053, -10.686956421732347
-16.167908410687684, 18.858505618742008, -10.708695552167132
-18.98850856308404, 14.019036115912488, -10.73043468260191
-18.94188884742079, 7.638580428858061, -10.752173813036693
-18.895269131757534, 1.2905558483519968, -10.773912943471476
-18.848649416094286, -5.0250376256057265, -10.795652073906258
-18.80202970043103, -11.308199993015105, -10.81739120434104
-18.04517857972047, -17.440249216437458, -10.839130334775824
-12.199438128509547, -18.70879026910497, -10.860869465210609
-5.920329649418708, -18.662170553441715, -10.88260859564539
0.32634772312378124, -18.615550837778464, -10.904347726080172
6.5405939891179, -18.568931122115213, -10.926086856514956
12.722409148563695, -18.52231140645196, -10.947825986949738
17.973715723732987, -16.554797319689804, -10.96956511738452
18.42907197512544, -10.428486800929536, -10.991304247819304
18.382452259462188, -4.250725529802306, -11.013043378254086
18.335832543798936, 1.8946046347765955, -11.034782508688869
18.289212828135685, 8.007503692807136, -11.056521639123652
18.242593112472434, 14.087971644289313, -11.078260769558433
14.815027302883607, 18.19597339680876, -11.099999899993216
14.815027302883614, 18.195973396808746, -11.099999899993216
8.706182133171616, 18.14935368114549, -11.121739030428
2.6297680700079633, 18.10273396548224, -11.143478160862783
-3.4142148866073394, 18.056114249818986, -11.165217291297564
-9.42576673667429, 18.00949453415573, -11.186956421732347
-15.360176159026675, 17.695307921776518, -11.20869555216713
-17.91625510282924, 13.040022086984191, -11.230434682601908
-17.86963538716599, 7.032524125235785, -11.252173813036693
-17.823015671502738, 1.0574572700357265, -11.273912943471476
-17.776395955839487, -4.885178478615982, -11.295652073906258
-17.729776240176236, -10.795383120719343, -11.31739120434104
-16.912295628325204, -16.54434322857853, -11.339130334775827
-11.313663530907746, -17.636536808850195, -11.360869465210607
-5.407512777122932, -17.589917093186937, -11.38260859564539
0.4662068701135329, -17.543297377523686, -11.404347726080173
6.307495410801652, -17.49667766186044, -11.426086856514955
12.11635284494142, -17.45005794619718, -11.447825986949738
16.93177700904844, -15.394370123237112, -11.469565117384521
17.35681851487066, -9.635951634654289, -11.491304247819302
17.31019879920741, -3.8311480888330594, -11.513043378254087
17.26357908354416, 1.941224350439813, -11.534782508688869
17.216959367880907, 7.681165683164343, -11.55652163912365
17.170339652217656, 13.38867590934051, -11.578260769558435
13.74277384262883, 17.12371993655396, -11.599999899993216
13.742773842628836, 17.123719936553954, -11.599999899993216
8.006886398222852, 17.077100220890703, -11.621739030428
2.3034300603652174, 17.030480505227448, -11.643478160862783
-3.367595170944072, 16.983860789564194, -11.665217291297564
-9.006189295705006, 16.93724107390094, -11.686956421732347
-14.552443907365653, 16.532110224811028, -11.708695552167132
-16.844001642574447, 12.061008058055904, -11.73043468260191
-16.797381926911196, 6.426467821613516, -11.752173813036693
-16.750762211247945, 0.8243586917194694, -11.773912943471476
-16.70414249558469, -4.745319331626226, -11.795652073906258
-16.65752277992144, -10.282566248423574, -11.817391204341043
-15.77941267692994, -15.648437240719613, -11.839130334775827
-10.42788893330596, -16.564283348595414, -11.860869465210609
-4.894695904827163, -16.517663632932162, -11.88260859564539
0.6060660171032941, -16.471043917268908, -11.904347726080172
6.0743968324854, -16.424424201605657, -11.926086856514956
11.510296541319164, -16.377804485942402, -11.947825986949738
15.889838294363894, -14.233942926784408, -11.969565117384521
16.284565054615886, -8.843416468379019, -11.991304247819304
16.237945338952635, -3.411570647863793, -12.013043378254086
16.191325623289384, 1.9878440661030579, -12.034782508688869
16.144705907626133, 7.354827673521586, -12.056521639123652
16.09808619196288, 12.689380174391765, -12.078260769558433
12.670520382374068, 16.05146647629916, -12.099999899993216
12.670520382374058, 16.051466476299154, -12.099999899993216
7.307590663274084, 16.004846760635903, -12.121739030428
1.9770920507224605, 15.958227044972647, -12.143478160862783
-3.3209754552808137, 15.911607329309394, -12.165217291297564
-8.586611854735741, 15.864987613646143, -12.186956421732347
-13.74471165570465, 15.368912527845534, -12.20869555216713
-15.771748182319648, 11.081994029127605, -12.23043468260191
-15.725128466656397, 5.820411517991223, -12.252173813036693
-15.678508750993146, 0.5912601134031867, -12.273912943471476
-15.631889035329891, -4.605460184636495, -12.295652073906258
-15.58526931966664, -9.76974937612783, -12.317391204341043
-14.5928994180558, -14.69890094538182, -12.339130334775824
-9.542114335704165, -15.492029888340635, -12.360869465210609
-4.38187903253138, -15.445410172677382, -12.382608595645392
0.745925164093067, -15.398790457014131, -12.404347726080175
5.841298254169159, -15.352170741350879, -12.426086856514956
10.904240237696907, -15.305551025687626, -12.44782598694974
14.84789957967935, -13.073515730331696, -12.469565117384521
15.212311594361108, -8.05088130210374, -12.491304247819304
15.165691878697857, -2.9919932068945374, -12.513043378254087
15.119072163034605, 2.034463781766314, -12.53478250868887
15.072452447371354, 7.028489663878821, -12.556521639123654
14.913436085417652, 11.971302584841421, -12.578260769558433
11.598266922119276, 14.979213016044369, -12.599999899993216
11.59826692211928, 14.979213016044357, -12.599999899993216
6.6082949283253205, 14.932593300381106, -12.621739030428
1.6507540410797095, 14.885973584717851, -12.64347816086278
-3.2743557396175538, 14.839353869054598, -12.665217291297564
-8.167034413766466, 14.792734153391345, -12.686956421732347
-12.936979404043642, 14.205714830880039, -12.708695552167132
-14.69949472206485, 10.102980000199299, -12.73043468260191
-14.652875006401597, 5.21435521436893, -12.752173813036693
-14.606255290738346, 0.3581615350869094, -12.773912943471474
-14.559635575075095, -4.4656010376467625, -12.795652073906258
-14.513015859411842, -9.256932503832083, -12.817391204341043
-13.346167294344042, -13.689145785206406, -12.839130334775826
-8.656339738102371, -14.419776428085859, -12.860869465210607
-3.8690621602355995, -14.373156712422606, -12.88260859564539
0.885784311082835, -14.326536996759355, -12.904347726080172
5.608199675852918, -14.279917281096102, -12.926086856514956
10.298183934074641, -14.23329756543285, -12.947825986949738
13.805960864994802, -11.913088533879009, -12.96956511738452
14.140058134106333, -7.2583461358284875, -12.991304247819302
14.093438418443082, -2.5724157659252964, -13.013043378254084
14.04681870277983, 2.081083497429535, -13.034782508688867
14.00019898711658, 6.702151654236028, -13.056521639123648
13.720086834078588, 11.251771339171782, -13.078260769558435
10.526013461864515, 13.906959555789562, -13.099999899993216
10.526013461864501, 13.90695955578956, -13.099999899993216
5.908999193376553, 13.86033984012631, -13.121739030428
1.324416031436954, 13.813720124463055, -13.143478160862783
-3.227736023954297, 13.767100408799802, -13.165217291297564
-7.747456972797197, 13.72048069313655, -13.186956421732347
-12.129247152382625, 13.04251713391455, -13.208695552167132
-13.627241261810054, 9.123965971271012, -13.23043468260191
-13.580621546146801, 4.608298910746653, -13.252173813036691
-13.53400183048355, 0.1250629567706455, -13.273912943471476
-13.4873821148203, -4.325741890657017, -13.29565207390626
-13.440762399157046, -8.74411563153633, -13.317391204341043
-12.09756636169338, -12.6775218160921, -13.339130334775824
-7.77056514050058, -13.347522967831084, -13.360869465210607
-3.3562452879398132, -13.300903252167831, -13.38260859564539
1.0256434580726141, -13.25428353650458, -13.404347726080172
5.375101097536685, -13.207663820841326, -13.426086856514955
9.69008989917787, -13.148849667187061, -13.447825986949738
12.764022150310263, -10.752661337426286, -13.46956511738452
13.067804673851557, -6.465810969553214, -13.491304247819302
13.021184958188304, -2.1528383249560306, -13.513043378254086
12.974565242525054, 2.127703213092803, -13.534782508688869
12.927945526861802, 6.3758136445932765, -13.556521639123652
12.526574391542887, 10.532212823708695, -13.578260769558433
9.453760001609723, 12.834706095534774, -13.599999899993216
9.453760001609723, 12.834706095534761, -13.599999899993218
5.209703458427788, 12.78808637987151, -13.621739030428001
0.9980780217942027, 12.741466664208255, -13.643478160862784
-3.1811163082910343, 12.694846948545003, -13.665217291297566
-7.327879531827921, 12.64822723288175, -13.686956421732347
-11.321514900721612, 11.879319436949054, -13.708695552167132
-12.554987801555258, 8.144951942342722, -13.73043468260191
-12.508368085892005, 4.002242607124373, -13.752173813036691
-12.461748370228754, -0.10803562154562141, -13.773912943471476
-12.415128654565503, -4.185882743667267, -13.795652073906258
-12.368508938902252, -8.23129875924057, -13.817391204341043
-10.84896542904273, -11.665897846977785, -13.839130334775824
-6.884790542898791, -12.275269507576308, -13.860869465210609
-2.8434284156440395, -12.228649791913055, -13.88260859564539
1.1655026050623705, -12.182030076249802, -13.904347726080173
5.142002519220425, -12.135410360586551, -13.926086856514955
9.06552227898013, -11.965818547023462, -13.947825986949738
11.722083435625718, -9.592234140973588, -13.969565117384521
11.99555121359678, -5.673275803277951, -13.991304247819304
11.948931497933527, -1.7332608839867893, -14.013043378254086
11.902311782270276, 2.1743229287560353, -14.034782508688869
11.855692066607025, 6.049475634950498, -14.05652163912365
