37.01166571329239, 42.512605906405064, -0.09999989999321635
33.31049917196315, 42.512605906405064, -0.09999989999321635
29.609332630633908, 42.512605906405064, -0.09999989999321635
25.90816608930467, 42.512605906405064, -0.09999989999321635
22.20699954797543, 42.512605906405064, -0.09999989999321635
18.505833006646192, 42.512605906405064, -0.09999989999321635
14.804666465316952, 42.51260590640506, -0.09999989999321635
11.103499923987716, 42.51260590640506, -0.09999989999321635
7.4023333826584725, 42.51260590640506, -0.09999989999321635
3.7011668413292327, 42.51260590640506, -0.09999989999321635
2.9999999640040187e-07, 42.51260590640506, -0.09999989999321635
-3.701166241329247, 42.51260590640506, -0.09999989999321635
-7.402332782658483, 42.51260590640506, -0.09999989999321635
-11.10349932398772, 42.51260590640506, -0.09999989999321635
-14.804665865316956, 42.51260590640506, -0.09999989999321635
-18.5058324066462, 42.51260590640506, -0.09999989999321635
-22.206998947975443, 42.51260590640506, -0.09999989999321635
-25.90816548930468, 42.51260590640506, -0.09999989999321635
-29.609332030633915, 42.51260590640505, -0.09999989999321635
-33.310498571963144, 42.51260590640505, -0.09999989999321635
-37.0116651132924, 42.51260590640505, -0.09999989999321635
-37.0116651132924, 42.51260590640505, -0.09999989999321632
-37.45886241519033, 42.50320897942222, -0.09999989999321632
-37.90509471717356, 42.47351077756913, -0.09999989999321632
-38.349215407361214, 42.420987973768234, -0.09999989999321632
-38.789469220758114, 42.34275851540025, -0.09999989999321632
-39.22349256169102, 42.23557390124555, -0.09999989999321632
-39.64823433740993, 42.09582737930506, -0.09999989999321632
-40.05935541981641, 41.91994643450341, -0.09999989999321632
-40.45138808652715, 41.70479322294502, -0.09999989999321632
-40.81792587535547, 41.44849782194232, -0.09999989999321632
-41.152377473885096, 41.15148303303957, -0.09999989999321632
-41.44927682150767, 40.816936740360354, -0.09999989999321632
-41.7054224490488, 40.45037169192717, -0.09999989999321632
-41.92047766620882, 40.05825866003322, -0.09999989999321632
-42.09623877180461, 39.6471384370037, -0.09999989999321632
-42.23584172370083, 39.22255483250985, -0.09999989999321632
-42.34291922652173, 38.78870571991208, -0.09999989999321632
-42.42107282867653, 38.34863635215772, -0.09999989999321632
-42.47354623711168, 37.90470617365187, -0.09999989999321632
-42.50321733442561, 37.45866748267651, -0.09999989999321632
-42.51260590640505, 37.01166511329237, -0.09999989999321632
-42.51260590640506, 37.01166571329237, -0.09999989999321635
-42.51260590640506, 33.31049917196313, -0.09999989999321635
-42.51260590640506, 29.609332630633894, -0.09999989999321635
-42.51260590640506, 25.908166089304654, -0.09999989999321635
-42.51260590640506, 22.206999547975414, -0.09999989999321635
-42.51260590640506, 18.505833006646174, -0.09999989999321635
-42.51260590640506, 14.804666465316934, -0.09999989999321635
-42.51260590640506, 11.103499923987695, -0.09999989999321635
-42.51260590640506, 7.402333382658455, -0.09999989999321635
-42.51260590640506, 3.7011668413292114, -0.09999989999321635
-42.51260590640506, 2.999999750841198e-07, -0.09999989999321635
-42.51260590640506, -3.7011662413292683, -0.09999989999321635
-42.51260590640506, -7.402332782658505, -0.09999989999321635
-42.51260590640506, -11.103499323987748, -0.09999989999321635
-42.51260590640506, -14.804665865316984, -0.09999989999321635
-42.51260590640506, -18.50583240664622, -0.09999989999321635
-42.51260590640506, -22.206998947975464, -0.09999989999321635
-42.51260590640506, -25.9081654893047, -0.09999989999321635
-42.51260590640506, -29.60933203063395, -0.09999989999321635
-42.51260590640506, -33.31049857196318, -0.09999989999321635
-42.51260590640506, -37.01166511329242, -0.09999989999321635
-42.51260590640508, -37.011665113292416, -0.09999989999321632
-42.50320897943753, -37.458862415190936, -0.09999989999321632
-42.47351077759062, -37.90509471717363, -0.09999989999321632
-42.42098797378815, -38.34921540736101, -0.09999989999321632
-42.3427585154133, -38.78946922075742, -0.09999989999321632
-42.23557390125107, -39.223492561686996, -0.09999989999321632
-42.09582737930757, -39.648234337403224, -0.09999989999321632
-41.91994643450623, -40.059355419810885, -0.09999989999321632
-41.70479322294858, -40.45138808652248, -0.09999989999321632
-41.44849782194594, -40.817925875351655, -0.09999989999321632
-41.151483033042986, -41.15237747388167, -0.09999989999321632
-40.81693674036372, -41.44927682150224, -0.09999989999321632
-40.45037169193018, -41.70542244904057, -0.09999989999321632
-40.05825866003729, -41.92047766620015, -0.09999989999321632
-39.64713843701122, -42.09623877180104, -0.09999989999321632
-39.222554832518085, -42.23584172370148, -0.09999989999321632
-38.78870571991803, -42.34291922651907, -0.09999989999321632
-38.34863635216144, -42.421072828669146, -0.09999989999321632
-37.904706173653864, -42.473546237102006, -0.09999989999321632
-37.45866748267753, -42.50321733441813, -0.09999989999321632
-37.01166511329229, -42.512605906405106, -0.09999989999321632
-37.01166511329229, -42.512605906405106, -0.09999989999321635
-33.31049857196306, -42.512605906405106, -0.09999989999321635
-29.60933203063383, -42.512605906405106, -0.09999989999321635
-25.9081654893046, -42.5126059064051, -0.09999989999321635
-22.206998947975364, -42.5126059064051, -0.09999989999321635
-18.505832406646135, -42.5126059064051, -0.09999989999321635
-14.804665865316906, -42.5126059064051, -0.09999989999321635
-11.103499323987677, -42.5126059064051, -0.09999989999321635
-7.402332782658441, -42.5126059064051, -0.09999989999321635
-3.7011662413292115, -42.5126059064051, -0.09999989999321635
3.0000001771668394e-07, -42.5126059064051, -0.09999989999321635
3.701166841329254, -42.5126059064051, -0.09999989999321635
7.402333382658476, -42.5126059064051, -0.09999989999321635
11.103499923987712, -42.5126059064051, -0.09999989999321635
14.804666465316934, -42.5126059064051, -0.09999989999321635
18.50583300664617, -42.51260590640509, -0.09999989999321635
22.206999547975407, -42.51260590640509, -0.09999989999321635
25.90816608930463, -42.51260590640509, -0.09999989999321635
29.609332630633865, -42.51260590640509, -0.09999989999321635
33.310499171963095, -42.51260590640509, -0.09999989999321635
37.011665713292324, -42.51260590640509, -0.09999989999321635
37.0116651132923, -42.5126059064051, -0.09999989999321632
37.458862415185756, -42.50320897943206, -0.09999989999321632
37.905094717163024, -42.4735107775835, -0.09999989999321632
38.349215407345675, -42.42098797378291, -0.09999989999321632
38.789469220738134, -42.34275851541264, -0.09999989999321632
39.223492561663775, -42.235573901256416, -0.09999989999321632
39.64823433737638, -42.09582737931755, -0.09999989999321632
40.05935541978206, -41.919946434518394, -0.09999989999321632
40.45138808649219, -41.70479322296377, -0.09999989999321632
40.81792587532167, -41.4484978219661, -0.09999989999321632
41.152377473854365, -41.15148303307032, -0.09999989999321632
41.44927682148145, -40.816936740394986, -0.09999989999321632
41.70542244902514, -40.45037169196327, -0.09999989999321632
41.92047766618802, -40.05825866007058, -0.09999989999321632
42.0962387717896, -39.64713843704264, -0.09999989999321632
42.23584172369173, -39.22255483254403, -0.09999989999321632
42.342919226512045, -38.78870571993931, -0.09999989999321632
42.42107282866413, -38.34863635217769, -0.09999989999321632
42.473546237098255, -37.90470617366486, -0.09999989999321632
42.503217334415694, -37.45866748268302, -0.09999989999321632
42.51260590640508, -37.0116651132923, -0.09999989999321632
42.51260590640508, -37.01166571329232, -0.09999989999321635
42.51260590640508, -33.31049917196309, -0.09999989999321635
42.51260590640508, -29.60933263063386, -0.09999989999321635
42.51260590640508, -25.908166089304622, -0.09999989999321635
42.51260590640508, -22.206999547975393, -0.09999989999321635
42.51260590640508, -18.505833006646156, -0.09999989999321635
42.51260590640508, -14.804666465316927, -0.09999989999321635
42.51260590640508, -11.103499923987698, -0.09999989999321635
42.51260590640508, -7.402333382658469, -0.09999989999321635
42.51260590640508, -3.7011668413292327, -0.09999989999321635
42.51260590640508, -3.0000000350582923e-07, -0.09999989999321635
42.51260590640508, 3.7011662413292328, -0.09999989999321635
42.51260590640508, 7.402332782658455, -0.09999989999321635
42.51260590640508, 11.103499323987691, -0.09999989999321635
42.51260590640508, 14.80466586531692, -0.09999989999321635
42.51260590640508, 18.50583240664615, -0.09999989999321635
42.51260590640508, 22.206998947975386, -0.09999989999321635
42.51260590640508, 25.908165489304615, -0.09999989999321635
42.51260590640508, 29.60933203063385, -0.09999989999321635
42.51260590640508, 33.31049857196308, -0.09999989999321635
42.51260590640508, 37.01166511329231, -0.09999989999321635
42.512605906405064, 37.0116651132923, -0.09999989999321632
42.50320897943648, 37.45886241518586, -0.09999989999321632
42.47351077758785, 37.90509471716246, -0.09999989999321632
42.42098797378414, 38.349215407344644, -0.09999989999321632
42.342758515409926, 38.78946922073675, -0.09999989999321632
42.235573901252415, 39.22349256166123, -0.09999989999321632
42.09582737931897, 39.64823433737489, -0.09999989999321632
41.91994643452362, 40.059355419785064, -0.09999989999321632
41.70479322296661, 40.45138808649691, -0.09999989999321632
41.44849782196382, 40.817925875326296, -0.09999989999321632
41.15148303306487, 41.15237747385982, -0.09999989999321632
40.816936740390055, 41.44927682148883, -0.09999989999321632
40.450371691958026, 41.70542244903379, -0.09999989999321632
40.0582586600638, 41.92047766619565, -0.09999989999321632
39.64713843703345, 42.09623877179349, -0.09999989999321632
39.22255483253521, 42.23584172369305, -0.09999989999321632
38.788705719932594, 42.34291922651614, -0.09999989999321632
38.34863635217322, 42.4210728286724, -0.09999989999321632
37.904706173662234, 42.47354623710875, -0.09999989999321632
37.458667482681726, 42.50321733442398, -0.09999989999321632
37.0116651132924, 42.512605906405064, -0.09999989999321632
34.11558958746959, 37.496535681395095, -2.0999998999932163
30.704030628722634, 37.496535681395095, -2.0999998999932163
27.292471669975676, 37.496535681395095, -2.0999998999932163
23.880912711228724, 37.496535681395095, -2.0999998999932163
20.469353752481766, 37.496535681395095, -2.0999998999932163
17.057794793734807, 37.496535681395095, -2.0999998999932163
13.646235834987856, 37.496535681395095, -2.0999998999932163
10.23467687624089, 37.496535681395095, -2.0999998999932163
6.823117917493935, 37.496535681395095, -2.0999998999932163
3.4115589587469763, 37.496535681395095, -2.0999998999932163
2.1316282072803006e-14, 37.496535681395095, -2.0999998999932163
-3.4115589587469373, 37.49653568139509, -2.0999998999932163
-6.823117917493889, 37.49653568139509, -2.0999998999932163
-10.234676876240854, 37.49653568139509, -2.0999998999932163
-13.646235834987806, 37.49653568139509, -2.0999998999932163
-17.057794793734764, 37.49653568139509, -2.0999998999932163
-20.469353752481723, 37.49653568139509, -2.0999998999932163
-23.880912711228675, 37.49653568139509, -2.0999998999932163
-27.29247166997564, 37.49653568139509, -2.0999998999932163
-30.704030628722585, 37.49653568139509, -2.0999998999932163
-34.11558958746955, 37.49653568139509, -2.0999998999932163
-34.11558958746953, 37.49653568139509, -2.0999998999932163
-34.43603129818494, 37.48781965916844, -2.0999998999932163
-34.74185934480176, 37.46167961896479, -2.0999998999932163
-35.03279209408227, 37.41813963282146, -2.0999998999932163
-35.30856162968247, 37.35723979616921, -2.0999998999932163
-35.568913998872944, 37.27903619090885, -2.0999998999932163
-35.813609446400704, 37.18360083376609, -2.0999998999932163
-36.04242263527687, 37.07102160997228, -2.0999998999932163
-36.25514285428666, 36.941402192331935, -2.0999998999932163
-36.451574212030735, 36.7948619457518, -2.0999998999932163
-36.63153581731916, 36.63153581731915, -2.0999998999932163
-36.794861945751805, 36.451574212030735, -2.0999998999932163
-36.941402192331935, 36.25514285428665, -2.0999998999932163
-37.071021609972284, 36.042422635276864, -2.0999998999932163
-37.18360083376611, 35.813609446400704, -2.0999998999932163
-37.279036190908855, 35.568913998872944, -2.0999998999932163
-37.357239796169225, 35.30856162968247, -2.0999998999932163
-37.418139632821465, 35.03279209408227, -2.0999998999932163
-37.461679618964794, 34.74185934480176, -2.0999998999932163
-37.48781965916846, 34.43603129818494, -2.0999998999932163
-37.4965356813951, 34.11558958746953, -2.0999998999932163
-37.49653568139509, 34.11558958746953, -2.099999899993216
-37.49653568139509, 30.70403062872257, -2.099999899993216
-37.49653568139509, 27.292471669975612, -2.099999899993216
-37.49653568139509, 23.880912711228653, -2.099999899993216
-37.49653568139509, 20.469353752481695, -2.099999899993216
-37.49653568139509, 17.057794793734736, -2.099999899993216
-37.49653568139509, 13.646235834987777, -2.099999899993216
-37.49653568139509, 10.234676876240819, -2.099999899993216
-37.49653568139509, 6.82311791749386, -2.099999899993216
-37.49653568139509, 3.4115589587469017, -2.099999899993216
-37.49653568139509, -5.684341886080802e-14, -2.099999899993216
-37.49653568139509, -3.4115589587470154, -2.099999899993216
-37.49653568139509, -6.823117917493974, -2.099999899993216
-37.49653568139509, -10.234676876240933, -2.099999899993216
-37.49653568139509, -13.646235834987891, -2.099999899993216
-37.49653568139509, -17.05779479373485, -2.099999899993216
-37.49653568139509, -20.46935375248181, -2.099999899993216
-37.49653568139509, -23.880912711228767, -2.099999899993216
-37.49653568139509, -27.292471669975725, -2.099999899993216
-37.49653568139509, -30.704030628722677, -2.099999899993216
-37.49653568139509, -34.11558958746964, -2.099999899993216
-37.4965356813951, -34.11558958746963, -2.0999998999932163
-37.487819659168466, -34.43603129818504, -2.0999998999932163
-37.4616796189648, -34.74185934480185, -2.0999998999932163
-37.41813963282147, -35.03279209408237, -2.0999998999932163
-37.357239796169225, -35.30856162968257, -2.0999998999932163
-37.27903619090886, -35.56891399887304, -2.0999998999932163
-37.18360083376611, -35.813609446400804, -2.0999998999932163
-37.07102160997229, -36.04242263527698, -2.0999998999932163
-36.94140219233194, -36.25514285428676, -2.0999998999932163
-36.794861945751805, -36.451574212030835, -2.0999998999932163
-36.631535817319154, -36.631535817319254, -2.0999998999932163
-36.451574212030735, -36.794861945751904, -2.0999998999932163
-36.25514285428666, -36.94140219233204, -2.0999998999932163
-36.042422635276864, -37.071021609972384, -2.0999998999932163
-35.813609446400704, -37.1836008337662, -2.0999998999932163
-35.56891399887293, -37.279036190908954, -2.0999998999932163
-35.30856162968246, -37.35723979616932, -2.0999998999932163
-35.032792094082254, -37.418139632821564, -2.0999998999932163
-34.74185934480174, -37.4616796189649, -2.0999998999932163
-34.43603129818492, -37.48781965916855, -2.0999998999932163
-34.1155895874695, -37.4965356813952, -2.0999998999932163
-34.115589587469486, -37.49653568139519, -2.0999998999932163
-30.704030628722535, -37.49653568139519, -2.0999998999932163
-27.29247166997558, -37.49653568139519, -2.0999998999932163
-23.88091271122863, -37.49653568139519, -2.0999998999932163
-20.469353752481673, -37.49653568139519, -2.0999998999932163
-17.057794793734722, -37.49653568139519, -2.0999998999932163
-13.64623583498777, -37.49653568139519, -2.0999998999932163
-10.234676876240819, -37.49653568139519, -2.0999998999932163
-6.82311791749386, -37.49653568139519, -2.0999998999932163
-3.411558958746909, -37.49653568139519, -2.0999998999932163
4.263256414560601e-14, -37.49653568139518, -2.0999998999932163
3.411558958747001, -37.49653568139518, -2.0999998999932163
6.823117917493946, -37.49653568139518, -2.0999998999932163
10.234676876240904, -37.49653568139518, -2.0999998999932163
13.646235834987849, -37.49653568139518, -2.0999998999932163
17.057794793734807, -37.49653568139518, -2.0999998999932163
20.469353752481766, -37.49653568139518, -2.0999998999932163
23.88091271122871, -37.49653568139518, -2.0999998999932163
27.29247166997567, -37.49653568139518, -2.0999998999932163
30.70403062872262, -37.49653568139518, -2.0999998999932163
34.11558958746957, -37.49653568139518, -2.0999998999932163
34.11558958746956, -37.49653568139518, -2.0999998999932163
34.436031298184965, -37.48781965916854, -2.0999998999932163
34.741859344801796, -37.46167961896488, -2.0999998999932163
35.03279209408231, -37.41813963282155, -2.0999998999932163
35.308561629682515, -37.3572397961693, -2.0999998999932163
35.568913998872986, -37.27903619090894, -2.0999998999932163
35.81360944640075, -37.183600833766185, -2.0999998999932163
36.04242263527692, -37.07102160997236, -2.0999998999932163
36.25514285428672, -36.94140219233202, -2.0999998999932163
36.45157421203079, -36.79486194575188, -2.0999998999932163
36.63153581731921, -36.63153581731923, -2.0999998999932163
36.79486194575186, -36.45157421203081, -2.0999998999932163
36.941402192332006, -36.25514285428673, -2.0999998999932163
37.07102160997235, -36.04242263527695, -2.0999998999932163
37.183600833766164, -35.813609446400775, -2.0999998999932163
37.279036190908926, -35.568913998873015, -2.0999998999932163
37.35723979616928, -35.30856162968254, -2.0999998999932163
37.418139632821536, -35.03279209408234, -2.0999998999932163
37.46167961896487, -34.741859344801824, -2.0999998999932163
37.48781965916853, -34.436031298185, -2.0999998999932163
37.49653568139517, -34.115589587469586, -2.0999998999932163
37.496535681395166, -34.11558958746957, -2.0999998999932163
37.496535681395166, -30.70403062872262, -2.0999998999932163
37.496535681395166, -27.292471669975665, -2.0999998999932163
37.496535681395166, -23.88091271122871, -2.0999998999932163
37.496535681395166, -20.46935375248176, -2.0999998999932163
37.496535681395166, -17.057794793734804, -2.0999998999932163
37.496535681395166, -13.646235834987852, -2.0999998999932163
37.496535681395166, -10.234676876240897, -2.0999998999932163
37.496535681395166, -6.823117917493942, -2.0999998999932163
37.496535681395166, -3.411558958746987, -2.0999998999932163
37.496535681395166, -3.552713678800501e-14, -2.0999998999932163
37.496535681395166, 3.411558958746923, -2.0999998999932163
37.496535681395166, 6.823117917493867, -2.0999998999932163
37.496535681395166, 10.234676876240826, -2.0999998999932163
37.496535681395166, 13.646235834987777, -2.0999998999932163
37.496535681395166, 17.05779479373473, -2.0999998999932163
37.496535681395166, 20.469353752481688, -2.0999998999932163
37.496535681395166, 23.88091271122864, -2.0999998999932163
37.496535681395166, 27.292471669975598, -2.0999998999932163
37.496535681395166, 30.70403062872255, -2.0999998999932163
37.496535681395166, 34.1155895874695, -2.0999998999932163
37.496535681395144, 34.11558958746947, -2.0999998999932163
37.4878196591685, 34.43603129818489, -2.0999998999932163
37.461679618964844, 34.74185934480171, -2.0999998999932163
37.418139632821514, 35.032792094082225, -2.0999998999932163
37.35723979616927, 35.30856162968244, -2.0999998999932163
37.279036190908904, 35.568913998872915, -2.0999998999932163
37.18360083376615, 35.813609446400676, -2.0999998999932163
37.071021609972334, 36.04242263527685, -2.0999998999932163
36.94140219233199, 36.255142854286646, -2.0999998999932163
36.79486194575186, 36.45157421203072, -2.0999998999932163
36.63153581731921, 36.63153581731915, -2.0999998999932163
36.45157421203079, 36.79486194575179, -2.0999998999932163
36.25514285428672, 36.941402192331935, -2.0999998999932163
36.042422635276935, 37.07102160997228, -2.0999998999932163
35.81360944640076, 37.1836008337661, -2.0999998999932163
35.568913998873, 37.279036190908855, -2.0999998999932163
35.30856162968253, 37.35723979616922, -2.0999998999932163
35.032792094082325, 37.41813963282147, -2.0999998999932163
34.741859344801824, 37.46167961896481, -2.0999998999932163
34.43603129818501, 37.487819659168466, -2.0999998999932163
34.11558958746959, 37.4965356813951, -2.0999998999932163
29.82657574645048, 33.2075218403759, -4.099999899993216
26.843918171805434, 33.2075218403759, -4.099999899993216
23.861260597160395, 33.2075218403759, -4.099999899993216
20.878603022515357, 33.2075218403759, -4.099999899993216
17.89594544787031, 33.2075218403759, -4.099999899993216
14.913287873225272, 33.2075218403759, -4.099999899993216
11.930630298580233, 33.2075218403759, -4.099999899993216
8.947972723935187, 33.2075218403759, -4.099999899993216
5.9653151492901415, 33.2075218403759, -4.099999899993216
2.9826575746451027, 33.2075218403759, -4.099999899993216
6.039613253960852e-14, 33.2075218403759, -4.099999899993216
-2.982657574644982, 33.20752184037589, -4.099999899993216
-5.965315149290021, 33.20752184037589, -4.099999899993216
-8.947972723935067, 33.20752184037589, -4.099999899993216
-11.930630298580105, 33.20752184037589, -4.099999899993216
-14.913287873225151, 33.20752184037589, -4.099999899993216
-17.895945447870197, 33.20752184037589, -4.099999899993216
-20.87860302251523, 33.20752184037589, -4.099999899993216
-23.861260597160275, 33.20752184037589, -4.099999899993216
-26.843918171805313, 33.20752184037589, -4.099999899993216
-29.82657574645036, 33.20752184037589, -4.099999899993216
-29.826575746450366, 33.207521840375904, -4.099999899993216
-30.147017457165774, 33.19880581814925, -4.099999899993216
-30.45284550378259, 33.172665777945596, -4.099999899993216
-30.7437782530631, 33.12912579180227, -4.099999899993216
-31.0195477886633, 33.06822595515003, -4.099999899993216
-31.27990015785377, 32.99002234988966, -4.099999899993216
-31.52459560538153, 32.8945869927469, -4.099999899993216
-31.753408794257698, 32.78200776895309, -4.099999899993216
-31.966129013267484, 32.652388351312744, -4.099999899993216
-32.16256037101156, 32.50584810473261, -4.099999899993216
-32.34252197629997, 32.34252197629996, -4.099999899993216
-32.50584810473262, 32.16256037101155, -4.099999899993216
-32.65238835131275, 31.96612901326747, -4.099999899993216
-32.78200776895309, 31.753408794257684, -4.099999899993216
-32.894586992746916, 31.524595605381517, -4.099999899993216
-32.99002234988967, 31.279900157853756, -4.099999899993216
-33.068225955150034, 31.019547788663285, -4.099999899993216
-33.12912579180228, 30.74377825306308, -4.099999899993216
-33.17266577794561, 30.452845503782576, -4.099999899993216
-33.19880581814927, 30.14701745716576, -4.099999899993216
-33.20752184037591, 29.826575746450345, -4.099999899993216
-33.207521840375904, 29.826575746450345, -4.099999899993216
-33.207521840375904, 26.8439181718053, -4.099999899993216
-33.207521840375904, 23.861260597160253, -4.099999899993216
-33.207521840375904, 20.878603022515215, -4.099999899993216
-33.207521840375904, 17.89594544787017, -4.099999899993216
-33.207521840375904, 14.91328787322513, -4.099999899993216
-33.207521840375904, 11.930630298580084, -4.099999899993216
-33.207521840375904, 8.947972723935038, -4.099999899993216
-33.207521840375904, 5.965315149289992, -4.099999899993216
-33.207521840375904, 2.98265757464495, -4.099999899993216
-33.207521840375904, -9.237055564881302e-14, -4.099999899993216
-33.207521840375904, -2.9826575746451383, -4.099999899993216
-33.207521840375904, -5.965315149290177, -4.099999899993216
-33.207521840375904, -8.947972723935223, -4.099999899993216
-33.207521840375904, -11.930630298580262, -4.099999899993216
-33.207521840375904, -14.913287873225315, -4.099999899993216
-33.207521840375904, -17.89594544787036, -4.099999899993216
-33.207521840375904, -20.8786030225154, -4.099999899993216
-33.207521840375904, -23.861260597160445, -4.099999899993216
-33.207521840375904, -26.843918171805484, -4.099999899993216
-33.207521840375904, -29.82657574645053, -4.099999899993216
-33.20752184037592, -29.82657574645053, -4.099999899993215
-33.19880581814928, -30.14701745716594, -4.099999899993215
-33.17266577794562, -30.452845503782754, -4.099999899993215
-33.12912579180229, -30.743778253063265, -4.099999899993215
-33.06822595515004, -31.019547788663466, -4.099999899993215
-32.99002234988968, -31.27990015785394, -4.099999899993215
-32.89458699274692, -31.524595605381702, -4.099999899993215
-32.78200776895311, -31.753408794257872, -4.099999899993215
-32.652388351312766, -31.966129013267654, -4.099999899993215
-32.50584810473262, -32.162560371011736, -4.099999899993215
-32.34252197629997, -32.34252197630015, -4.099999899993215
-32.16256037101155, -32.505848104732806, -4.099999899993215
-31.966129013267476, -32.652388351312936, -4.099999899993215
-31.753408794257684, -32.78200776895328, -4.099999899993215
-31.524595605381517, -32.894586992747094, -4.099999899993215
-31.279900157853756, -32.990022349889855, -4.099999899993215
-31.01954778866328, -33.06822595515021, -4.099999899993215
-30.74377825306307, -33.129125791802466, -4.099999899993215
-30.452845503782562, -33.172665777945795, -4.099999899993215
-30.147017457165738, -33.19880581814945, -4.099999899993215
-29.826575746450324, -33.207521840376096, -4.099999899993215
-29.8265757464503, -33.207521840376074, -4.099999899993216
-26.84391817180526, -33.207521840376074, -4.099999899993216
-23.86126059716022, -33.207521840376074, -4.099999899993216
-20.878603022515186, -33.207521840376074, -4.099999899993216
-17.895945447870147, -33.207521840376074, -4.099999899993216
-14.913287873225109, -33.207521840376074, -4.099999899993216
-11.93063029858007, -33.207521840376074, -4.099999899993216
-8.947972723935035, -33.207521840376074, -4.099999899993216
-5.965315149289992, -33.207521840376074, -4.099999899993216
-2.982657574644957, -33.207521840376074, -4.099999899993216
8.171241461241152e-14, -33.20752184037607, -4.099999899993216
2.9826575746451205, -33.20752184037607, -4.099999899993216
5.965315149290159, -33.20752184037607, -4.099999899993216
8.947972723935202, -33.20752184037607, -4.099999899993216
11.930630298580233, -33.20752184037607, -4.099999899993216
14.91328787322528, -33.20752184037607, -4.099999899993216
17.89594544787031, -33.20752184037607, -4.099999899993216
20.878603022515343, -33.20752184037607, -4.099999899993216
23.86126059716039, -33.20752184037607, -4.099999899993216
26.84391817180542, -33.20752184037607, -4.099999899993216
29.826575746450466, -33.20752184037607, -4.099999899993216
29.826575746450445, -33.20752184037608, -4.099999899993216
30.14701745716586, -33.19880581814944, -4.099999899993216
30.45284550378268, -33.17266577794578, -4.099999899993216
30.743778253063194, -33.129125791802444, -4.099999899993216
31.0195477886634, -33.0682259551502, -4.099999899993216
31.279900157853877, -32.990022349889834, -4.099999899993216
31.52459560538164, -32.89458699274709, -4.099999899993216
31.753408794257815, -32.782007768953264, -4.099999899993216
31.966129013267604, -32.65238835131292, -4.099999899993216
32.162560371011686, -32.50584810473278, -4.099999899993216
32.342521976300105, -32.342521976300134, -4.099999899993216
32.50584810473275, -32.162560371011715, -4.099999899993216
32.652388351312894, -31.966129013267633, -4.099999899993216
32.78200776895324, -31.753408794257844, -4.099999899993216
32.894586992747065, -31.524595605381677, -4.099999899993216
32.99002234988981, -31.279900157853916, -4.099999899993216
33.06822595515018, -31.019547788663438, -4.099999899993216
33.12912579180244, -30.743778253063233, -4.099999899993216
33.17266577794577, -30.45284550378272, -4.099999899993216
33.198805818149424, -30.1470174571659, -4.099999899993216
33.20752184037607, -29.82657574645048, -4.099999899993216
33.20752184037606, -29.82657574645047, -4.099999899993216
33.20752184037606, -26.84391817180543, -4.099999899993216
33.20752184037606, -23.86126059716039, -4.099999899993216
33.20752184037606, -20.87860302251535, -4.099999899993216
33.20752184037606, -17.89594544787031, -4.099999899993216
33.20752184037606, -14.913287873225272, -4.099999899993216
33.20752184037606, -11.930630298580233, -4.099999899993216
33.20752184037606, -8.947972723935194, -4.099999899993216
33.20752184037606, -5.965315149290152, -4.099999899993216
33.20752184037606, -2.9826575746451134, -4.099999899993216
33.20752184037606, -7.460698725481052e-14, -4.099999899993216
33.20752184037606, 2.982657574644964, -4.099999899993216
33.20752184037606, 5.965315149290003, -4.099999899993216
33.20752184037606, 8.947972723935038, -4.099999899993216
33.20752184037606, 11.930630298580084, -4.099999899993216
33.20752184037606, 14.913287873225116, -4.099999899993216
33.20752184037606, 17.89594544787016, -4.099999899993216
33.20752184037606, 20.878603022515207, -4.099999899993216
33.20752184037606, 23.86126059716024, -4.099999899993216
33.20752184037606, 26.843918171805285, -4.099999899993216
33.20752184037606, 29.826575746450317, -4.099999899993216
33.20752184037604, 29.826575746450303, -4.099999899993216
33.198805818149395, 30.147017457165717, -4.099999899993216
33.17266577794574, 30.45284550378254, -4.099999899993216
33.12912579180241, 30.74377825306305, -4.099999899993216
33.06822595515016, 31.01954778866326, -4.099999899993216
32.9900223498898, 31.27990015785373, -4.099999899993216
32.894586992747044, 31.5245956053815, -4.099999899993216
32.78200776895323, 31.753408794257673, -4.099999899993216
32.65238835131289, 31.966129013267462, -4.099999899993216
32.50584810473275, 32.16256037101154, -4.099999899993216
32.3425219763001, 32.34252197629996, -4.099999899993216
32.162560371011686, 32.50584810473261, -4.099999899993216
31.966129013267604, 32.65238835131275, -4.099999899993216
31.753408794257815, 32.7820077689531, -4.099999899993216
31.524595605381656, 32.894586992746916, -4.099999899993216
31.279900157853888, 32.990022349889664, -4.099999899993216
31.019547788663417, 33.068225955150034, -4.099999899993216
30.74377825306322, 33.12912579180228, -4.099999899993216
30.45284550378271, 33.17266577794562, -4.099999899993216
30.147017457165894, 33.19880581814927, -4.099999899993216
29.82657574645048, 33.20752184037592, -4.099999899993216
25.53756190543138, 28.918507999356713, -6.099999899993216
22.983805714888256, 28.918507999356713, -6.099999899993216
20.43004952434513, 28.918507999356713, -6.099999899993216
17.876293333801996, 28.918507999356713, -6.099999899993216
15.32253714325887, 28.918507999356713, -6.099999899993216
12.768780952715744, 28.918507999356713, -6.099999899993216
10.215024762172611, 28.918507999356713, -6.099999899993216
7.661268571629488, 28.91850799935671, -6.099999899993216
5.107512381086359, 28.91850799935671, -6.099999899993216
2.553756190543229, 28.91850799935671, -6.099999899993216
1.0302869668521453e-13, 28.91850799935671, -6.099999899993216
-2.5537561905430266, 28.91850799935671, -6.099999899993216
-5.107512381086153, 28.91850799935671, -6.099999899993216
-7.661268571629279, 28.91850799935671, -6.099999899993216
-10.215024762172405, 28.91850799935671, -6.099999899993216
-12.768780952715538, 28.918507999356706, -6.099999899993216
-15.322537143258664, 28.918507999356706, -6.099999899993216
-17.87629333380179, 28.918507999356706, -6.099999899993216
-20.430049524344923, 28.918507999356706, -6.099999899993216
-22.983805714888042, 28.918507999356706, -6.099999899993216
-25.537561905431176, 28.918507999356706, -6.099999899993216
-25.537561905431165, 28.918507999356713, -6.099999899993216
-25.858003616146576, 28.909791977130073, -6.099999899993216
-26.1638316627634, 28.88365193692642, -6.099999899993216
-26.454764412043904, 28.840111950783083, -6.099999899993216
-26.730533947644112, 28.779212114130836, -6.099999899993216
-26.990886316834576, 28.701008508870473, -6.099999899993216
-27.23558176436234, 28.605573151727715, -6.099999899993216
-27.464394953238504, 28.492993927933906, -6.099999899993216
-27.67711517224829, 28.36337451029356, -6.099999899993216
-27.873546529992367, 28.216834263713427, -6.099999899993216
-28.053508135280786, 28.053508135280776, -6.099999899993216
-28.216834263713434, 27.87354652999236, -6.099999899993216
-28.363374510293568, 27.67711517224829, -6.099999899993216
-28.492993927933913, 27.4643949532385, -6.099999899993216
-28.605573151727725, 27.23558176436234, -6.099999899993216
-28.70100850887048, 26.990886316834576, -6.099999899993216
-28.779212114130843, 26.73053394764411, -6.099999899993216
-28.840111950783093, 26.454764412043904, -6.099999899993216
-28.883651936926427, 26.1638316627634, -6.099999899993216
-28.909791977130084, 25.858003616146583, -6.099999899993216
-28.918507999356727, 25.537561905431172, -6.099999899993216
-28.918507999356716, 25.537561905431154, -6.0999998999932155
-28.918507999356716, 22.983805714888028, -6.0999998999932155
-28.918507999356716, 20.430049524344895, -6.0999998999932155
-28.918507999356716, 17.87629333380177, -6.0999998999932155
-28.918507999356716, 15.322537143258636, -6.0999998999932155
-28.918507999356716, 12.76878095271551, -6.0999998999932155
-28.918507999356716, 10.215024762172384, -6.0999998999932155
-28.918507999356716, 7.661268571629254, -6.0999998999932155
-28.918507999356716, 5.107512381086121, -6.0999998999932155
-28.918507999356716, 2.5537561905429946, -6.0999998999932155
-28.918507999356716, -1.3500311979441904e-13, -6.0999998999932155
-28.918507999356716, -2.5537561905432646, -6.0999998999932155
-28.918507999356716, -5.107512381086391, -6.0999998999932155
-28.918507999356716, -7.66126857162952, -6.0999998999932155
-28.918507999356716, -10.215024762172646, -6.0999998999932155
-28.918507999356716, -12.76878095271578, -6.0999998999932155
-28.918507999356716, -15.322537143258913, -6.0999998999932155
-28.918507999356716, -17.87629333380204, -6.0999998999932155
-28.918507999356716, -20.430049524345165, -6.0999998999932155
-28.918507999356716, -22.98380571488829, -6.0999998999932155
-28.918507999356716, -25.537561905431424, -6.0999998999932155
-28.918507999356734, -25.537561905431417, -6.099999899993216
-28.90979197713009, -25.85800361614683, -6.099999899993216
-28.88365193692643, -26.163831662763645, -6.099999899993216
-28.8401119507831, -26.454764412044156, -6.099999899993216
-28.779212114130853, -26.730533947644357, -6.099999899993216
-28.70100850887049, -26.990886316834832, -6.099999899993216
-28.605573151727732, -27.235581764362596, -6.099999899993216
-28.49299392793392, -27.464394953238763, -6.099999899993216
-28.36337451029357, -27.67711517224855, -6.099999899993216
-28.216834263713437, -27.873546529992623, -6.099999899993216
-28.053508135280783, -28.053508135281042, -6.099999899993216
-27.873546529992364, -28.21683426371369, -6.099999899993216
-27.67711517224829, -28.36337451029383, -6.099999899993216
-27.464394953238497, -28.492993927934172, -6.099999899993216
-27.23558176436233, -28.605573151727988, -6.099999899993216
-26.990886316834562, -28.701008508870743, -6.099999899993216
-26.730533947644087, -28.779212114131106, -6.099999899993216
-26.45476441204388, -28.840111950783356, -6.099999899993216
-26.163831662763368, -28.88365193692669, -6.099999899993216
-25.85800361614655, -28.909791977130343, -6.099999899993216
-25.537561905431133, -28.91850799935699, -6.099999899993216
-25.53756190543111, -28.918507999356976, -6.099999899993216
-22.983805714887986, -28.918507999356976, -6.099999899993216
-20.430049524344863, -28.918507999356976, -6.099999899993216
-17.87629333380174, -28.918507999356976, -6.099999899993216
-15.322537143258614, -28.918507999356976, -6.099999899993216
-12.768780952715492, -28.918507999356976, -6.099999899993216
-10.21502476217237, -28.918507999356972, -6.099999899993216
-7.661268571629247, -28.918507999356972, -6.099999899993216
-5.107512381086117, -28.918507999356972, -6.099999899993216
-2.5537561905429946, -28.918507999356972, -6.099999899993216
1.2789769243681803e-13, -28.918507999356972, -6.099999899993216
2.553756190543254, -28.918507999356972, -6.099999899993216
5.107512381086373, -28.918507999356972, -6.099999899993216
7.661268571629499, -28.918507999356972, -6.099999899993216
10.215024762172618, -28.91850799935697, -6.099999899993216
12.768780952715751, -28.91850799935697, -6.099999899993216
15.322537143258877, -28.91850799935697, -6.099999899993216
17.876293333801996, -28.91850799935697, -6.099999899993216
20.430049524345122, -28.91850799935697, -6.099999899993216
22.98380571488824, -28.91850799935697, -6.099999899993216
25.537561905431367, -28.91850799935697, -6.099999899993216
25.537561905431346, -28.91850799935697, -6.099999899993216
25.858003616146753, -28.909791977130332, -6.099999899993216
26.163831662763585, -28.883651936926675, -6.099999899993216
26.45476441204409, -28.84011195078334, -6.099999899993216
26.7305339476443, -28.77921211413109, -6.099999899993216
26.99088631683477, -28.70100850887073, -6.099999899993216
27.23558176436254, -28.605573151727974, -6.099999899993216
27.46439495323871, -28.492993927934158, -6.099999899993216
27.677115172248502, -28.363374510293816, -6.099999899993216
27.87354652999258, -28.21683426371367, -6.099999899993216
28.053508135280996, -28.053508135281028, -6.099999899993216
28.216834263713647, -27.87354652999261, -6.099999899993216
28.36337451029379, -27.677115172248534, -6.099999899993216
28.492993927934137, -27.464394953238738, -6.099999899993216
28.605573151727953, -27.23558176436258, -6.099999899993216
28.70100850887071, -26.99088631683481, -6.099999899993216
28.779212114131074, -26.73053394764434, -6.099999899993216
28.840111950783328, -26.454764412044128, -6.099999899993216
28.88365193692666, -26.16383166276362, -6.099999899993216
28.909791977130315, -25.858003616146807, -6.099999899993216
28.91850799935696, -25.53756190543139, -6.099999899993216
28.91850799935695, -25.53756190543136, -6.099999899993216
28.91850799935695, -22.983805714888234, -6.099999899993216
28.91850799935695, -20.43004952434511, -6.099999899993216
28.91850799935695, -17.87629333380199, -6.099999899993216
28.91850799935695, -15.322537143258863, -6.099999899993216
28.91850799935695, -12.768780952715739, -6.099999899993216
28.91850799935695, -10.215024762172614, -6.099999899993216
28.91850799935695, -7.661268571629492, -6.099999899993216
28.91850799935695, -5.107512381086366, -6.099999899993216
28.91850799935695, -2.5537561905432398, -6.099999899993216
28.91850799935695, -1.1723955140041653e-13, -6.099999899993216
28.91850799935695, 2.553756190543009, -6.099999899993216
28.91850799935695, 5.107512381086131, -6.099999899993216
28.91850799935695, 7.6612685716292575, -6.099999899993216
28.91850799935695, 10.215024762172376, -6.099999899993216
28.91850799935695, 12.768780952715503, -6.099999899993216
28.91850799935695, 15.322537143258629, -6.099999899993216
28.91850799935695, 17.876293333801755, -6.099999899993216
28.91850799935695, 20.43004952434488, -6.099999899993216
28.91850799935695, 22.983805714888, -6.099999899993216
28.91850799935695, 25.537561905431126, -6.099999899993216
28.918507999356933, 25.537561905431108, -6.099999899993216
28.909791977130286, 25.858003616146526, -6.099999899993216
28.883651936926633, 26.163831662763343, -6.099999899993216
28.8401119507833, 26.454764412043858, -6.099999899993216
28.779212114131052, 26.73053394764407, -6.099999899993216
28.70100850887069, 26.990886316834548, -6.099999899993216
28.60557315172794, 27.23558176436231, -6.099999899993216
28.492993927934123, 27.464394953238482, -6.099999899993216
28.363374510293777, 27.67711517224827, -6.099999899993216
28.216834263713643, 27.873546529992346, -6.099999899993216
28.053508135280993, 28.053508135280772, -6.099999899993216
27.873546529992577, 28.216834263713423, -6.099999899993216
27.6771151722485, 28.36337451029356, -6.099999899993216
27.464394953238713, 28.49299392793391, -6.099999899993216
27.235581764362546, 28.605573151727725, -6.099999899993216
26.99088631683479, 28.70100850887048, -6.099999899993216
26.730533947644314, 28.779212114130843, -6.099999899993216
26.454764412044113, 28.840111950783097, -6.099999899993216
26.163831662763602, 28.883651936926427, -6.099999899993216
25.858003616146785, 28.909791977130084, -6.099999899993216
25.537561905431374, 28.918507999356727, -6.099999899993216
21.24854806441227, 24.62949415833753, -8.099999899993216
19.123693257971055, 24.62949415833753, -8.099999899993216
16.998838451529842, 24.62949415833753, -8.099999899993216
14.873983645088629, 24.62949415833753, -8.099999899993216
12.749128838647415, 24.62949415833753, -8.099999899993216
10.624274032206209, 24.62949415833753, -8.099999899993216
8.499419225764996, 24.629494158337526, -8.099999899993216
6.374564419323782, 24.629494158337526, -8.099999899993216
4.249709612882565, 24.629494158337526, -8.099999899993216
2.1248548064413555, 24.629494158337526, -8.099999899993216
1.4210854715202004e-13, 24.629494158337526, -8.099999899993216
-2.1248548064410713, 24.629494158337526, -8.099999899993216
-4.249709612882281, 24.629494158337526, -8.099999899993216
-6.374564419323498, 24.629494158337526, -8.099999899993216
-8.499419225764708, 24.629494158337526, -8.099999899993216
-10.624274032205921, 24.629494158337526, -8.099999899993216
-12.749128838647138, 24.629494158337522, -8.099999899993216
-14.873983645088344, 24.629494158337522, -8.099999899993216
-16.998838451529558, 24.629494158337522, -8.099999899993216
-19.12369325797077, 24.629494158337522, -8.099999899993216
-21.248548064411985, 24.629494158337522, -8.099999899993216
-21.24854806441197, 24.629494158337522, -8.099999899993218
-21.568989775127378, 24.62077813611088, -8.099999899993218
-21.874817821744198, 24.594638095907225, -8.099999899993218
-22.165750571024702, 24.551098109763895, -8.099999899993218
-22.441520106624907, 24.49019827311165, -8.099999899993218
-22.701872475815378, 24.411994667851285, -8.099999899993218
-22.94656792334314, 24.31655931070853, -8.099999899993218
-23.17538111221931, 24.203980086914715, -8.099999899993218
-23.388101331229095, 24.074360669274373, -8.099999899993218
-23.584532688973173, 23.927820422694236, -8.099999899993218
-23.76449429426159, 23.764494294261592, -8.099999899993218
-23.927820422694236, 23.584532688973177, -8.099999899993218
-24.074360669274377, 23.388101331229098, -8.099999899993218
-24.203980086914722, 23.17538111221931, -8.099999899993218
-24.316559310708534, 22.94656792334315, -8.099999899993218
-24.41199466785129, 22.701872475815385, -8.099999899993218
-24.490198273111652, 22.441520106624917, -8.099999899993218
-24.551098109763902, 22.165750571024713, -8.099999899993218
-24.594638095907236, 21.87481782174421, -8.099999899993218
-24.620778136110893, 21.568989775127392, -8.099999899993218
-24.629494158337536, 21.24854806441198, -8.099999899993218
-24.62949415833753, 21.24854806441197, -8.099999899993215
-24.62949415833753, 19.123693257970757, -8.099999899993215
-24.62949415833753, 16.998838451529544, -8.099999899993215
-24.62949415833753, 14.87398364508833, -8.099999899993215
-24.62949415833753, 12.74912883864711, -8.099999899993215
-24.62949415833753, 10.624274032205903, -8.099999899993215
-24.62949415833753, 8.499419225764687, -8.099999899993215
-24.62949415833753, 6.374564419323473, -8.099999899993215
-24.62949415833753, 4.249709612882256, -8.099999899993215
-24.62949415833753, 2.124854806441043, -8.099999899993215
-24.62949415833753, -1.7053025658242404e-13, -8.099999899993215
-24.62949415833753, -2.1248548064413875, -8.099999899993215
-24.62949415833753, -4.249709612882597, -8.099999899993215
-24.62949415833753, -6.374564419323814, -8.099999899993215
-24.62949415833753, -8.499419225765024, -8.099999899993215
-24.62949415833753, -10.624274032206241, -8.099999899993215
-24.62949415833753, -12.749128838647458, -8.099999899993215
-24.62949415833753, -14.873983645088671, -8.099999899993215
-24.62949415833753, -16.998838451529885, -8.099999899993215
-24.62949415833753, -19.123693257971098, -8.099999899993215
-24.62949415833753, -21.24854806441231, -8.099999899993215
-24.629494158337543, -21.24854806441231, -8.099999899993216
-24.6207781361109, -21.568989775127726, -8.099999899993216
-24.59463809590724, -21.87481782174454, -8.099999899993216
-24.55109810976391, -22.16575057102505, -8.099999899993216
-24.490198273111663, -22.44152010662525, -8.099999899993216
-24.4119946678513, -22.701872475815726, -8.099999899993216
-24.316559310708545, -22.946567923343487, -8.099999899993216
-24.20398008691473, -23.175381112219657, -8.099999899993216
-24.074360669274384, -23.38810133122944, -8.099999899993216
-23.927820422694246, -23.584532688973518, -8.099999899993216
-23.764494294261592, -23.764494294261937, -8.099999899993216
-23.584532688973177, -23.927820422694587, -8.099999899993216
-23.388101331229098, -24.074360669274725, -8.099999899993216
-23.175381112219306, -24.203980086915063, -8.099999899993216
-22.94656792334314, -24.316559310708882, -8.099999899993216
-22.701872475815378, -24.41199466785164, -8.099999899993216
-22.441520106624903, -24.490198273112, -8.099999899993216
-22.16575057102469, -24.551098109764247, -8.099999899993216
-21.874817821744184, -24.594638095907584, -8.099999899993216
-21.568989775127363, -24.62077813611124, -8.099999899993216
-21.248548064411946, -24.62949415833788, -8.099999899993216
-21.24854806441192, -24.629494158337863, -8.099999899993216
-19.12369325797071, -24.629494158337863, -8.099999899993216
-16.9988384515295, -24.629494158337863, -8.099999899993216
-14.873983645088295, -24.629494158337863, -8.099999899993216
-12.749128838647085, -24.629494158337863, -8.099999899993216
-10.624274032205877, -24.62949415833786, -8.099999899993216
-8.499419225764669, -24.62949415833786, -8.099999899993216
-6.3745644193234625, -24.62949415833786, -8.099999899993216
-4.249709612882249, -24.62949415833786, -8.099999899993216
-2.124854806441043, -24.62949415833786, -8.099999899993216
1.6697754290362354e-13, -24.62949415833786, -8.099999899993216
2.124854806441377, -24.62949415833786, -8.099999899993216
4.249709612882583, -24.62949415833786, -8.099999899993216
6.374564419323793, -24.62949415833786, -8.099999899993216
8.499419225765, -24.62949415833786, -8.099999899993216
10.624274032206209, -24.629494158337856, -8.099999899993216
12.749128838647422, -24.629494158337856, -8.099999899993216
14.873983645088629, -24.629494158337856, -8.099999899993216
16.998838451529835, -24.629494158337856, -8.099999899993216
19.12369325797104, -24.629494158337856, -8.099999899993216
21.248548064412255, -24.629494158337856, -8.099999899993216
21.24854806441224, -24.629494158337863, -8.099999899993216
21.568989775127648, -24.620778136111223, -8.099999899993216
21.87481782174448, -24.594638095907566, -8.099999899993216
22.165750571024983, -24.551098109764233, -8.099999899993216
22.441520106625195, -24.490198273111986, -8.099999899993216
22.701872475815666, -24.41199466785162, -8.099999899993216
22.946567923343434, -24.31655931070887, -8.099999899993216
23.175381112219604, -24.203980086915053, -8.099999899993216
23.388101331229397, -24.074360669274707, -8.099999899993216
23.584532688973475, -23.927820422694566, -8.099999899993216
23.76449429426189, -23.76449429426192, -8.099999899993216
23.92782042269454, -23.584532688973503, -8.099999899993216
24.074360669274686, -23.388101331229425, -8.099999899993216
24.20398008691503, -23.175381112219632, -8.099999899993216
24.316559310708847, -22.94656792334347, -8.099999899993216
24.411994667851605, -22.7018724758157, -8.099999899993216
24.490198273111968, -22.441520106625234, -8.099999899993216
24.551098109764222, -22.16575057102502, -8.099999899993216
24.594638095907555, -21.874817821744514, -8.099999899993216
24.62077813611121, -21.5689897751277, -8.099999899993216
24.629494158337856, -21.248548064412283, -8.099999899993216
24.62949415833784, -21.248548064412255, -8.099999899993216
24.62949415833784, -19.123693257971045, -8.099999899993216
24.62949415833784, -16.998838451529835, -8.099999899993216
24.62949415833784, -14.873983645088625, -8.099999899993216
24.62949415833784, -12.749128838647417, -8.099999899993216
24.62949415833784, -10.624274032206207, -8.099999899993216
24.62949415833784, -8.499419225764997, -8.099999899993216
24.62949415833784, -6.374564419323789, -8.099999899993216
24.62949415833784, -4.2497096128825795, -8.099999899993216
24.62949415833784, -2.1248548064413697, -8.099999899993216
24.62949415833784, -1.5987211554602254e-13, -8.099999899993216
24.62949415833784, 2.12485480644105, -8.099999899993216
24.62949415833784, 4.24970961288226, -8.099999899993216
24.62949415833784, 6.37456441932347, -8.099999899993216
24.62949415833784, 8.499419225764676, -8.099999899993216
24.62949415833784, 10.62427403220589, -8.099999899993216
24.62949415833784, 12.749128838647096, -8.099999899993216
24.62949415833784, 14.873983645088309, -8.099999899993216
24.62949415833784, 16.998838451529515, -8.099999899993216
24.62949415833784, 19.12369325797072, -8.099999899993216
24.62949415833784, 21.248548064411935, -8.099999899993216
24.629494158337828, 21.24854806441192, -8.099999899993216
24.620778136111177, 21.568989775127335, -8.099999899993216
24.594638095907527, 21.87481782174416, -8.099999899993216
24.55109810976419, 22.165750571024674, -8.099999899993216
24.490198273111943, 22.44152010662488, -8.099999899993216
24.41199466785158, 22.701872475815357, -8.099999899993216
24.316559310708833, 22.946567923343117, -8.099999899993216
24.203980086915017, 23.17538111221929, -8.099999899993216
24.074360669274668, 23.388101331229088, -8.099999899993216
23.927820422694538, 23.584532688973162, -8.099999899993216
23.764494294261887, 23.76449429426159, -8.099999899993216
23.584532688973468, 23.927820422694232, -8.099999899993216
23.388101331229393, 24.074360669274377, -8.099999899993216
23.175381112219604, 24.20398008691472, -8.099999899993216
22.946567923343437, 24.31655931070854, -8.099999899993216
22.701872475815684, 24.411994667851296, -8.099999899993216
22.441520106625205, 24.49019827311166, -8.099999899993216
22.165750571025008, 24.551098109763906, -8.099999899993216
21.874817821744493, 24.594638095907243, -8.099999899993216
21.568989775127676, 24.620778136110893, -8.099999899993216
21.24854806441227, 24.629494158337543, -8.099999899993216
16.959534223393163, 20.34048031731834, -10.099999899993216
15.263580801053863, 20.34048031731834, -10.099999899993216
13.567627378714569, 20.34048031731834, -10.099999899993216
11.871673956375268, 20.34048031731834, -10.099999899993216
10.175720534035975, 20.34048031731834, -10.099999899993216
8.479767111696674, 20.340480317318338, -10.099999899993216
6.783813689357377, 20.340480317318338, -10.099999899993216
5.08786026701808, 20.340480317318338, -10.099999899993216
3.391906844678779, 20.340480317318338, -10.099999899993216
1.6959534223394819, 20.340480317318338, -10.099999899993216
1.8474111129762605e-13, 20.340480317318338, -10.099999899993216
-1.695953422339116, 20.340480317318338, -10.099999899993216
-3.3919068446784095, 20.340480317318338, -10.099999899993216
-5.08786026701771, 20.340480317318338, -10.099999899993216
-6.783813689357004, 20.340480317318338, -10.099999899993216
-8.479767111696304, 20.340480317318338, -10.099999899993216
-10.175720534035605, 20.340480317318338, -10.099999899993216
-11.871673956374899, 20.340480317318338, -10.099999899993216
-13.5676273787142, 20.340480317318335, -10.099999899993216
-15.263580801053493, 20.340480317318335, -10.099999899993216
-16.959534223392794, 20.340480317318335, -10.099999899993216
-16.959534223392783, 20.340480317318338, -10.099999899993218
-17.279975934108194, 20.3317642950917, -10.099999899993218
-17.585803980725018, 20.305624254888045, -10.099999899993218
-17.876736730005522, 20.262084268744708, -10.099999899993218
-18.15250626560573, 20.20118443209246, -10.099999899993218
-18.412858634796194, 20.122980826832098, -10.099999899993218
-18.65755408232396, 20.02754546968934, -10.099999899993218
-18.886367271200122, 19.91496624589553, -10.099999899993218
-19.099087490209907, 19.785346828255186, -10.099999899993218
-19.295518847953986, 19.638806581675052, -10.099999899993218
-19.475480453242405, 19.4754804532424, -10.099999899993218
-19.638806581675052, 19.295518847953986, -10.099999899993218
-19.785346828255186, 19.099087490209907, -10.099999899993218
-19.91496624589553, 18.886367271200122, -10.099999899993218
-20.02754546968935, 18.657554082323955, -10.099999899993218
-20.122980826832105, 18.412858634796194, -10.099999899993218
-20.201184432092468, 18.152506265605723, -10.099999899993218
-20.262084268744715, 17.87673673000552, -10.099999899993218
-20.305624254888045, 17.585803980725014, -10.099999899993218
-20.331764295091705, 17.279975934108197, -10.099999899993218
-20.340480317318345, 16.959534223392787, -10.099999899993218
-20.340480317318345, 16.959534223392787, -10.099999899993215
-20.340480317318345, 15.263580801053486, -10.099999899993215
-20.340480317318345, 13.567627378714185, -10.099999899993215
-20.340480317318345, 11.871673956374885, -10.099999899993215
-20.340480317318345, 10.175720534035584, -10.099999899993215
-20.340480317318345, 8.479767111696287, -10.099999899993215
-20.340480317318345, 6.78381368935699, -10.099999899993215
-20.340480317318345, 5.087860267017689, -10.099999899993215
-20.340480317318345, 3.391906844678388, -10.099999899993215
-20.340480317318345, 1.6959534223390875, -10.099999899993215
-20.340480317318345, -2.1316282072803006e-13, -10.099999899993215
-20.340480317318345, -1.6959534223395138, -10.099999899993215
-20.340480317318345, -3.391906844678811, -10.099999899993215
-20.340480317318345, -5.087860267018115, -10.099999899993215
-20.340480317318345, -6.783813689357412, -10.099999899993215
-20.340480317318345, -8.479767111696713, -10.099999899993215
-20.340480317318345, -10.175720534036014, -10.099999899993215
-20.340480317318345, -11.87167395637531, -10.099999899993215
-20.340480317318345, -13.567627378714615, -10.099999899993215
-20.340480317318345, -15.263580801053912, -10.099999899993215
-20.340480317318345, -16.959534223393213, -10.099999899993215
-20.340480317318356, -16.9595342233932, -10.099999899993216
-20.331764295091716, -17.279975934108613, -10.099999899993216
-20.30562425488806, -17.585803980725434, -10.099999899993216
-20.26208426874473, -17.87673673000594, -10.099999899993216
-20.20118443209248, -18.152506265606146, -10.099999899993216
-20.122980826832116, -18.412858634796613, -10.099999899993216
-20.02754546968936, -18.65755408232438, -10.099999899993216
-19.914966245895545, -18.88636727120055, -10.099999899993216
-19.7853468282552, -19.099087490210334, -10.099999899993216
-19.638806581675063, -19.295518847954412, -10.099999899993216
-19.475480453242408, -19.47548045324283, -10.099999899993216
-19.295518847953993, -19.63880658167548, -10.099999899993216
-19.099087490209914, -19.78534682825562, -10.099999899993216
-18.886367271200122, -19.91496624589596, -10.099999899993216
-18.657554082323955, -20.027545469689777, -10.099999899993216
-18.412858634796187, -20.12298082683253, -10.099999899993216
-18.152506265605712, -20.201184432092894, -10.099999899993216
-17.876736730005504, -20.262084268745145, -10.099999899993216
-17.585803980724993, -20.305624254888478, -10.099999899993216
-17.279975934108176, -20.331764295092132, -10.099999899993216
-16.959534223392758, -20.34048031731878, -10.099999899993216
-16.95953422339273, -20.340480317318757, -10.099999899993216
-15.263580801053436, -20.340480317318757, -10.099999899993216
-13.567627378714143, -20.340480317318757, -10.099999899993216
-11.871673956374849, -20.340480317318754, -10.099999899993216
-10.175720534035554, -20.340480317318754, -10.099999899993216
-8.47976711169626, -20.340480317318754, -10.099999899993216
-6.783813689356968, -20.340480317318754, -10.099999899993216
-5.087860267017675, -20.340480317318754, -10.099999899993216
-3.3919068446783776, -20.340480317318754, -10.099999899993216
-1.695953422339084, -20.340480317318754, -10.099999899993216
2.0961010704922955e-13, -20.340480317318754, -10.099999899993216
1.6959534223395067, -20.340480317318754, -10.099999899993216
3.3919068446787968, -20.340480317318754, -10.099999899993216
5.087860267018094, -20.340480317318754, -10.099999899993216
6.783813689357384, -20.340480317318754, -10.099999899993216
8.479767111696681, -20.340480317318754, -10.099999899993216
10.175720534035975, -20.34048031731875, -10.099999899993216
11.871673956375261, -20.34048031731875, -10.099999899993216
13.567627378714562, -20.34048031731875, -10.099999899993216
15.263580801053855, -20.34048031731875, -10.099999899993216
16.95953422339315, -20.34048031731875, -10.099999899993216
16.95953422339313, -20.340480317318757, -10.099999899993216
17.279975934108542, -20.331764295092118, -10.099999899993216
17.58580398072537, -20.30562425488846, -10.099999899993216
17.876736730005884, -20.262084268745127, -10.099999899993216
18.152506265606085, -20.20118443209288, -10.099999899993216
18.412858634796557, -20.122980826832514, -10.099999899993216
18.657554082324324, -20.027545469689763, -10.099999899993216
18.8863672712005, -19.914966245895943, -10.099999899993216
19.099087490210287, -19.7853468282556, -10.099999899993216
19.295518847954366, -19.63880658167546, -10.099999899993216
19.475480453242785, -19.47548045324281, -10.099999899993216
19.63880658167544, -19.29551884795439, -10.099999899993216
19.785346828255577, -19.099087490210312, -10.099999899993216
19.914966245895922, -18.886367271200527, -10.099999899993216
20.02754546968974, -18.657554082324356, -10.099999899993216
20.122980826832503, -18.41285863479659, -10.099999899993216
20.20118443209286, -18.152506265606117, -10.099999899993216
20.262084268745113, -17.876736730005913, -10.099999899993216
20.305624254888446, -17.5858039807254, -10.099999899993216
20.331764295092103, -17.279975934108577, -10.099999899993216
20.340480317318747, -16.959534223393163, -10.099999899993216
20.340480317318736, -16.95953422339315, -10.099999899993216
20.340480317318736, -15.263580801053854, -10.099999899993216
20.340480317318736, -13.567627378714558, -10.099999899993216
20.340480317318736, -11.871673956375265, -10.099999899993216
20.340480317318736, -10.175720534035968, -10.099999899993216
20.340480317318736, -8.479767111696674, -10.099999899993216
20.340480317318736, -6.78381368935738, -10.099999899993216
20.340480317318736, -5.087860267018087, -10.099999899993216
20.340480317318736, -3.391906844678786, -10.099999899993216
20.340480317318736, -1.6959534223394925, -10.099999899993216
20.340480317318736, -1.9895196601282805e-13, -10.099999899993216
20.340480317318736, 1.6959534223390982, -10.099999899993216
20.340480317318736, 3.3919068446783918, -10.099999899993216
20.340480317318736, 5.087860267017685, -10.099999899993216
20.340480317318736, 6.783813689356979, -10.099999899993216
20.340480317318736, 8.479767111696276, -10.099999899993216
20.340480317318736, 10.175720534035577, -10.099999899993216
20.340480317318736, 11.871673956374863, -10.099999899993216
20.340480317318736, 13.567627378714164, -10.099999899993216
20.340480317318736, 15.263580801053457, -10.099999899993216
20.340480317318736, 16.95953422339275, -10.099999899993216
20.34048031731872, 16.959534223392737, -10.099999899993216
20.331764295092075, 17.279975934108155, -10.099999899993216
20.305624254888418, 17.585803980724975, -10.099999899993216
20.262084268745085, 17.876736730005483, -10.099999899993216
20.201184432092838, 18.152506265605698, -10.099999899993216
20.122980826832475, 18.41285863479617, -10.099999899993216
20.027545469689723, 18.657554082323934, -10.099999899993216
19.914966245895904, 18.886367271200108, -10.099999899993216
19.785346828255562, 19.099087490209897, -10.099999899993216
19.638806581675425, 19.295518847953975, -10.099999899993216
19.475480453242778, 19.475480453242398, -10.099999899993216
19.295518847954362, 19.638806581675045, -10.099999899993216
19.099087490210284, 19.785346828255186, -10.099999899993216
18.886367271200495, 19.914966245895535, -10.099999899993216
18.65755408232433, 20.02754546968935, -10.099999899993216
18.412858634796567, 20.1229808268321, -10.099999899993216
18.152506265606096, 20.201184432092468, -10.099999899993216
17.8767367300059, 20.26208426874472, -10.099999899993216
17.585803980725387, 20.305624254888052, -10.099999899993216
17.27997593410857, 20.331764295091705, -10.099999899993216
16.95953422339316, 20.340480317318352, -10.099999899993216
