2.604049983950549e-17, -0.15761892434230437, 0.987500012500848
0.009720237920716836, -0.15832127541950058, 0.986871014595356
0.01872305799868624, -0.1586257251874509, 0.9863575429679937
0.027007902620395645, -0.1585283354757877, 0.9859475409894856
0.034586392251056766, -0.15799824504264937, 0.9855499063450173
0.040207843550930475, -0.15348210590174927, 0.9852121269408333
0.04508089981142946, -0.14844531898655924, 0.984933208349174
0.04931324055050964, -0.14302318224582697, 0.984505355206539
0.05287546653191763, -0.13725574606050922, 0.9840775026976625
0.05576757775565347, -0.13114301043060606, 0.9836496508225444
0.05804922044493342, -0.12464119166752134, 0.9829999934195153
0.05969570266488742, -0.11776841504271224, 0.9822203522838608
0.058610172475039767, -0.10846049593444457, 0.9813808139981898
0.05576580859012772, -0.09758923491068301, 0.98026395887968
0.05241547692909181, -0.08642097433080145, 0.9788986682345632
0.04851415459965418, -0.07497266707556194, 0.9774178495370276
0.04941192358269389, -0.06891610771222599, 0.9765110225246569
0.05236136433048992, -0.06533866811276777, 0.9758240991643428
0.05565609256167629, -0.062431355231603744, 0.9751371602761347
0.05835131896756064, -0.05986473524167725, 0.9744501866204568
0.059246846574202, -0.057220317503107215, 0.9737631537566427
0.060575067232263385, -0.05527650349026281, 0.9730761071448509
0.06233598094174484, -0.054033293203144005, 0.9723890467850814
0.06397008858055225, -0.0534938183775769, 0.97170199216024
0.06439931647848818, -0.05365176948717078, 0.9710149808110659
0.06532706727389348, -0.054510324322484316, 0.9703279534215836
0.06675334096676813, -0.056069482883517444, 0.9696409099917936
0.06811959757207325, -0.0585239996654488, 0.9689538391475878
0.06779836885609927, -0.062441348372516324, 0.9682667077472042
0.0680630686055646, -0.06702882379788817, 0.9675795620864395
0.06891369682046924, -0.07228642594156437, 0.9668924021652938
0.07215436052753905, -0.07449847779078199, 0.9662067427658764
0.07729975266366261, -0.07414300092147505, 0.9655219243229071
0.08323733128931014, -0.07316709272512538, 0.9648341872000246
0.08990250341882325, -0.07150899068301897, 0.9641447509350869
0.09256978525153627, -0.06622354122340059, 0.9652909380075705
0.09536099559387973, -0.060376007692826486, 0.9667359032653031
0.09883475808523905, -0.054200904033418304, 0.9682455606014009
0.10286912178063992, -0.04737435701467203, 0.968863836986221
0.10758543000404444, -0.04021862616758175, 0.9695420418121743
0.1129836827554526, -0.03273371149214757, 0.9702801750792609
0.11884300692891274, -0.024618719048125945, 0.9699593037460211
0.12494048492437076, -0.017307958402837983, 0.969531468278393
0.13139586570924516, -0.010547296737223322, 0.9691036139432183
0.13832312806855057, -0.0031860438924374845, 0.9678252571214567
0.1458118930596543, 0.004710013225730433, 0.9660296712656
0.15398720666573043, 0.012310091583883659, 0.9641741832672206
0.16262072680423084, 0.019747819170137272, 0.9615970978946426
0.1717060856068329, 0.02778350850187703, 0.9582733369824259
0.18145708641628944, 0.03633665425408245, 0.9548340475053763
0.18641724542976396, 0.047346030472083134, 0.9531561523549885
0.18794456912618196, 0.059664430723864084, 0.9524724678976899
0.18835579783493903, 0.07278011460870784, 0.9517840695760541
0.1876027965792489, 0.08659272485958626, 0.9510932127517953
0.17773661644337702, 0.09685842605219105, 0.9533324642782506
0.16707226089121005, 0.10745579390961742, 0.9558767229740266
0.15613911995887633, 0.11864197941371359, 0.9584107250270626
0.144663662988207, 0.13006788545221526, 0.95959924356695
0.13414803141940482, 0.14088672678839304, 0.9608477099581183
0.12330321602226028, 0.15238751265257355, 0.9621561047904199
0.11167371459029568, 0.16423587876001555, 0.9618305539071577
0.09967141353814318, 0.17673417294672242, 0.9614027376016845
0.08732381304142244, 0.18990258189109122, 0.9609749206624563
0.07437883851768964, 0.20339770609221602, 0.9592701047967453
0.060958085297073965, 0.21738519404695886, 0.9569042863794083
0.048089457562574364, 0.23170963769950467, 0.9544785197374728
0.03488617965467122, 0.24630208854266183, 0.951006065601743
0.021124749434285044, 0.26127727390944183, 0.9465829429553382
0.0069116926394877445, 0.27691810128308153, 0.9420442940364311
-0.011182438778579676, 0.2849093130382024, 0.9401055508245739
-0.03173757974326956, 0.28791666606245037, 0.9394229399282337
-0.053005163151391796, 0.2893450703687208, 0.9387337925529216
-0.07484998462723334, 0.28916295225583344, 0.9380415443011193
-0.09080085350882104, 0.27648477919146436, 0.9414428488032567
-0.10692640950818706, 0.2632815709906159, 0.9450864352391881
-0.12362699516929236, 0.24977295974154917, 0.9486116697607266
-0.14069238930506428, 0.23540064706460026, 0.9503704568384586
-0.1583555536377931, 0.22078332489034722, 0.9521891736248369
-0.17661648816747877, 0.20592099321878998, 0.9540678201198616
-0.19502028504270058, 0.19019393415683322, 0.9537018539774602
-0.2138242407736132, 0.1743626843631479, 0.9532740280857895
-0.23298261442334847, 0.1585018319637039, 0.9528462063141864
-0.2523434065992081, 0.1419523647334905, 0.9506791638819727
-0.2721675080783214, 0.12490579120276048, 0.9477430742346639
-0.2926456086988706, 0.10750208845712211, 0.9447470548787114
-0.3133220979104722, 0.08956970129557178, 0.94034614451996
-0.3342929685834706, 0.07114477479015074, 0.9348237138903167
-0.35589594533876673, 0.052364400002831865, 0.9291857550296075
-0.36697755130519144, 0.028037532678137064, 0.9270551235225781
-0.37203519737522517, 0.0008077932711770394, 0.9263734632061804
-0.37502289691090157, -0.02706859033759267, 0.9256834222190076
-0.3759285712225193, -0.05542248385380837, 0.9249897608201236
-0.055432759253299574, -0.37590183036930924, 0.9250000125008481
-0.07641148126302827, -0.3568486000245251, 0.9300577892084452
-0.09647267342829194, -0.3378531603752941, 0.9351289423748497
-0.11557122487684832, -0.3187957074797352, 0.9398598110398797
-0.1334893770475077, -0.29909792545273806, 0.9425432080442039
-0.15049709116517848, -0.2794767682633011, 0.9452955798511113
-0.16661367535095098, -0.2598597427374665, 0.9479072843076061
-0.1813408025672133, -0.23960108808453418, 0.9479568482223111
-0.19517886153804404, -0.2194058787437818, 0.9480520337047446
-0.20812785226344327, -0.19927411471520934, 0.9481928407549067
-0.21970464033535886, -0.17885114812118852, 0.9465826394632753
-0.23023683454319183, -0.15837746227219585, 0.9444397072695249
-0.23997585244585254, -0.13789927518169043, 0.9420601639604254
-0.2484651856454671, -0.11726482636645072, 0.9382023023665643
-0.25582527333679544, -0.0965798642737824, 0.9335393724185663
-0.26235251622733397, -0.07595599536870247, 0.9289463483215039
-0.24296840503171155, -0.08197975668524896, 0.9276553538453001
-0.21500204682817017, -0.09628000256002155, 0.9274330098739242
-0.187223384436797, -0.1096507018428687, 0.9268117970765003
-0.1596691002505808, -0.12207990881941237, 0.9256874321402491
-0.1322075445569726, -0.13361049555267604, 0.9244341782206653
-0.10483871735597244, -0.14424246204265978, 0.923052035317749
-0.07756261864758039, -0.1539758082893635, 0.9215410034315001
-0.05252330545223548, -0.16281053429278847, 0.9206422798573827
-0.03447499116308181, -0.1707466400529323, 0.9219993890331631
-0.017265164330166727, -0.17778412556979628, 0.9234854169805548
-0.0008938249534905379, -0.18392299084338018, 0.925100363699558
0.014639026966947064, -0.1891632358736842, 0.9268442291901722
0.029321622601718375, -0.19350869320988093, 0.9286835561880205
0.04275229974105599, -0.19709016517001543, 0.9294764708282826
0.055315194282548864, -0.19978255692408609, 0.930315021930413
0.07050212627792464, -0.19439423554416463, 0.9312021413307519
0.08692181766596646, -0.18282911361781934, 0.9321361960853344
0.10230804243591372, -0.16928439647952032, 0.9331103825203251
0.11654893228794191, -0.15386663576417955, 0.9341274871433971
0.1250691031637701, -0.1290900961244612, 0.9367303931388984
0.13219156311338742, -0.10346236124343537, 0.9392854664957373
0.13839656987183507, -0.07783798937865818, 0.9416051996728487
0.14351529298067953, -0.0517686062597055, 0.9423659928578263
0.14773311807375158, -0.02574655283670721, 0.9430212354001868
0.1510500451510513, 0.00022817089033669302, 0.9435709272999306
0.15305565064110066, 0.026089328877604928, 0.9414190415494388
0.15408255804368798, 0.05173112359718683, 0.9385376964105134
0.15421085716362753, 0.0772801778629827, 0.9355274473941164
0.1531962439336219, 0.10291582462565527, 0.9314798019834479
0.1511618652739551, 0.12854766710702625, 0.9268527061176917
0.14824499394786744, 0.1454987112825158, 0.9251214246312068
0.14423578637644527, 0.15328865224838617, 0.9258598555791235
0.13915376483661093, 0.16029992744428173, 0.9262252914347795
0.13320808477236173, 0.16645378166094346, 0.9268351585865717
0.12169405536172108, 0.1740007037283474, 0.9292285472598999
0.10632682061002306, 0.18163068142774277, 0.932010939014758
0.08965327289741354, 0.18768776189951922, 0.9333333980190799
0.07160132998360637, 0.19262630569373682, 0.9346998189866469
0.046853582704740465, 0.1935462638814687, 0.9381197820988683
0.02170294404213126, 0.19338363005595993, 0.9416056923118923
-0.0034671040184832413, 0.19232425239600925, 0.9449430812395045
-0.02884693095900187, 0.19019212487199233, 0.9470212003916696
-0.05365822288654662, 0.18663789401518338, 0.9467583120825076
-0.07842218511813688, 0.18218276514260212, 0.9463898731307288
-0.1033741604604529, 0.17665398337379856, 0.9450407152220393
-0.12827760584007744, 0.17022518465263659, 0.9435904700976452
-0.1531176059075221, 0.16290731768604325, 0.9420946034055225
-0.1780061938105394, 0.154547760473616, 0.9399855603489037
-0.20196445961953755, 0.14494312590432012, 0.9350211176598687
-0.2257916753381971, 0.1344473754329637, 0.9299124213234012
-0.24956199678846486, 0.12294251609057416, 0.9243609794402974
-0.27326326651835803, 0.11046083523047477, 0.9184621042031169
-0.2968528742326476, 0.09711549584596045, 0.912549852507129
-0.3023008981807755, 0.08025493332403355, 0.9141607838887928
-0.30104272267212395, 0.06114954656168496, 0.9185166888572379
-0.29876058352122964, 0.04105519241264025, 0.9229995009880178
-0.29541761665561417, 0.02006228474410631, 0.9276104824004517
-0.2895597975899896, -0.00446562505761075, 0.9333599272050539
-0.28222378971088663, -0.028911047584603902, 0.9375270532492282
-0.2734907481665197, -0.05320203647588752, 0.9401417047645755
-0.2638245640592903, -0.07760910128762324, 0.9423224756431458
-0.2532787556226975, -0.10199011008981353, 0.9444889390145567
-0.24185332285674105, -0.12634506288245861, 0.9466410948788082
-0.22947916583462305, -0.15076809402906646, 0.9484288861706742
-0.2159160737041632, -0.17483262086543447, 0.9488833414989595
-0.20093871919505063, -0.19830850825640112, 0.9470396103529076
-0.18502096392728887, -0.22175863129221027, 0.9449593676361796
-0.16820671407499058, -0.24515076036717817, 0.9428058870554445
-0.15051951159348662, -0.26846761435962513, 0.9406667139818694
-0.13192719573804362, -0.2917213030484458, 0.9384469099711609
-0.11236157876818985, -0.31462454240475135, 0.9354206558945072
-0.09161658006338139, -0.33644661030314665, 0.9296248350405513
-0.06962901451858222, -0.3583377802988052, 0.9239391442454924
-0.04688574438950051, -0.3800491549624011, 0.9181910462746095
-0.023650091423373553, -0.40147622802221655, 0.9123138327712383
7.494005416219807e-16, -0.4226182617406943, 0.9063077870366523
6.982150666838977e-17, -0.42261826174069383, 0.9063077870366526
0.04596892951142231, -0.3830308900879659, 0.9199930820282549
0.09193785902284687, -0.3434435184352362, 0.9336783770198582
0.1371347072861236, -0.3014852724364968, 0.9406235819889367
0.182090802846433, -0.2587877332499394, 0.9454670717628091
0.22676457886002338, -0.215807874516663, 0.9490996890932131
0.2694621180465806, -0.17085177895635362, 0.9442561993193408
0.312159657233138, -0.12589568339604423, 0.9394127095454683
0.3533403613484204, -0.0804456266449887, 0.9302570532719571
0.39292773300115014, -0.03447669713356414, 0.9165717582803538
0.4127214188275109, 0.011492232377856812, 0.9097291107845534
0.3731340471747814, 0.057461161889281784, 0.9234144057761564
0.3335084268264129, 0.10341763561589515, 0.9369909646585323
0.29081088763985585, 0.14837373117620503, 0.9418344544324045
0.24811334845329885, 0.1933298267365148, 0.9466779442062765
0.20456885062658467, 0.23743896365666756, 0.947888816649744
0.1596127550662756, 0.2801365028432251, 0.9430453268758712
0.11465665950596651, 0.32283404202978283, 0.9382018371019984
0.06895339426713246, 0.3632372042616086, 0.9268357295240539
0.02298446475570816, 0.4028245759143386, 0.9131504345324502
-0.0229844647557138, 0.4028245759143343, 0.9131504345324517
-0.06895339426713823, 0.3632372042616048, 0.9268357295240552
-0.11465665950597256, 0.32283404202977906, 0.9382018371019986
-0.159612755066282, 0.2801365028432217, 0.943045326875871
-0.2045688506265913, 0.2374389636566646, 0.9478888166497434
-0.24811334845330552, 0.19332982673651217, 0.9466779442062752
-0.29081088763986285, 0.14837373117620273, 0.9418344544324027
-0.3335084268264201, 0.10341763561589334, 0.9369909646585304
-0.3731340471747886, 0.057461161889280334, 0.9234144057761535
-0.4127214188275182, 0.011492232377855755, 0.9097291107845502
-0.3929277330011543, -0.034476697133566346, 0.9165717582803518
-0.3533403613484243, -0.08044562664499061, 0.9302570532719555
-0.3121596572331416, -0.12589568339604562, 0.9394127095454669
-0.269462118046584, -0.1708517789563547, 0.9442561993193396
-0.22676457886002654, -0.2158078745166636, 0.9490996890932124
-0.18209080284643556, -0.25878773324993976, 0.9454670717628082
-0.137134707286126, -0.3014852724364966, 0.9406235819889364
-0.0919378590228491, -0.34344351843523546, 0.9336783770198583
-0.04596892951142402, -0.3830308900879649, 0.9199930820282552
7.494005416219807e-16, -0.4226182617406943, 0.9063077870366523
6.982150666838977e-17, -0.42261826174069383, 0.9063077870366526
0.04596892951142346, -0.38303089008796504, 0.9199930820282555
0.09193785902284786, -0.34344351843523535, 0.9336783770198587
0.1371347072861244, -0.301485272436496, 0.9406235819889367
0.1820908028464337, -0.25878773324993876, 0.9454670717628092
0.2267645788600239, -0.21580787451666245, 0.9490996890932132
0.2694621180465811, -0.17085177895635317, 0.9442561993193408
0.3121596572331383, -0.1258956833960439, 0.9394127095454684
0.3533403613484206, -0.08044562664498847, 0.9302570532719571
0.39292773300115025, -0.034476697133563994, 0.9165717582803536
0.4127214188275098, 0.011492232377858106, 0.9097291107845539
0.3731340471747805, 0.05746116188928285, 0.923414405776157
0.333508426826412, 0.10341763561589606, 0.9369909646585326
0.2908108876398553, 0.14837373117620567, 0.9418344544324047
0.24811334845329844, 0.19332982673651525, 0.9466779442062766
0.20456885062658448, 0.23743896365666772, 0.947888816649744
0.15961275506627554, 0.2801365028432252, 0.9430453268758712
0.1146566595059666, 0.3228340420297827, 0.9382018371019984
0.06895339426713268, 0.3632372042616084, 0.9268357295240539
0.022984464755708568, 0.4028245759143383, 0.9131504345324504
-0.022984464755713176, 0.4028245759143348, 0.9131504345324515
-0.0689533942671377, 0.3632372042616053, 0.926835729524055
-0.11465665950597187, 0.32283404202977967, 0.9382018371019984
-0.15961275506628125, 0.28013650284322245, 0.943045326875871
-0.20456885062659064, 0.2374389636566652, 0.9478888166497434
-0.2481133484533048, 0.1933298267365129, 0.9466779442062752
-0.290810887639862, 0.14837373117620353, 0.9418344544324027
-0.33350842682641924, 0.10341763561589419, 0.9369909646585304
-0.37313404717478793, 0.057461161889281076, 0.9234144057761539
-0.41272141882751756, 0.011492232377856565, 0.9097291107845504
-0.39292773300115513, -0.034476697133565284, 0.9165717582803514
-0.35334036134842506, -0.0804456266449897, 0.9302570532719553
-0.3121596572331425, -0.12589568339604465, 0.9394127095454666
-0.26946211804658493, -0.1708517789563537, 0.9442561993193395
-0.22676457886002727, -0.21580787451666286, 0.9490996890932123
-0.1820908028464364, -0.258787733249939, 0.9454670717628083
-0.13713470728612684, -0.30148527243649575, 0.9406235819889364
-0.0919378590228497, -0.34344351843523496, 0.9336783770198587
-0.04596892951142495, -0.3830308900879643, 0.9199930820282557
1.1102230246251565e-16, -0.42261826174069383, 0.9063077870366526
6.982150666838977e-17, -0.42261826174069383, 0.9063077870366526
0.045968929511421036, -0.38303089008796704, 0.9199930820282547
0.09193785902284565, -0.3434435184352373, 0.9336783770198581
0.13713470728612245, -0.30148527243649786, 0.9406235819889366
0.18209080284643192, -0.2587877332499405, 0.945467071762809
0.2267645788600223, -0.21580787451666408, 0.9490996890932131
0.2694621180465797, -0.1708517789563546, 0.9442561993193408
0.3121596572331371, -0.12589568339604518, 0.9394127095454685
0.3533403613484195, -0.08044562664498964, 0.9302570532719573
0.39292773300114936, -0.034476697133565014, 0.9165717582803539
0.412721418827512, 0.011492232377855564, 0.9097291107845532
0.3731340471747824, 0.057461161889280576, 0.9234144057761562
0.3335084268264139, 0.1034176356158941, 0.9369909646585324
0.29081088763985696, 0.1483737311762039, 0.9418344544324044
0.2481133484532999, 0.19332982673651367, 0.9466779442062765
0.2045688506265859, 0.2374389636566664, 0.9478888166497441
0.15961275506627676, 0.28013650284322406, 0.9430453268758714
0.11465665950596761, 0.3228340420297817, 0.9382018371019984
0.06895339426713357, 0.36323720426160766, 0.9268357295240544
0.0229844647557093, 0.4028245759143376, 0.9131504345324506
-0.022984464755713238, 0.40282457591433474, 0.9131504345324515
-0.06895339426713787, 0.3632372042616051, 0.9268357295240551
-0.11465665950597215, 0.32283404202977944, 0.9382018371019984
-0.15961275506628161, 0.2801365028432221, 0.943045326875871
-0.20456885062659105, 0.23743896365666484, 0.9478888166497434
-0.24811334845330524, 0.19332982673651244, 0.9466779442062749
-0.2908108876398625, 0.148373731176203, 0.9418344544324027
-0.3335084268264199, 0.10341763561589358, 0.9369909646585304
-0.3731340471747884, 0.057461161889280514, 0.9234144057761536
-0.4127214188275181, 0.011492232377855923, 0.9097291107845502
-0.3929277330011545, -0.0344766971335661, 0.9165717582803516
-0.35334036134842445, -0.08044562664499044, 0.9302570532719554
-0.3121596572331417, -0.12589568339604548, 0.9394127095454669
-0.2694621180465841, -0.17085177895635456, 0.9442561993193396
-0.2267645788600266, -0.21580787451666353, 0.9490996890932124
-0.18209080284643564, -0.2587877332499397, 0.9454670717628082
-0.13713470728612606, -0.30148527243649653, 0.9406235819889364
-0.09193785902284914, -0.3434435184352355, 0.9336783770198585
-0.04596892951142404, -0.383030890087965, 0.9199930820282554
7.494005416219807e-16, -0.4226182617406943, 0.9063077870366523
6.982150666838977e-17, -0.42261826174069383, 0.9063077870366526
0.04596892951142349, -0.38303089008796504, 0.9199930820282555
0.09193785902284793, -0.3434435184352353, 0.9336783770198587
0.1371347072861245, -0.3014852724364959, 0.9406235819889367
0.1820908028464338, -0.25878773324993865, 0.9454670717628092
0.22676457886002405, -0.2158078745166623, 0.9490996890932131
0.26946211804658127, -0.170851778956353, 0.9442561993193408
0.31215965723313854, -0.1258956833960437, 0.9394127095454684
0.35334036134842084, -0.08044562664498825, 0.930257053271957
0.39292773300115047, -0.03447669713356375, 0.9165717582803536
0.41272141882751007, 0.011492232377857712, 0.9097291107845539
0.3731340471747807, 0.057461161889282554, 0.9234144057761569
0.33350842682641224, 0.10341763561589584, 0.9369909646585324
0.2908108876398554, 0.1483737311762055, 0.9418344544324047
0.24811334845329847, 0.19332982673651516, 0.9466779442062765
0.20456885062658442, 0.2374389636566678, 0.9478888166497441
0.15961275506627542, 0.28013650284322533, 0.9430453268758713
0.11465665950596646, 0.32283404202978283, 0.9382018371019983
0.0689533942671324, 0.36323720426160866, 0.9268357295240539
0.022984464755708194, 0.4028245759143386, 0.9131504345324502
-0.02298446475571418, 0.40282457591433396, 0.9131504345324518
-0.06895339426713873, 0.36323720426160433, 0.9268357295240554
-0.11465665950597295, 0.3228340420297786, 0.9382018371019987
-0.15961275506628228, 0.28013650284322145, 0.9430453268758711
-0.20456885062659175, 0.23743896365666417, 0.9478888166497434
-0.24811334845330585, 0.19332982673651175, 0.9466779442062749
-0.29081088763986307, 0.14837373117620248, 0.9418344544324027
-0.33350842682642035, 0.10341763561589308, 0.9369909646585304
-0.3731340471747888, 0.05746116188928002, 0.9234144057761535
-0.4127214188275186, 0.011492232377855347, 0.9097291107845502
-0.392927733001154, -0.03447669713356671, 0.9165717582803519
-0.3533403613484241, -0.08044562664499084, 0.9302570532719556
-0.3121596572331413, -0.12589568339604595, 0.9394127095454669
-0.26946211804658365, -0.170851778956355, 0.9442561993193397
-0.22676457886002618, -0.21580787451666392, 0.9490996890932124
-0.18209080284643528, -0.25878773324994003, 0.9454670717628083
-0.13713470728612537, -0.30148527243649714, 0.9406235819889364
-0.0919378590228485, -0.3434435184352361, 0.9336783770198583
-0.04596892951142336, -0.38303089008796565, 0.9199930820282551
1.4432899320127035e-15, -0.42261826174069494, 0.9063077870366522
6.982150666838977e-17, -0.42261826174069383, 0.9063077870366526
0.04596892951142227, -0.3830308900879661, 0.919993082028255
0.09193785902284679, -0.34344351843523635, 0.9336783770198585
0.1371347072861235, -0.301485272436497, 0.9406235819889367
0.1820908028464329, -0.25878773324993964, 0.9454670717628092
0.2267645788600231, -0.2158078745166632, 0.9490996890932131
0.2694621180465805, -0.1708517789563538, 0.9442561993193408
0.31215965723313777, -0.12589568339604446, 0.9394127095454685
0.3533403613484202, -0.08044562664498893, 0.9302570532719571
0.39292773300114997, -0.03447669713356435, 0.9165717582803536
0.4127214188275109, 0.011492232377856786, 0.9097291107845535
0.3731340471747815, 0.057461161889281714, 0.9234144057761565
0.333508426826413, 0.10341763561589506, 0.9369909646585324
0.29081088763985613, 0.14837373117620475, 0.9418344544324045
0.24811334845329913, 0.1933298267365145, 0.9466779442062764
0.20456885062658509, 0.23743896365666722, 0.9478888166497441
0.1596127550662761, 0.2801365028432247, 0.9430453268758713
0.11465665950596708, 0.3228340420297823, 0.9382018371019984
0.06895339426713304, 0.3632372042616081, 0.9268357295240541
0.022984464755708752, 0.4028245759143381, 0.9131504345324504
-0.0229844647557131, 0.40282457591433485, 0.9131504345324515
-0.0689533942671376, 0.36323720426160533, 0.926835729524055
-0.1146566595059719, 0.3228340420297796, 0.9382018371019984
-0.1596127550662812, 0.28013650284322245, 0.943045326875871
-0.20456885062659064, 0.2374389636566652, 0.9478888166497434
-0.24811334845330485, 0.19332982673651283, 0.9466779442062752
-0.290810887639862, 0.14837373117620353, 0.9418344544324029
-0.33350842682641935, 0.10341763561589408, 0.9369909646585304
-0.373134047174788, 0.057461161889281034, 0.9234144057761539
-0.4127214188275175, 0.011492232377856597, 0.9097291107845505
-0.3929277330011549, -0.03447669713356561, 0.9165717582803515
-0.35334036134842517, -0.08044562664498961, 0.9302570532719553
-0.31215965723314243, -0.12589568339604473, 0.9394127095454666
-0.26946211804658493, -0.17085177895635367, 0.9442561993193395
-0.22676457886002724, -0.21580787451666286, 0.9490996890932123
-0.18209080284643636, -0.258787733249939, 0.9454670717628083
-0.1371347072861268, -0.3014852724364958, 0.9406235819889364
-0.09193785902284968, -0.343443518435235, 0.9336783770198587
-0.04596892951142461, -0.3830308900879646, 0.9199930820282556
1.1102230246251565e-16, -0.42261826174069383, 0.9063077870366526
6.982150666838977e-17, -0.42261826174069383, 0.9063077870366526
0.04596892951142233, -0.383030890087966, 0.919993082028255
0.0919378590228469, -0.34344351843523624, 0.9336783770198585
0.13713470728612362, -0.3014852724364968, 0.9406235819889367
0.18209080284643303, -0.2587877332499394, 0.9454670717628092
0.22676457886002338, -0.21580787451666297, 0.9490996890932131
0.2694621180465807, -0.17085177895635356, 0.9442561993193408
0.31215965723313804, -0.12589568339604412, 0.9394127095454683
0.35334036134842045, -0.0804456266449886, 0.930257053271957
0.3929277330011502, -0.034476697133564056, 0.9165717582803536
0.412721418827511, 0.011492232377856534, 0.9097291107845533
0.3731340471747817, 0.05746116188928149, 0.9234144057761564
0.3335084268264132, 0.1034176356158949, 0.9369909646585324
0.2908108876398562, 0.14837373117620473, 0.9418344544324044
0.24811334845329913, 0.1933298267365145, 0.9466779442062765
0.20456885062658497, 0.23743896365666722, 0.9478888166497441
0.15961275506627598, 0.2801365028432248, 0.9430453268758712
0.11465665950596693, 0.3228340420297824, 0.9382018371019984
0.0689533942671329, 0.3632372042616082, 0.9268357295240539
0.022984464755708527, 0.4028245759143383, 0.9131504345324503
-0.02298446475571273, 0.4028245759143352, 0.9131504345324514
-0.06895339426713726, 0.36323720426160566, 0.9268357295240549
-0.11465665950597159, 0.32283404202977994, 0.9382018371019984
-0.159612755066281, 0.28013650284322267, 0.9430453268758708
-0.20456885062659033, 0.23743896365666547, 0.9478888166497434
-0.24811334845330463, 0.19332982673651306, 0.9466779442062752
-0.29081088763986196, 0.14837373117620367, 0.9418344544324028
-0.3335084268264191, 0.1034176356158943, 0.9369909646585305
-0.37313404717478776, 0.057461161889281215, 0.9234144057761539
-0.41272141882751745, 0.011492232377856695, 0.9097291107845505
-0.3929277330011541, -0.0344766971335666, 0.9165717582803519
-0.35334036134842417, -0.0804456266449907, 0.9302570532719556
-0.31215965723314126, -0.12589568339604593, 0.9394127095454669
-0.2694621180465836, -0.17085177895635503, 0.9442561993193397
-0.22676457886002604, -0.21580787451666406, 0.9490996890932124
-0.18209080284643508, -0.2587877332499402, 0.9454670717628083
-0.13713470728612542, -0.3014852724364971, 0.9406235819889364
-0.0919378590228485, -0.343443518435236, 0.9336783770198582
-0.04596892951142336, -0.3830308900879656, 0.9199930820282551
1.4432899320127035e-15, -0.42261826174069494, 0.9063077870366522
6.982150666838977e-17, -0.42261826174069383, 0.9063077870366526
0.04596892951142352, -0.3830308900879649, 0.9199930820282555
0.09193785902284798, -0.34344351843523524, 0.9336783770198586
0.13713470728612462, -0.3014852724364958, 0.9406235819889368
0.18209080284643397, -0.25878773324993853, 0.9454670717628092
0.22676457886002416, -0.21580787451666217, 0.9490996890932131
0.26946211804658143, -0.17085177895635284, 0.9442561993193408
0.31215965723313865, -0.1258956833960435, 0.9394127095454683
0.353340361348421, -0.08044562664498801, 0.930257053271957
0.3929277330011506, -0.034476697133563536, 0.9165717582803535
0.4127214188275099, 0.011492232377857884, 0.9097291107845539
0.37313404717478055, 0.05746116188928278, 0.9234144057761569
0.3335084268264121, 0.10341763561589604, 0.9369909646585324
0.2908108876398552, 0.14837373117620578, 0.9418344544324047
0.2481133484532983, 0.1933298267365154, 0.9466779442062767
0.2045688506265842, 0.23743896365666797, 0.9478888166497439
0.15961275506627526, 0.28013650284322544, 0.9430453268758712
0.11465665950596625, 0.322834042029783, 0.9382018371019982
0.06895339426713232, 0.36323720426160866, 0.9268357295240537
0.02298446475570819, 0.40282457591433857, 0.9131504345324502
-0.02298446475571355, 0.4028245759143345, 0.9131504345324517
-0.06895339426713815, 0.3632372042616049, 0.9268357295240552
-0.11465665950597238, 0.3228340420297793, 0.9382018371019986
-0.1596127550662817, 0.280136502843222, 0.943045326875871
-0.20456885062659108, 0.23743896365666478, 0.9478888166497434
-0.24811334845330524, 0.19332982673651244, 0.946677944206275
-0.2908108876398625, 0.148373731176203, 0.9418344544324027
-0.33350842682641957, 0.10341763561589387, 0.9369909646585304
-0.37313404717478815, 0.05746116188928077, 0.9234144057761537
-0.41272141882751784, 0.01149223237785621, 0.9097291107845504
-0.39292773300115447, -0.03447669713356621, 0.9165717582803516
-0.3533403613484246, -0.08044562664499026, 0.9302570532719554
-0.3121596572331418, -0.1258956833960454, 0.9394127095454667
-0.2694621180465844, -0.1708517789563543, 0.9442561993193396
-0.22676457886002666, -0.21580787451666344, 0.9490996890932124
-0.18209080284643606, -0.25878773324993926, 0.9454670717628084
-0.13713470728612653, -0.3014852724364961, 0.9406235819889364
-0.09193785902284939, -0.34344351843523535, 0.9336783770198586
-0.04596892951142496, -0.3830308900879643, 0.9199930820282557
1.1102230246251565e-16, -0.42261826174069383, 0.9063077870366526
6.982150666838977e-17, -0.42261826174069383, 0.9063077870366526
0.045968929511423506, -0.383030890087965, 0.9199930820282555
0.09193785902284794, -0.3434435184352353, 0.9336783770198587
0.1371347072861246, -0.30148527243649587, 0.9406235819889367
0.18209080284643386, -0.25878773324993865, 0.9454670717628092
0.2267645788600241, -0.21580787451666228, 0.9490996890932131
0.2694621180465813, -0.1708517789563529, 0.9442561993193408
0.31215965723313854, -0.12589568339604365, 0.9394127095454683
0.35334036134842084, -0.08044562664498815, 0.930257053271957
0.3929277330011505, -0.03447669713356369, 0.9165717582803535
0.41272141882751, 0.011492232377857762, 0.9097291107845539
0.3731340471747807, 0.05746116188928266, 0.9234144057761569
0.33350842682641213, 0.10341763561589593, 0.9369909646585324
0.2908108876398553, 0.14837373117620561, 0.9418344544324047
0.24811334845329847, 0.19332982673651522, 0.9466779442062765
0.20456885062658436, 0.23743896365666783, 0.9478888166497439
0.1596127550662754, 0.28013650284322533, 0.9430453268758712
0.11465665950596637, 0.32283404202978294, 0.9382018371019982
0.06895339426713244, 0.36323720426160855, 0.9268357295240538
0.022984464755708298, 0.4028245759143385, 0.9131504345324502
-0.02298446475571419, 0.4028245759143339, 0.9131504345324519
-0.06895339426713867, 0.36323720426160433, 0.9268357295240552
-0.1146566595059729, 0.32283404202977867, 0.9382018371019987
-0.15961275506628225, 0.28013650284322145, 0.9430453268758711
-0.2045688506265916, 0.2374389636566643, 0.9478888166497434
-0.24811334845330568, 0.19332982673651197, 0.9466779442062749
-0.29081088763986296, 0.1483737311762026, 0.9418344544324027
-0.3335084268264201, 0.10341763561589329, 0.9369909646585304
-0.3731340471747886, 0.057461161889280285, 0.9234144057761537
-0.4127214188275183, 0.011492232377855724, 0.9097291107845503
-0.3929277330011543, -0.034476697133566346, 0.9165717582803518
-0.35334036134842434, -0.08044562664499057, 0.9302570532719554
-0.3121596572331416, -0.12589568339604562, 0.9394127095454669
-0.26946211804658404, -0.17085177895635464, 0.9442561993193396
-0.22676457886002654, -0.2158078745166636, 0.9490996890932124
-0.1820908028464356, -0.2587877332499397, 0.9454670717628082
-0.13713470728612603, -0.30148527243649653, 0.9406235819889364
-0.0919378590228491, -0.3434435184352355, 0.9336783770198585
-0.045968929511424034, -0.383030890087965, 0.9199930820282552
7.494005416219807e-16, -0.4226182617406943, 0.9063077870366523
6.982150666838977e-17, -0.42261826174069383, 0.9063077870366526
0.045968929511423506, -0.3830308900879649, 0.9199930820282555
0.09193785902284796, -0.34344351843523524, 0.9336783770198586
0.1371347072861246, -0.3014852724364958, 0.9406235819889367
0.18209080284643392, -0.25878773324993853, 0.9454670717628092
0.22676457886002419, -0.21580787451666217, 0.9490996890932131
0.26946211804658143, -0.17085177895635287, 0.9442561993193408
0.31215965723313865, -0.12589568339604357, 0.9394127095454683
0.35334036134842095, -0.08044562664498808, 0.9302570532719568
0.39292773300115064, -0.03447669713356358, 0.9165717582803535
0.4127214188275099, 0.011492232377857946, 0.9097291107845539
0.3731340471747806, 0.05746116188928277, 0.9234144057761569
0.3335084268264121, 0.10341763561589604, 0.9369909646585324
0.2908108876398552, 0.14837373117620573, 0.9418344544324047
0.2481133484532983, 0.19332982673651536, 0.9466779442062765
0.20456885062658423, 0.237438963656668, 0.9478888166497439
0.15961275506627526, 0.28013650284322544, 0.9430453268758712
0.11465665950596628, 0.32283404202978305, 0.9382018371019983
0.06895339426713226, 0.36323720426160877, 0.9268357295240539
0.022984464755708048, 0.40282457591433873, 0.9131504345324502
-0.02298446475571443, 0.40282457591433374, 0.9131504345324519
-0.06895339426713883, 0.3632372042616043, 0.9268357295240554
-0.11465665950597304, 0.3228340420297785, 0.9382018371019987
-0.15961275506628247, 0.2801365028432213, 0.9430453268758711
-0.20456885062659175, 0.23743896365666417, 0.9478888166497434
-0.2481133484533058, 0.19332982673651186, 0.9466779442062752
-0.29081088763986307, 0.14837373117620245, 0.9418344544324027
-0.33350842682642035, 0.10341763561589308, 0.9369909646585304
-0.3731340471747887, 0.057461161889280146, 0.9234144057761535
-0.4127214188275184, 0.011492232377855589, 0.9097291107845502
-0.39292773300115424, -0.03447669713356642, 0.9165717582803518
-0.3533403613484243, -0.08044562664499062, 0.9302570532719555
-0.3121596572331416, -0.1258956833960456, 0.9394127095454667
-0.26946211804658393, -0.1708517789563547, 0.9442561993193396
-0.22676457886002646, -0.21580787451666364, 0.9490996890932124
-0.18209080284643556, -0.25878773324993976, 0.9454670717628083
-0.13713470728612598, -0.3014852724364966, 0.9406235819889364
-0.09193785902284908, -0.3434435184352355, 0.9336783770198585
-0.045968929511424006, -0.38303089008796504, 0.9199930820282552
7.494005416219807e-16, -0.4226182617406943, 0.9063077870366523
6.982150666838977e-17, -0.42261826174069383, 0.9063077870366526
0.04596892951142352, -0.383030890087965, 0.9199930820282555
0.09193785902284798, -0.34344351843523524, 0.9336783770198587
0.1371347072861246, -0.3014852724364958, 0.9406235819889367
0.18209080284643392, -0.25878773324993853, 0.9454670717628092
0.22676457886002419, -0.21580787451666217, 0.9490996890932131
0.26946211804658143, -0.17085177895635287, 0.9442561993193408
0.31215965723313865, -0.12589568339604357, 0.9394127095454683
0.35334036134842095, -0.08044562664498808, 0.9302570532719568
0.39292773300115064, -0.03447669713356357, 0.9165717582803535
0.4127214188275099, 0.011492232377857944, 0.9097291107845539
0.3731340471747805, 0.05746116188928276, 0.9234144057761569
0.3335084268264121, 0.10341763561589604, 0.9369909646585324
0.2908108876398552, 0.14837373117620573, 0.9418344544324047
0.2481133484532983, 0.19332982673651533, 0.9466779442062765
0.20456885062658423, 0.237438963656668, 0.9478888166497441
0.15961275506627526, 0.2801365028432255, 0.9430453268758712
0.11465665950596626, 0.32283404202978305, 0.9382018371019984
0.06895339426713226, 0.36323720426160877, 0.9268357295240539
0.022984464755708048, 0.40282457591433873, 0.9131504345324502
-0.022984464755714435, 0.40282457591433374, 0.9131504345324519
-0.06895339426713884, 0.36323720426160433, 0.9268357295240555
-0.11465665950597306, 0.32283404202977856, 0.9382018371019987
-0.15961275506628247, 0.28013650284322134, 0.9430453268758711
-0.20456885062659175, 0.23743896365666417, 0.9478888166497434
-0.2481133484533058, 0.19332982673651186, 0.9466779442062752
-0.29081088763986307, 0.14837373117620248, 0.9418344544324027
-0.33350842682642046, 0.10341763561589308, 0.9369909646585304
-0.37313404717478876, 0.05746116188928009, 0.9234144057761536
-0.4127214188275185, 0.011492232377855481, 0.9097291107845503
-0.39292773300115413, -0.03447669713356657, 0.9165717582803519
-0.3533403613484241, -0.08044562664499082, 0.9302570532719556
-0.3121596572331415, -0.1258956833960458, 0.9394127095454669
-0.2694621180465839, -0.1708517789563548, 0.9442561993193396
-0.22676457886002646, -0.21580787451666367, 0.9490996890932124
-0.18209080284643553, -0.25878773324993976, 0.9454670717628082
-0.13713470728612598, -0.3014852724364966, 0.9406235819889364
-0.09193785902284911, -0.3434435184352355, 0.9336783770198585
-0.04596892951142401, -0.38303089008796504, 0.9199930820282554
7.494005416219807e-16, -0.4226182617406943, 0.9063077870366523
6.982150666838977e-17, -0.42261826174069383, 0.9063077870366526
0.045968929511423506, -0.3830308900879649, 0.9199930820282555
0.09193785902284796, -0.34344351843523524, 0.9336783770198586
0.1371347072861246, -0.3014852724364958, 0.9406235819889367
0.18209080284643392, -0.25878773324993853, 0.9454670717628092
0.22676457886002416, -0.21580787451666217, 0.9490996890932131
0.2694621180465814, -0.17085177895635287, 0.9442561993193408
0.31215965723313865, -0.12589568339604357, 0.9394127095454683
0.35334036134842095, -0.08044562664498808, 0.930257053271957
0.3929277330011506, -0.0344766971335636, 0.9165717582803535
0.4127214188275099, 0.011492232377857882, 0.9097291107845539
0.37313404717478055, 0.05746116188928272, 0.9234144057761569
0.3335084268264121, 0.10341763561589598, 0.9369909646585324
0.29081088763985524, 0.14837373117620567, 0.9418344544324045
0.24811334845329835, 0.19332982673651528, 0.9466779442062765
0.2045688506265843, 0.2374389636566679, 0.9478888166497441
0.15961275506627534, 0.28013650284322544, 0.9430453268758713
0.11465665950596632, 0.32283404202978294, 0.9382018371019984
0.06895339426713241, 0.36323720426160866, 0.9268357295240539
0.022984464755708284, 0.4028245759143385, 0.9131504345324502
-0.022984464755714182, 0.40282457591433396, 0.9131504345324519
-0.06895339426713867, 0.36323720426160444, 0.9268357295240555
-0.11465665950597287, 0.3228340420297787, 0.9382018371019987
-0.1596127550662822, 0.2801365028432216, 0.9430453268758711
-0.20456885062659153, 0.23743896365666436, 0.9478888166497434
-0.2481133484533056, 0.19332982673651208, 0.946677944206275
-0.29081088763986285, 0.1483737311762027, 0.9418344544324027
-0.3335084268264199, 0.10341763561589352, 0.9369909646585304
-0.3731340471747884, 0.05746116188928048, 0.9234144057761537
-0.41272141882751806, 0.011492232377855922, 0.9097291107845503
-0.3929277330011535, -0.03447669713356728, 0.9165717582803521
-0.3533403613484236, -0.08044562664499141, 0.9302570532719557
-0.31215965723314076, -0.12589568339604648, 0.939412709545467
-0.2694621180465834, -0.17085177895635534, 0.9442561993193397
-0.22676457886002566, -0.2158078745166645, 0.9490996890932125
-0.18209080284643497, -0.2587877332499403, 0.9454670717628083
-0.13713470728612537, -0.30148527243649714, 0.9406235819889364
-0.09193785902284818, -0.34344351843523635, 0.9336783770198582
-0.04596892951142367, -0.3830308900879654, 0.9199930820282552
1.4432899320127035e-15, -0.42261826174069494, 0.9063077870366522
6.982150666838977e-17, -0.42261826174069383, 0.9063077870366526
0.04596892951142348, -0.38303089008796504, 0.9199930820282555
0.09193785902284789, -0.34344351843523535, 0.9336783770198587
0.13713470728612448, -0.301485272436496, 0.9406235819889368
0.18209080284643375, -0.25878773324993876, 0.9454670717628092
0.22676457886002388, -0.21580787451666245, 0.9490996890932131
0.2694621180465811, -0.17085177895635315, 0.9442561993193408
0.3121596572331383, -0.1258956833960439, 0.9394127095454684
0.35334036134842056, -0.08044562664498846, 0.930257053271957
0.3929277330011502, -0.03447669713356402, 0.9165717582803536
0.41272141882751023, 0.011492232377857552, 0.9097291107845539
0.37313404717478094, 0.057461161889282394, 0.9234144057761569
0.33350842682641235, 0.10341763561589569, 0.9369909646585324
0.2908108876398555, 0.14837373117620534, 0.9418344544324044
0.2481133484532987, 0.19332982673651491, 0.9466779442062764
0.20456885062658473, 0.23743896365666753, 0.9478888166497441
0.15961275506627573, 0.28013650284322505, 0.9430453268758713
0.1146566595059667, 0.3228340420297826, 0.9382018371019984
0.0689533942671329, 0.3632372042616082, 0.9268357295240541
0.02298446475570877, 0.40282457591433807, 0.9131504345324504
-0.022984464755713703, 0.4028245759143343, 0.9131504345324517
-0.0689533942671382, 0.3632372042616048, 0.9268357295240552
-0.11465665950597237, 0.32283404202977917, 0.9382018371019984
-0.1596127550662817, 0.280136502843222, 0.943045326875871
-0.2045688506265911, 0.23743896365666478, 0.9478888166497434
-0.24811334845330518, 0.1933298267365125, 0.946677944206275
-0.29081088763986246, 0.14837373117620312, 0.9418344544324027
-0.33350842682641946, 0.10341763561589395, 0.9369909646585304
-0.3731340471747881, 0.05746116188928087, 0.9234144057761537
-0.4127214188275178, 0.011492232377856333, 0.9097291107845504
-0.39292773300115363, -0.034476697133567116, 0.9165717582803521
-0.3533403613484237, -0.08044562664499129, 0.9302570532719558
-0.3121596572331408, -0.12589568339604643, 0.939412709545467
-0.2694621180465833, -0.17085177895635537, 0.9442561993193397
-0.22676457886002555, -0.21580787451666458, 0.9490996890932125
-0.18209080284643492, -0.25878773324994037, 0.9454670717628083
-0.13713470728612534, -0.3014852724364972, 0.9406235819889364
-0.09193785902284812, -0.3434435184352364, 0.9336783770198582
-0.045968929511423354, -0.38303089008796565, 0.9199930820282551
1.4432899320127035e-15, -0.42261826174069494, 0.9063077870366522
6.982150666838977e-17, -0.42261826174069383, 0.9063077870366526
0.045968929511422243, -0.38303089008796604, 0.9199930820282549
0.09193785902284674, -0.3434435184352363, 0.9336783770198582
0.13713470728612343, -0.3014852724364969, 0.9406235819889366
0.18209080284643278, -0.2587877332499397, 0.9454670717628091
0.22676457886002305, -0.21580787451666328, 0.9490996890932131
0.2694621180465804, -0.17085177895635395, 0.9442561993193408
0.31215965723313766, -0.12589568339604462, 0.9394127095454685
0.35334036134842, -0.08044562664498912, 0.9302570532719572
0.39292773300114975, -0.034476697133564625, 0.9165717582803539
0.4127214188275104, 0.011492232377857355, 0.9097291107845538
0.3731340471747811, 0.057461161889282165, 0.9234144057761566
0.33350842682641246, 0.10341763561589556, 0.9369909646585324
0.29081088763985563, 0.14837373117620525, 0.9418344544324044
0.2481133484532987, 0.19332982673651497, 0.9466779442062765
0.2045688506265847, 0.23743896365666756, 0.9478888166497441
0.15961275506627562, 0.28013650284322517, 0.9430453268758712
0.11465665950596658, 0.3228340420297827, 0.9382018371019984
0.06895339426713264, 0.36323720426160844, 0.9268357295240539
0.022984464755708457, 0.4028245759143384, 0.9131504345324503
-0.022984464755714053, 0.40282457591433407, 0.9131504345324518
-0.0689533942671386, 0.36323720426160444, 0.9268357295240552
-0.1146566595059728, 0.3228340420297788, 0.9382018371019986
-0.15961275506628217, 0.28013650284322156, 0.943045326875871
-0.2045688506265917, 0.2374389636566642, 0.9478888166497434
-0.2481133484533059, 0.19332982673651175, 0.9466779442062749
-0.2908108876398631, 0.14837373117620242, 0.9418344544324027
-0.33350842682642035, 0.10341763561589304, 0.9369909646585304
-0.3731340471747889, 0.057461161889279896, 0.9234144057761535
-0.41272141882751845, 0.011492232377855438, 0.9097291107845502
-0.3929277330011538, -0.034476697133566964, 0.9165717582803521
-0.3533403613484238, -0.0804456266449912, 0.9302570532719556
-0.3121596572331409, -0.12589568339604634, 0.9394127095454669
-0.2694621180465833, -0.1708517789563554, 0.9442561993193397
-0.22676457886002582, -0.2158078745166643, 0.9490996890932125
-0.18209080284643522, -0.2587877332499401, 0.9454670717628083
-0.13713470728612534, -0.3014852724364972, 0.9406235819889364
-0.09193785902284844, -0.34344351843523613, 0.9336783770198583
-0.04596892951142366, -0.3830308900879654, 0.9199930820282552
1.4432899320127035e-15, -0.42261826174069494, 0.9063077870366522
6.982150666838977e-17, -0.42261826174069383, 0.9063077870366526
0.04596892951142355, -0.3830308900879649, 0.9199930820282555
0.09193785902284801, -0.34344351843523524, 0.9336783770198587
0.13713470728612467, -0.30148527243649575, 0.9406235819889367
0.18209080284643397, -0.25878773324993853, 0.9454670717628093
0.22676457886002416, -0.2158078745166621, 0.949099689093213
0.2694621180465815, -0.17085177895635273, 0.9442561993193408
0.3121596572331387, -0.12589568339604343, 0.9394127095454683
0.35334036134842106, -0.08044562664498794, 0.9302570532719568
0.39292773300115075, -0.03447669713356345, 0.9165717582803535
0.4127214188275099, 0.011492232377858007, 0.9097291107845539
0.3731340471747805, 0.05746116188928288, 0.9234144057761569
0.3335084268264119, 0.1034176356158962, 0.9369909646585324
0.2908108876398551, 0.1483737311762059, 0.9418344544324047
0.24811334845329813, 0.19332982673651558, 0.9466779442062766
0.2045688506265841, 0.2374389636566681, 0.9478888166497439
0.15961275506627506, 0.28013650284322567, 0.9430453268758712
0.1146566595059661, 0.32283404202978316, 0.9382018371019982
0.0689533942671321, 0.3632372042616089, 0.9268357295240537
0.022984464755707954, 0.4028245759143388, 0.9131504345324502
-0.02298446475571451, 0.4028245759143336, 0.9131504345324519
-0.06895339426713898, 0.3632372042616041, 0.9268357295240554
-0.11465665950597317, 0.3228340420297784, 0.9382018371019987
-0.15961275506628253, 0.2801365028432212, 0.9430453268758711
-0.2045688506265919, 0.237438963656664, 0.9478888166497434
-0.24811334845330602, 0.1933298267365116, 0.9466779442062749
-0.2908108876398632, 0.1483737311762023, 0.9418344544324027
-0.33350842682642046, 0.10341763561589293, 0.9369909646585304
-0.3731340471747889, 0.05746116188927995, 0.9234144057761535
-0.41272141882751845, 0.01149223237785547, 0.9097291107845502
-0.39292773300115413, -0.03447669713356657, 0.9165717582803518
-0.35334036134842417, -0.0804456266449908, 0.9302570532719555
-0.31215965723314143, -0.12589568339604582, 0.9394127095454669
-0.2694621180465838, -0.1708517789563548, 0.9442561993193396
-0.22676457886002638, -0.21580787451666372, 0.9490996890932124
-0.18209080284643553, -0.2587877332499398, 0.9454670717628083
-0.13713470728612595, -0.30148527243649664, 0.9406235819889364
-0.09193785902284904, -0.3434435184352356, 0.9336783770198585
-0.045968929511424, -0.38303089008796504, 0.9199930820282552
7.494005416219807e-16, -0.4226182617406943, 0.9063077870366523
6.982150666838977e-17, -0.42261826174069383, 0.9063077870366526
0.04596892951142353, -0.383030890087965, 0.9199930820282556
0.091937859022848, -0.34344351843523535, 0.9336783770198588
0.1371347072861246, -0.30148527243649587, 0.9406235819889368
0.18209080284643395, -0.2587877332499386, 0.9454670717628093
0.22676457886002416, -0.2158078745166621, 0.949099689093213
0.2694621180465814, -0.17085177895635287, 0.9442561993193408
0.3121596572331387, -0.12589568339604354, 0.9394127095454683
0.35334036134842095, -0.08044562664498804, 0.9302570532719568
0.3929277330011507, -0.034476697133563536, 0.9165717582803535
0.41272141882751, 0.011492232377857795, 0.9097291107845538
0.3731340471747806, 0.05746116188928262, 0.9234144057761569
0.33350842682641213, 0.10341763561589591, 0.9369909646585324
0.2908108876398553, 0.1483737311762056, 0.9418344544324047
0.2481133484532984, 0.19332982673651522, 0.9466779442062766
0.20456885062658436, 0.23743896365666783, 0.9478888166497439
0.15961275506627537, 0.28013650284322533, 0.9430453268758713
0.11465665950596642, 0.32283404202978294, 0.9382018371019983
0.06895339426713241, 0.3632372042616086, 0.9268357295240539
0.022984464755708284, 0.4028245759143385, 0.9131504345324502
-0.022984464755714175, 0.4028245759143339, 0.9131504345324519
-0.06895339426713865, 0.36323720426160444, 0.9268357295240552
-0.11465665950597287, 0.3228340420297787, 0.9382018371019987
-0.15961275506628217, 0.28013650284322156, 0.9430453268758711
-0.20456885062659164, 0.23743896365666428, 0.9478888166497434
-0.2481133484533058, 0.19332982673651186, 0.9466779442062749
-0.29081088763986296, 0.14837373117620256, 0.9418344544324027
-0.33350842682642023, 0.10341763561589318, 0.9369909646585304
-0.3731340471747887, 0.057461161889280146, 0.9234144057761536
-0.4127214188275183, 0.011492232377855712, 0.9097291107845503
-0.39292773300115436, -0.0344766971335663, 0.9165717582803518
-0.35334036134842434, -0.0804456266449905, 0.9302570532719555
-0.3121596572331416, -0.1258956833960456, 0.9394127095454667
-0.26946211804658393, -0.1708517789563547, 0.9442561993193396
-0.22676457886002646, -0.2158078745166636, 0.9490996890932124
-0.18209080284643583, -0.2587877332499395, 0.9454670717628084
-0.13713470728612598, -0.3014852724364966, 0.9406235819889364
-0.09193785902284911, -0.3434435184352355, 0.9336783770198585
-0.04596892951142433, -0.3830308900879648, 0.9199930820282555
7.494005416219807e-16, -0.4226182617406943, 0.9063077870366523
6.982150666838977e-17, -0.42261826174069383, 0.9063077870366526
0.045968929511423534, -0.3830308900879649, 0.9199930820282555
0.09193785902284801, -0.3434435184352352, 0.9336783770198586
0.13713470728612465, -0.30148527243649575, 0.9406235819889368
0.18209080284643397, -0.25878773324993853, 0.9454670717628093
0.22676457886002416, -0.2158078745166621, 0.949099689093213
0.2694621180465815, -0.17085177895635276, 0.9442561993193408
0.3121596572331387, -0.12589568339604343, 0.9394127095454683
0.35334036134842106, -0.08044562664498794, 0.9302570532719568
0.39292773300115075, -0.03447669713356346, 0.9165717582803535
0.41272141882751023, 0.01149223237785749, 0.9097291107845537
0.3731340471747808, 0.05746116188928241, 0.9234144057761566
0.3335084268264123, 0.10341763561589576, 0.9369909646585324
0.2908108876398554, 0.14837373117620545, 0.9418344544324044
0.24811334845329847, 0.19332982673651516, 0.9466779442062765
0.20456885062658448, 0.23743896365666778, 0.9478888166497441
0.15961275506627542, 0.28013650284322533, 0.9430453268758712
0.11465665950596643, 0.3228340420297829, 0.9382018371019984
0.06895339426713244, 0.36323720426160866, 0.9268357295240539
0.022984464755708298, 0.4028245759143385, 0.9131504345324502
-0.022984464755714112, 0.40282457591433396, 0.9131504345324519
-0.0689533942671387, 0.36323720426160444, 0.9268357295240555
-0.11465665950597292, 0.3228340420297787, 0.9382018371019987
-0.15961275506628225, 0.2801365028432215, 0.9430453268758711
-0.2045688506265917, 0.23743896365666423, 0.9478888166497434
-0.24811334845330585, 0.19332982673651175, 0.9466779442062749
-0.29081088763986307, 0.14837373117620242, 0.9418344544324027
-0.3335084268264203, 0.10341763561589312, 0.9369909646585304
-0.3731340471747888, 0.05746116188928002, 0.9234144057761535
-0.41272141882751845, 0.011492232377855514, 0.9097291107845501
-0.39292773300115413, -0.03447669713356653, 0.9165717582803519
-0.3533403613484243, -0.08044562664499065, 0.9302570532719555
-0.3121596572331415, -0.12589568339604576, 0.9394127095454669
-0.2694621180465839, -0.17085177895635478, 0.9442561993193397
-0.22676457886002643, -0.2158078745166636, 0.9490996890932124
-0.18209080284643558, -0.25878773324993976, 0.9454670717628083
-0.13713470728612598, -0.3014852724364966, 0.9406235819889364
-0.09193785902284908, -0.3434435184352355, 0.9336783770198585
-0.04596892951142402, -0.383030890087965, 0.9199930820282552
7.494005416219807e-16, -0.4226182617406943, 0.9063077870366523
6.982150666838977e-17, -0.42261826174069383, 0.9063077870366526
0.04596892951142352, -0.383030890087965, 0.9199930820282556
0.09193785902284798, -0.3434435184352353, 0.9336783770198589
0.1371347072861246, -0.3014852724364958, 0.9406235819889368
0.18209080284643392, -0.2587877332499386, 0.9454670717628093
0.22676457886002407, -0.2158078745166622, 0.9490996890932131
0.2694621180465814, -0.1708517789563529, 0.9442561993193408
0.31215965723313865, -0.12589568339604357, 0.9394127095454683
0.3533403613484209, -0.08044562664498811, 0.9302570532719568
0.39292773300115064, -0.03447669713356361, 0.9165717582803536
0.41272141882750984, 0.01149223237785799, 0.909729110784554
0.3731340471747804, 0.05746116188928291, 0.9234144057761569
0.3335084268264119, 0.1034176356158962, 0.9369909646585324
0.29081088763985496, 0.14837373117620595, 0.9418344544324047
0.24811334845329808, 0.19332982673651555, 0.9466779442062765
0.20456885062658403, 0.23743896365666817, 0.9478888166497441
0.15961275506627504, 0.28013650284322567, 0.9430453268758712
0.11465665950596604, 0.3228340420297833, 0.9382018371019984
0.0689533942671321, 0.3632372042616089, 0.9268357295240539
0.022984464755707958, 0.4028245759143388, 0.9131504345324502
-0.022984464755714442, 0.40282457591433374, 0.9131504345324519
-0.06895339426713902, 0.36323720426160416, 0.9268357295240555
-0.11465665950597323, 0.3228340420297784, 0.9382018371019987
-0.15961275506628259, 0.2801365028432212, 0.9430453268758711
-0.2045688506265919, 0.237438963656664, 0.9478888166497434
-0.24811334845330602, 0.1933298267365116, 0.9466779442062749
-0.2908108876398633, 0.1483737311762022, 0.9418344544324027
-0.33350842682642035, 0.10341763561589308, 0.9369909646585304
-0.3731340471747889, 0.057461161889279966, 0.9234144057761535
-0.4127214188275185, 0.011492232377855433, 0.9097291107845502
-0.3929277330011541, -0.03447669713356662, 0.9165717582803519
-0.3533403613484242, -0.0804456266449907, 0.9302570532719555
-0.31215965723314143, -0.12589568339604584, 0.9394127095454669
-0.26946211804658393, -0.17085177895635476, 0.9442561993193396
-0.22676457886002618, -0.21580787451666397, 0.9490996890932124
-0.18209080284643553, -0.25878773324993976, 0.9454670717628082
-0.13713470728612598, -0.3014852724364966, 0.9406235819889364
-0.09193785902284878, -0.34344351843523574, 0.9336783770198583
-0.04596892951142431, -0.3830308900879648, 0.9199930820282554
7.494005416219807e-16, -0.4226182617406943, 0.9063077870366523
6.982150666838977e-17, -0.42261826174069383, 0.9063077870366526
0.045968929511423506, -0.383030890087965, 0.9199930820282555
0.09193785902284794, -0.3434435184352353, 0.9336783770198587
0.1371347072861246, -0.30148527243649587, 0.9406235819889367
0.18209080284643386, -0.25878773324993865, 0.9454670717628092
0.2267645788600241, -0.21580787451666228, 0.9490996890932131
0.2694621180465813, -0.17085177895635292, 0.9442561993193408
0.31215965723313854, -0.12589568339604365, 0.9394127095454683
0.35334036134842084, -0.08044562664498818, 0.930257053271957
0.3929277330011506, -0.0344766971335637, 0.9165717582803536
0.4127214188275097, 0.01149223237785825, 0.9097291107845539
0.37313404717478027, 0.05746116188928313, 0.9234144057761571
0.3335084268264117, 0.10341763561589637, 0.9369909646585324
0.2908108876398549, 0.14837373117620606, 0.9418344544324047
0.24811334845329808, 0.1933298267365156, 0.9466779442062765
0.204568850626584, 0.23743896365666822, 0.9478888166497439
0.159612755066275, 0.2801365028432257, 0.9430453268758712
0.11465665950596596, 0.3228340420297833, 0.9382018371019982
0.06895339426713207, 0.36323720426160894, 0.9268357295240539
0.022984464755707947, 0.40282457591433884, 0.9131504345324502
-0.02298446475571451, 0.4028245759143336, 0.9131504345324519
-0.06895339426713898, 0.3632372042616041, 0.9268357295240554
-0.11465665950597317, 0.3228340420297784, 0.9382018371019987
-0.15961275506628253, 0.2801365028432212, 0.9430453268758711
-0.20456885062659186, 0.23743896365666406, 0.9478888166497434
-0.2481133484533059, 0.19332982673651175, 0.9466779442062749
-0.2908108876398632, 0.1483737311762024, 0.9418344544324027
-0.33350842682642046, 0.10341763561589308, 0.9369909646585304
-0.3731340471747888, 0.057461161889280105, 0.9234144057761536
-0.41272141882751845, 0.011492232377855547, 0.9097291107845502
-0.3929277330011542, -0.034476697133566464, 0.9165717582803518
-0.3533403613484243, -0.08044562664499062, 0.9302570532719555
-0.31215965723314154, -0.12589568339604562, 0.9394127095454667
-0.26946211804658393, -0.1708517789563547, 0.9442561993193396
-0.22676457886002643, -0.21580787451666367, 0.9490996890932124
-0.18209080284643556, -0.25878773324993976, 0.9454670717628083
-0.13713470728612598, -0.3014852724364966, 0.9406235819889364
-0.09193785902284907, -0.3434435184352356, 0.9336783770198585
-0.04596892951142402, -0.383030890087965, 0.9199930820282552
7.494005416219807e-16, -0.4226182617406943, 0.9063077870366523
6.982150666838977e-17, -0.42261826174069383, 0.9063077870366526
0.045968929511423506, -0.3830308900879649, 0.9199930820282555
0.09193785902284796, -0.34344351843523524, 0.9336783770198586
0.1371347072861246, -0.3014852724364958, 0.9406235819889368
0.18209080284643392, -0.2587877332499386, 0.9454670717628092
0.22676457886002413, -0.21580787451666217, 0.949099689093213
0.2694621180465814, -0.1708517789563529, 0.9442561993193408
0.31215965723313865, -0.12589568339604357, 0.9394127095454683
0.3533403613484209, -0.08044562664498808, 0.9302570532719568
0.39292773300115064, -0.0344766971335636, 0.9165717582803535
0.4127214188275098, 0.011492232377858071, 0.909729110784554
0.37313404717478044, 0.057461161889282894, 0.9234144057761569
0.3335084268264119, 0.10341763561589618, 0.9369909646585324
0.2908108876398551, 0.1483737311762059, 0.9418344544324047
0.24811334845329813, 0.19332982673651555, 0.9466779442062765
0.2045688506265841, 0.2374389636566681, 0.9478888166497439
0.15961275506627504, 0.28013650284322567, 0.9430453268758711
0.11465665950596601, 0.3228340420297832, 0.9382018371019982
0.0689533942671321, 0.3632372042616089, 0.9268357295240539
0.022984464755707867, 0.4028245759143389, 0.9131504345324502
-0.022984464755714598, 0.4028245759143335, 0.9131504345324519
-0.068953394267139, 0.3632372042616041, 0.9268357295240554
-0.11465665950597315, 0.32283404202977845, 0.9382018371019987
-0.15961275506628256, 0.2801365028432212, 0.9430453268758711
-0.2045688506265919, 0.237438963656664, 0.9478888166497434
-0.248113348453306, 0.19332982673651167, 0.9466779442062749
-0.2908108876398633, 0.14837373117620226, 0.9418344544324027
-0.33350842682642046, 0.10341763561589298, 0.9369909646585304
-0.37313404717478893, 0.05746116188927991, 0.9234144057761535
-0.4127214188275186, 0.011492232377855347, 0.9097291107845502
-0.39292773300115413, -0.03447669713356657, 0.9165717582803519
-0.3533403613484241, -0.08044562664499082, 0.9302570532719556
-0.3121596572331413, -0.1258956833960459, 0.9394127095454669
-0.2694621180465839, -0.17085177895635478, 0.9442561993193397
-0.22676457886002618, -0.2158078745166639, 0.9490996890932124
-0.18209080284643556, -0.25878773324993976, 0.9454670717628083
-0.13713470728612598, -0.3014852724364966, 0.9406235819889364
-0.0919378590228488, -0.3434435184352358, 0.9336783770198583
-0.04596892951142401, -0.38303089008796504, 0.9199930820282554
7.494005416219807e-16, -0.4226182617406943, 0.9063077870366523
6.982150666838977e-17, -0.42261826174069383, 0.9063077870366526
0.045968929511423506, -0.3830308900879649, 0.9199930820282555
0.09193785902284794, -0.34344351843523524, 0.9336783770198586
0.1371347072861246, -0.30148527243649587, 0.9406235819889368
0.18209080284643392, -0.2587877332499386, 0.9454670717628092
0.22676457886002413, -0.2158078745166622, 0.9490996890932131
0.2694621180465814, -0.17085177895635287, 0.9442561993193408
0.3121596572331386, -0.12589568339604362, 0.9394127095454683
0.35334036134842084, -0.08044562664498811, 0.930257053271957
0.3929277330011506, -0.03447669713356365, 0.9165717582803535
0.41272141882750957, 0.01149223237785831, 0.909729110784554
0.37313404717478027, 0.057461161889283074, 0.9234144057761569
0.3335084268264117, 0.10341763561589637, 0.9369909646585324
0.2908108876398549, 0.14837373117620606, 0.9418344544324047
0.24811334845329802, 0.19332982673651572, 0.9466779442062765
0.20456885062658398, 0.2374389636566682, 0.9478888166497439
0.15961275506627498, 0.2801365028432257, 0.9430453268758712
0.11465665950596599, 0.3228340420297833, 0.9382018371019982
0.06895339426713207, 0.3632372042616089, 0.9268357295240538
0.022984464755707867, 0.40282457591433884, 0.9131504345324502
-0.02298446475571459, 0.4028245759143335, 0.9131504345324519
-0.06895339426713898, 0.3632372042616041, 0.9268357295240554
-0.11465665950597312, 0.3228340420297785, 0.9382018371019987
-0.15961275506628253, 0.2801365028432212, 0.9430453268758711
-0.20456885062659186, 0.23743896365666406, 0.9478888166497434
-0.2481133484533059, 0.19332982673651175, 0.9466779442062749
-0.2908108876398632, 0.14837373117620237, 0.9418344544324027
-0.3335084268264204, 0.10341763561589304, 0.9369909646585304
-0.3731340471747888, 0.05746116188928005, 0.9234144057761536
-0.41272141882751845, 0.011492232377855514, 0.9097291107845503
-0.3929277330011542, -0.03447669713356649, 0.9165717582803518
-0.35334036134842417, -0.08044562664499075, 0.9302570532719555
-0.3121596572331415, -0.12589568339604576, 0.9394127095454669
-0.26946211804658393, -0.17085177895635473, 0.9442561993193396
-0.22676457886002643, -0.21580787451666367, 0.9490996890932124
-0.18209080284643556, -0.25878773324993976, 0.9454670717628083
-0.13713470728612598, -0.3014852724364966, 0.9406235819889364
-0.0919378590228491, -0.3434435184352356, 0.9336783770198585
-0.04596892951142401, -0.38303089008796504, 0.9199930820282554
7.494005416219807e-16, -0.4226182617406943, 0.9063077870366523
6.982150666838977e-17, -0.42261826174069383, 0.9063077870366526
0.045968929511423506, -0.3830308900879649, 0.9199930820282555
0.09193785902284796, -0.34344351843523524, 0.9336783770198586
0.1371347072861246, -0.3014852724364958, 0.9406235819889367
0.18209080284643392, -0.25878773324993853, 0.9454670717628092
0.22676457886002413, -0.2158078745166622, 0.9490996890932131
0.2694621180465814, -0.17085177895635292, 0.9442561993193408
0.31215965723313865, -0.1258956833960436, 0.9394127095454683
0.35334036134842084, -0.08044562664498815, 0.9302570532719568
0.3929277330011506, -0.034476697133563675, 0.9165717582803536
0.41272141882750957, 0.011492232377858303, 0.909729110784554
0.37313404717478016, 0.057461161889283165, 0.9234144057761571
0.33350842682641163, 0.10341763561589645, 0.9369909646585325
0.2908108876398548, 0.14837373117620614, 0.9418344544324047
0.24811334845329786, 0.19332982673651583, 0.9466779442062767
0.20456885062658378, 0.2374389636566684, 0.9478888166497439
0.1596127550662748, 0.2801365028432259, 0.9430453268758712
0.11465665950596579, 0.3228340420297835, 0.9382018371019982
0.06895339426713182, 0.3632372042616091, 0.9268357295240537
0.02298446475570756, 0.4028245759143391, 0.9131504345324499
-0.02298446475571485, 0.40282457591433335, 0.913150434532452
-0.06895339426713937, 0.3632372042616038, 0.9268357295240555
-0.11465665950597351, 0.3228340420297781, 0.9382018371019987
-0.15961275506628284, 0.28013650284322095, 0.9430453268758712
-0.2045688506265922, 0.2374389636566637, 0.9478888166497437
-0.24811334845330635, 0.19332982673651122, 0.9466779442062749
-0.29081088763986346, 0.14837373117620206, 0.9418344544324027
-0.33350842682642073, 0.10341763561589264, 0.9369909646585304
-0.3731340471747892, 0.05746116188927956, 0.9234144057761534
-0.41272141882751895, 0.01149223237785499, 0.9097291107845501
-0.3929277330011539, -0.03447669713356684, 0.916571758280352
-0.353340361348424, -0.08044562664499096, 0.9302570532719556
-0.3121596572331412, -0.12589568339604607, 0.9394127095454669
-0.2694621180465836, -0.1708517789563551, 0.9442561993193397
-0.22676457886002618, -0.21580787451666394, 0.9490996890932124
-0.18209080284643553, -0.25878773324993976, 0.9454670717628082
-0.13713470728612598, -0.3014852724364966, 0.9406235819889364
-0.09193785902284878, -0.34344351843523574, 0.9336783770198583
-0.045968929511424006, -0.38303089008796504, 0.9199930820282552
7.494005416219807e-16, -0.4226182617406943, 0.9063077870366523
6.982150666838977e-17, -0.42261826174069383, 0.9063077870366526
0.04596892951142349, -0.383030890087965, 0.9199930820282555
0.09193785902284793, -0.34344351843523535, 0.9336783770198587
0.1371347072861245, -0.3014852724364959, 0.9406235819889367
0.18209080284643375, -0.25878773324993876, 0.9454670717628092
0.22676457886002394, -0.21580787451666236, 0.9490996890932131
0.26946211804658116, -0.17085177895635306, 0.9442561993193408
0.3121596572331384, -0.12589568339604376, 0.9394127095454683
0.35334036134842073, -0.08044562664498836, 0.930257053271957
0.39292773300115036, -0.03447669713356391, 0.9165717582803538
0.41272141882750907, 0.011492232377858968, 0.9097291107845541
0.3731340471747797, 0.05746116188928377, 0.9234144057761573
0.3335084268264112, 0.10341763561589698, 0.9369909646585326
0.2908108876398544, 0.14837373117620659, 0.9418344544324047
0.24811334845329747, 0.19332982673651625, 0.9466779442062767
0.2045688506265835, 0.23743896365666867, 0.9478888166497439
0.15961275506627456, 0.2801365028432261, 0.943045326875871
0.11465665950596562, 0.3228340420297836, 0.9382018371019983
0.06895339426713173, 0.3632372042616092, 0.9268357295240537
0.022984464755707534, 0.4028245759143392, 0.9131504345324499
-0.02298446475571475, 0.4028245759143334, 0.913150434532452
-0.06895339426713931, 0.3632372042616039, 0.9268357295240556
-0.11465665950597341, 0.3228340420297783, 0.9382018371019987
-0.15961275506628275, 0.28013650284322106, 0.9430453268758712
-0.20456885062659202, 0.2374389636566639, 0.9478888166497436
-0.24811334845330618, 0.19332982673651145, 0.9466779442062749
-0.29081088763986335, 0.14837373117620214, 0.9418344544324027
-0.3335084268264205, 0.10341763561589289, 0.9369909646585304
-0.37313404717478904, 0.057461161889279785, 0.9234144057761535
-0.41272141882751867, 0.011492232377855264, 0.90972911078455
-0.392927733001154, -0.03447669713356669, 0.9165717582803519
-0.35334036134842417, -0.08044562664499078, 0.9302570532719555
-0.3121596572331414, -0.1258956833960459, 0.9394127095454669
-0.2694621180465838, -0.1708517789563549, 0.9442561993193396
-0.22676457886002643, -0.2158078745166637, 0.9490996890932124
-0.18209080284643553, -0.25878773324993976, 0.9454670717628082
-0.13713470728612598, -0.3014852724364966, 0.9406235819889364
-0.09193785902284907, -0.3434435184352356, 0.9336783770198585
-0.045968929511424006, -0.38303089008796504, 0.9199930820282552
7.494005416219807e-16, -0.4226182617406943, 0.9063077870366523
6.982150666838977e-17, -0.42261826174069383, 0.9063077870366526
0.045968929511423534, -0.383030890087965, 0.9199930820282556
0.09193785902284801, -0.3434435184352353, 0.9336783770198588
0.13713470728612462, -0.3014852724364958, 0.9406235819889368
0.18209080284643392, -0.2587877332499386, 0.9454670717628092
0.2267645788600241, -0.2158078745166622, 0.9490996890932131
0.2694621180465814, -0.1708517789563529, 0.9442561993193408
0.31215965723313865, -0.12589568339604357, 0.9394127095454683
0.35334036134842095, -0.08044562664498808, 0.930257053271957
0.3929277330011506, -0.034476697133563605, 0.9165717582803536
0.41272141882750984, 0.011492232377857965, 0.909729110784554
0.37313404717478044, 0.05746116188928288, 0.9234144057761569
0.3335084268264119, 0.10341763561589615, 0.9369909646585324
0.2908108876398551, 0.1483737311762059, 0.9418344544324047
0.24811334845329816, 0.19332982673651555, 0.9466779442062766
0.20456885062658406, 0.23743896365666814, 0.9478888166497439
0.15961275506627506, 0.28013650284322567, 0.9430453268758712
0.11465665950596604, 0.3228340420297832, 0.9382018371019984
0.0689533942671321, 0.3632372042616089, 0.9268357295240538
0.022984464755707958, 0.4028245759143388, 0.9131504345324502
-0.022984464755714442, 0.40282457591433374, 0.9131504345324519
-0.06895339426713902, 0.36323720426160416, 0.9268357295240555
-0.11465665950597323, 0.3228340420297784, 0.9382018371019987
-0.15961275506628259, 0.2801365028432212, 0.9430453268758711
-0.2045688506265919, 0.237438963656664, 0.9478888166497434
-0.24811334845330602, 0.1933298267365116, 0.9466779442062749
-0.2908108876398633, 0.1483737311762022, 0.9418344544324027
-0.33350842682642035, 0.10341763561589308, 0.9369909646585304
-0.3731340471747889, 0.057461161889279966, 0.9234144057761535
-0.4127214188275185, 0.011492232377855433, 0.90972911078455
-0.3929277330011541, -0.03447669713356662, 0.9165717582803519
-0.3533403613484242, -0.0804456266449907, 0.9302570532719555
-0.31215965723314143, -0.12589568339604584, 0.9394127095454669
-0.26946211804658393, -0.17085177895635473, 0.9442561993193396
-0.22676457886002618, -0.21580787451666392, 0.9490996890932124
-0.18209080284643556, -0.25878773324993976, 0.9454670717628083
-0.13713470728612598, -0.3014852724364966, 0.9406235819889364
-0.0919378590228488, -0.3434435184352358, 0.9336783770198583
-0.04596892951142433, -0.3830308900879648, 0.9199930820282555
7.494005416219807e-16, -0.4226182617406943, 0.9063077870366523
6.982150666838977e-17, -0.42261826174069383, 0.9063077870366526
0.045968929511423506, -0.383030890087965, 0.9199930820282555
0.09193785902284794, -0.3434435184352353, 0.9336783770198587
0.1371347072861246, -0.30148527243649587, 0.9406235819889367
0.18209080284643386, -0.25878773324993865, 0.9454670717628092
0.22676457886002407, -0.21580787451666228, 0.9490996890932131
0.2694621180465813, -0.17085177895635292, 0.9442561993193408
0.31215965723313854, -0.12589568339604368, 0.9394127095454683
0.35334036134842084, -0.08044562664498821, 0.930257053271957
0.39292773300115047, -0.034476697133563765, 0.9165717582803536
0.4127214188275098, 0.011492232377858107, 0.9097291107845539
0.3731340471747804, 0.05746116188928301, 0.9234144057761569
0.3335084268264118, 0.10341763561589626, 0.9369909646585324
0.290810887639855, 0.14837373117620595, 0.9418344544324045
0.2481133484532982, 0.1933298267365155, 0.9466779442062767
0.2045688506265841, 0.23743896365666806, 0.9478888166497439
0.15961275506627512, 0.28013650284322555, 0.9430453268758712
0.11465665950596607, 0.32283404202978316, 0.9382018371019982
0.06895339426713223, 0.36323720426160877, 0.9268357295240537
0.02298446475570819, 0.40282457591433857, 0.9131504345324502
-0.022984464755714258, 0.40282457591433385, 0.9131504345324519
-0.0689533942671388, 0.3632372042616043, 0.9268357295240552
-0.11465665950597301, 0.3228340420297786, 0.9382018371019986
-0.15961275506628225, 0.2801365028432215, 0.943045326875871
-0.20456885062659164, 0.23743896365666428, 0.9478888166497434
-0.24811334845330568, 0.19332982673651197, 0.9466779442062749
-0.29081088763986296, 0.14837373117620256, 0.9418344544324027
-0.3335084268264199, 0.10341763561589352, 0.9369909646585304
-0.37313404717478843, 0.05746116188928045, 0.9234144057761537
-0.41272141882751806, 0.011492232377855918, 0.9097291107845502
-0.3929277330011545, -0.03447669713356612, 0.9165717582803516
-0.35334036134842467, -0.08044562664499019, 0.9302570532719554
-0.3121596572331419, -0.12589568339604532, 0.9394127095454667
-0.2694621180465845, -0.17085177895635423, 0.9442561993193396
-0.22676457886002668, -0.21580787451666342, 0.9490996890932124
-0.1820908028464361, -0.2587877332499392, 0.9454670717628084
-0.13713470728612656, -0.30148527243649603, 0.9406235819889365
-0.09193785902284939, -0.3434435184352353, 0.9336783770198586
-0.045968929511424964, -0.38303089008796426, 0.9199930820282557
1.1102230246251565e-16, -0.42261826174069383, 0.9063077870366526
6.982150666838977e-17, -0.42261826174069383, 0.9063077870366526
0.045968929511423506, -0.38303089008796504, 0.9199930820282556
0.09193785902284796, -0.34344351843523535, 0.9336783770198588
0.1371347072861246, -0.3014852724364959, 0.9406235819889368
0.18209080284643384, -0.25878773324993865, 0.9454670717628092
0.226764578860024, -0.2158078745166623, 0.9490996890932131
0.26946211804658127, -0.170851778956353, 0.9442561993193408
0.31215965723313843, -0.12589568339604376, 0.9394127095454683
0.3533403613484208, -0.08044562664498828, 0.930257053271957
0.39292773300115047, -0.0344766971335638, 0.9165717582803536
0.41272141882751, 0.011492232377857813, 0.909729110784554
0.37313404717478066, 0.05746116188928277, 0.923414405776157
0.3335084268264121, 0.10341763561589606, 0.9369909646585324
0.2908108876398552, 0.14837373117620578, 0.9418344544324044
0.24811334845329833, 0.1933298267365154, 0.9466779442062766
0.2045688506265842, 0.237438963656668, 0.9478888166497439
0.1596127550662752, 0.2801365028432255, 0.9430453268758712
0.11465665950596615, 0.3228340420297831, 0.9382018371019982
0.06895339426713229, 0.36323720426160866, 0.9268357295240537
0.022984464755708207, 0.40282457591433857, 0.9131504345324502
-0.02298446475571428, 0.40282457591433385, 0.9131504345324519
-0.06895339426713885, 0.3632372042616042, 0.9268357295240552
-0.11465665950597309, 0.3228340420297785, 0.9382018371019986
-0.15961275506628236, 0.2801365028432214, 0.943045326875871
-0.20456885062659177, 0.23743896365666414, 0.9478888166497434
-0.24811334845330585, 0.19332982673651178, 0.9466779442062749
-0.2908108876398631, 0.14837373117620237, 0.9418344544324027
-0.3335084268264201, 0.10341763561589329, 0.9369909646585304
-0.3731340471747887, 0.05746116188928016, 0.9234144057761535
-0.4127214188275184, 0.011492232377855599, 0.9097291107845501
-0.3929277330011542, -0.034476697133566464, 0.9165717582803519
-0.35334036134842434, -0.08044562664499057, 0.9302570532719554
-0.3121596572331415, -0.12589568339604573, 0.9394127095454669
-0.26946211804658404, -0.17085177895635464, 0.9442561993193396
-0.22676457886002624, -0.21580787451666392, 0.9490996890932124
-0.1820908028464356, -0.2587877332499397, 0.9454670717628082
-0.13713470728612603, -0.30148527243649653, 0.9406235819889364
-0.09193785902284879, -0.34344351843523574, 0.9336783770198583
-0.04596892951142434, -0.38303089008796476, 0.9199930820282554
7.494005416219807e-16, -0.4226182617406943, 0.9063077870366523
6.982150666838977e-17, -0.42261826174069383, 0.9063077870366526
0.04596892951142349, -0.383030890087965, 0.9199930820282555
0.09193785902284793, -0.34344351843523524, 0.9336783770198586
0.1371347072861246, -0.30148527243649587, 0.9406235819889368
0.18209080284643386, -0.25878773324993865, 0.9454670717628092
0.22676457886002405, -0.21580787451666228, 0.9490996890932131
0.2694621180465813, -0.17085177895635295, 0.9442561993193408
0.31215965723313854, -0.12589568339604368, 0.9394127095454683
0.3533403613484208, -0.0804456266449882, 0.930257053271957
0.3929277330011506, -0.03447669713356374, 0.9165717582803536
0.4127214188275097, 0.011492232377858187, 0.909729110784554
0.3731340471747803, 0.05746116188928308, 0.9234144057761571
0.3335084268264118, 0.10341763561589631, 0.9369909646585324
0.29081088763985496, 0.148373731176206, 0.9418344544324047
0.24811334845329813, 0.19332982673651555, 0.9466779442062767
0.20456885062658406, 0.2374389636566681, 0.9478888166497439
0.1596127550662751, 0.2801365028432256, 0.9430453268758712
0.11465665950596607, 0.32283404202978316, 0.9382018371019982
0.06895339426713223, 0.36323720426160877, 0.9268357295240537
0.02298446475570819, 0.40282457591433857, 0.9131504345324502
-0.022984464755714265, 0.40282457591433385, 0.9131504345324519
-0.06895339426713881, 0.36323720426160433, 0.9268357295240555
-0.11465665950597301, 0.3228340420297786, 0.9382018371019987
-0.15961275506628225, 0.28013650284322156, 0.9430453268758711
-0.20456885062659164, 0.23743896365666428, 0.9478888166497434
-0.24811334845330568, 0.19332982673651197, 0.9466779442062749
-0.29081088763986296, 0.14837373117620256, 0.9418344544324027
-0.3335084268264199, 0.10341763561589352, 0.9369909646585304
-0.37313404717478843, 0.05746116188928045, 0.9234144057761537
-0.41272141882751806, 0.011492232377855918, 0.9097291107845504
-0.3929277330011545, -0.03447669713356612, 0.9165717582803516
-0.35334036134842467, -0.08044562664499019, 0.9302570532719554
-0.3121596572331419, -0.12589568339604532, 0.9394127095454667
-0.2694621180465845, -0.17085177895635423, 0.9442561993193396
-0.22676457886002668, -0.21580787451666342, 0.9490996890932123
-0.18209080284643608, -0.2587877332499392, 0.9454670717628083
-0.13713470728612656, -0.30148527243649603, 0.9406235819889364
-0.09193785902284939, -0.3434435184352353, 0.9336783770198586
-0.045968929511424964, -0.38303089008796426, 0.9199930820282557
1.1102230246251565e-16, -0.42261826174069383, 0.9063077870366526
