37.01166571329239, 42.512605906405064, -0.09999989999321635
33.48497240332613, 42.46836313410084, -0.10543468260191197
29.98923775966385, 42.465883243032465, -0.11086946521060764
26.483526977961887, 42.454602041431684, -0.11630424781930329
22.975989216045082, 42.43526741977389, -0.12173903042799895
19.469372362391617, 42.415932798116096, -0.1271738130366946
15.963676417001503, 42.3965981764583, -0.13260859564539026
12.45890137987473, 42.3772635548005, -0.1380433782540859
8.955047251011305, 42.3579289331427, -0.1434781608627816
5.4521140304112174, 42.33859431148491, -0.1489129434714772
1.9501017180744808, 42.31925968982711, -0.15434772608017286
-1.5509896859989105, 42.29992506816932, -0.1597825086888685
-5.0511601818089495, 42.280590446511525, -0.16521729129756418
-8.550409769355657, 42.261255824853734, -0.1706520739062598
-12.048738448639007, 42.24192120319594, -0.17608685651495548
-15.54614621965902, 42.222586581538145, -0.1815216391236511
-19.04263308241568, 42.203251959880355, -0.18695642173234678
-22.538199036909003, 42.183917338222564, -0.19239120434104243
-26.032844083138983, 42.16458271656476, -0.1978259869497381
-29.52656822110561, 42.14524809490696, -0.20326076955843375
-33.0193714508089, 42.12591347324917, -0.20869555216712937
-36.501242468581744, 41.94610031354857, -0.214130334775825
-39.44858092729127, 40.497041904373276, -0.21956511738452067
-40.95622380545555, 37.94220435094193, -0.22499989999321635
-41.77320159017485, 35.120473262675816, -0.230434682601912
-42.02924036496021, 31.678691054042453, -0.23586946521060764
-42.00990574330241, 28.16111797044765, -0.2413042478193033
-41.99057112164462, 24.6444657951162, -0.24673903042799897
-41.97123649998682, 21.12873452804809, -0.2521738130366946
-41.951901878329025, 17.61392416924331, -0.25760859564539024
-41.932567256671234, 14.100034718701888, -0.2630433782540859
-41.91323263501344, 10.587066176423821, -0.2684781608627816
-41.89389801335565, 7.075018542409085, -0.2739129434714772
-41.874563391697855, 3.5638918166576996, -0.27934772608017283
-41.85522877004006, 0.053685999169659215, -0.2847825086888685
-41.835894148382266, -3.4555989100550395, -0.2902172912975642
-41.816559526724475, -6.9639629110164, -0.29565207390625986
-41.79722490506668, -10.471406003714385, -0.3010868565149555
-41.77789028340888, -13.97792818814905, -0.3065216391236511
-41.75855566175109, -17.483529464320362, -0.3119564217323468
-41.7392210400933, -20.988209832228343, -0.3173912043410424
-41.71988641843551, -24.491969291872948, -0.3228259869497381
-41.7005517967777, -27.994807843254236, -0.3282607695584337
-41.68121717511991, -31.496725486372164, -0.33369555216712943
-41.55339003042917, -34.9909540165377, -0.339130334775825
-40.57484072287669, -38.126072227874715, -0.3445651173845207
-38.8359571397124, -40.3045514018028, -0.34999989999321635
-35.97940157816906, -41.522168667016594, -0.355434682601912
-32.458971771554005, -41.58454406683099, -0.36086946521060764
-28.932284274544372, -41.565209445173195, -0.3663042478193033
-25.4065176857981, -41.545874823515405, -0.37173903042799894
-21.88167200531517, -41.52654020185761, -0.3771738130366946
-18.357747233095573, -41.50720558019981, -0.38260859564539024
-14.83474336913932, -41.48787095854202, -0.3880433782540859
-11.312660413446437, -41.46853633688422, -0.3934781608627816
-7.791498366016894, -41.44920171522643, -0.3989129434714772
-4.271257226850691, -41.42986709356863, -0.4043477260801729
-0.751936995947823, -41.41053247191084, -0.40978250868886856
2.766462326691706, -41.39119785025305, -0.41521729129756413
6.283940741067884, -41.37186322859525, -0.4206520739062598
9.800498247180686, -41.352528606937454, -0.4260868565149555
13.316134845030152, -41.33319398527966, -0.4315216391236511
16.830850534616303, -41.31385936362186, -0.4369564217323468
20.344645315939097, -41.29452474196407, -0.44239120434104245
23.857519188998538, -41.27519012030628, -0.4478259869497381
27.36947215379464, -41.25585549864848, -0.45326076955843375
30.88050421032737, -41.23652087699069, -0.4586955521671294
34.38708992621696, -41.16067973798562, -0.46413033477582505
37.70998786554936, -40.65263947599581, -0.46956511738452067
40.42047433992878, -39.20059205103954, -0.47499989999321635
41.1591823903595, -35.86955421937359, -0.480434682601912
41.1398477687017, -32.332831400685976, -0.48586946521060764
41.12051314704391, -28.797029490261718, -0.4913042478193033
41.10117852538612, -25.262148488100806, -0.49673903042799894
41.08184390372832, -21.728188394203293, -0.5021738130366946
41.06250928207052, -18.195149208569077, -0.5076085956453902
41.04317466041274, -14.663030931198165, -0.5130433782540859
41.02384003875494, -11.131833562090637, -0.5184781608627815
41.00450541709714, -7.601557101246458, -0.5239129434714772
40.98517079543935, -4.0722015486656185, -0.5293477260801729
40.965836173781554, -0.5437669043481292, -0.5347825086888685
40.94650155212376, 2.983746831706014, -0.5402172912975642
40.92716693046597, 6.510339659496806, -0.5456520739062598
40.907832308808175, 10.036011579024263, -0.5510868565149555
40.888497687150384, 13.560762590288371, -0.5565216391236512
40.86916306549259, 17.08459269328913, -0.5619564217323467
40.849828443834795, 20.607501888026547, -0.5673912043410425
40.830493822177, 24.12949017450062, -0.5728259869497381
40.8111592005192, 27.650557552711344, -0.5782607695584338
40.79182457886141, 31.17070402265872, -0.5836955521671293
40.76796943622104, 34.6896475758646, -0.5891303347758251
40.61327991399657, 38.178549434143825, -0.5945651173845207
38.09649689720186, 40.660249466129954, -0.5999998999932146
38.09649689720186, 40.660249466129954, -0.5999998999932146
40.49015239954901, 38.45530098210655, -0.6054346826019102
38.199661711621154, 40.34766076540979, -0.6108694652106075
34.668501151935416, 40.69818664501899, -0.6163042478193033
31.01745269254215, 40.686308622062654, -0.6217390304279989
27.370171314959993, 40.67443059910631, -0.6271738130366946
23.726657019188952, 40.66255257614997, -0.6326085956453903
20.086909805229023, 40.65067455319363, -0.6380433782540859
16.4509296730802, 40.63879653023729, -0.6434781608627816
12.818716622742489, 40.62691850728095, -0.6489129434714772
9.190270654215892, 40.61504048432461, -0.6543477260801729
5.5655917675004085, 40.603162461368264, -0.6597825086888686
1.9446799625960365, 40.59128443841192, -0.6652172912975641
-1.672464760497225, 40.57940641545558, -0.6706520739062598
-5.285842401779375, 40.56752839249924, -0.6760868565149555
-8.895452961250411, 40.555650369542896, -0.681521639123651
-12.501296438910344, 40.54377234658656, -0.6869564217323467
-16.103372834759156, 40.53189432363022, -0.6923912043410425
-19.701682148796866, 40.52001630067388, -0.6978259869497381
-23.296224381023457, 40.508138277717535, -0.7032607695584336
-26.886999531438942, 40.4962602547612, -0.7086955521671294
-30.474007600043308, 40.48438223180485, -0.714130334775825
-34.03223526196004, 40.34717943924374, -0.7195651173845208
-37.12556877743144, 39.61538966241078, -0.7249998999932163
-39.668523539680244, 38.12190231299879, -0.7304346826019119
-40.4368701399795, 34.74369604009403, -0.7358694652106076
-40.42499211702316, 31.15190679653013, -0.7413042478193033
-40.41311409406682, 27.563884634777338, -0.7467390304279989
-40.401236071110475, 23.979629554835668, -0.7521738130366946
-40.389358048154136, 20.399141556705093, -0.7576085956453902
-40.3774800251978, 16.822420640385648, -0.7630433782540859
-40.36560200224146, 13.2494668058773, -0.7684781608627815
-40.353723979285114, 9.68028005318007, -0.7739129434714771
-40.34184595632877, 6.114860382293955, -0.7793477260801727
-40.32996793337243, 2.5532077932189448, -0.7847825086888685
-40.31808991041609, -1.0046777140449523, -0.7902172912975641
-40.30621188745975, -4.558796139497745, -0.7956520739062598
-40.294333864503415, -8.1091474831394, -0.8010868565149554
-40.28245584154707, -11.655731744969973, -0.8065216391236509
-40.27057781859072, -15.198548924989423, -0.8119564217323467
-40.25869979563439, -18.737599023197763, -0.8173912043410423
-40.24682177267805, -22.27288203959499, -0.822825986949738
-40.23494374972171, -25.804397974181104, -0.8282607695584336
-40.22306572676537, -29.33214682695611, -0.8336955521671292
-40.21118770380903, -32.856128597920005, -0.839130334775825
-39.94296356120656, -36.32517966800715, -0.8445651173845199
-38.460172987055245, -38.86876974955263, -0.8499998999932155
-35.59615511482951, -40.097320635658164, -0.8554346826019119
-32.07049822651318, -40.16367561198372, -0.8608694652106077
-28.541735293633373, -40.15179758902738, -0.8663042478193033
-25.016739442564678, -40.13991956607104, -0.871739030427999
-21.495510673307095, -40.12804154311469, -0.8771738130366946
-17.978048985860624, -40.11616352015835, -0.8826085956453903
-14.46435438022527, -40.104285497202014, -0.888043378254086
-10.954426856401023, -40.092407474245675, -0.8934781608627816
-7.448266414387882, -40.08052945128933, -0.8989129434714772
-3.945873054185858, -40.06865142833299, -0.9043477260801729
-0.4472467757949461, -40.056773405376646, -0.9097825086888686
3.047612420784847, -40.04489538242031, -0.9152172912975641
6.538704535553536, -40.03301735946397, -0.9206520739062598
10.02602956851112, -40.02113933650763, -0.9260868565149555
13.509587519657586, -40.009261313551285, -0.931521639123651
16.989378388992932, -39.99738329059495, -0.9369564217323467
20.465402176517173, -39.9855052676386, -0.9423912043410424
23.93765888223031, -39.97362724468226, -0.9478259869497381
27.40614850613233, -39.961749221725924, -0.9532607695584338
30.87087104822325, -39.949871198769586, -0.9586955521671294
34.33182650850304, -39.93799317581325, -0.964130334775825
37.71170097371697, -39.53874768316942, -0.9695651173845208
39.66155623920437, -37.17763095939001, -0.9749998999932163
39.9023591069442, -33.77322870424634, -0.9804346826019119
39.890481083987865, -30.303724974152402, -0.9858694652106077
39.87860306103153, -26.837988325869546, -0.9913042478193033
39.86672503807518, -23.376018759397816, -0.9967390304279989
39.85484701511884, -19.91781627473722, -1.0021738130366946
39.842968992162504, -16.463380871887715, -1.0076085956453902
39.83109096920616, -13.012712550849338, -1.013043378254086
39.81921294624982, -9.565811311622063, -1.0184781608627818
39.80733492329348, -6.122677154205899, -1.0239129434714773
39.79545690033714, -2.6833100786008455, -1.0293477260801729
39.783578877380805, 0.7522899151930966, -1.0347825086888685
39.77170085442446, 4.184122827175927, -1.0402172912975642
39.759822831468114, 7.612188657347645, -1.0456520739062598
39.74794480851178, 11.036487405708254, -1.0510868565149554
39.73606678555544, 14.457019072257747, -1.0565216391236512
39.7241887625991, 17.873783656996135, -1.0619564217323467
39.71231073964276, 21.286781159923404, -1.0673912043410425
39.700432716686414, 24.696011581039567, -1.072825986949738
39.688554693730076, 28.101474920344614, -1.0782607695584336
39.67667667077374, 31.503171177838553, -1.0836955521671294
39.66479864781739, 34.90110035352137, -1.089130334775825
39.13324435183844, 38.19155894604507, -1.0945651173845208
36.26009650797915, 39.6410426019047, -1.0999998999932163
36.26009650797914, 39.64104260190468, -1.0999998999932163
28.243806254075505, 39.6135489234366, -1.1128204128137291
20.238795458004923, 39.586055244968534, -1.125640925634242
12.245064119767394, 39.558561566500465, -1.138461438454755
4.262612239362922, 39.53106788803239, -1.1512819512752677
-3.7085601832084936, 39.50357420956432, -1.1641024640957804
-11.66845314794686, 39.47608053109624, -1.1769229769162932
-19.61706665485217, 39.44858685262817, -1.189743489736806
-27.554400703924415, 39.4210931741601, -1.202564002557319
-35.48045529516361, 39.39359949569202, -1.2153845153778318
-39.36610581722397, 34.000649969501694, -1.2282050281983443
-39.3386121387559, 26.042166936992448, -1.241025541018857
-39.31111846028783, 18.094963362316275, -1.25384605383937
-39.28362478181975, 10.159039245473156, -1.2666665666598829
-39.25613110335168, 2.234394586463079, -1.2794870794803956
-39.228637424883615, -5.6789706147139345, -1.2923075923009084
-39.20114374641554, -13.581056358057879, -1.3051281051214212
-39.17365006794746, -21.471862643568777, -1.317948617941934
-39.146156389479394, -29.351389471246634, -1.330769130762447
-38.874247831850155, -37.19069942527343, -1.343589643582959
-31.769402075606944, -39.09116903254332, -1.3564101564034727
-23.86872626449211, -39.063675354075244, -1.3692306692239855
-15.979329911210325, -39.036181675607175, -1.3820511820444985
-8.10121301576162, -39.00868799713909, -1.3948716948650113
-0.2343755781459676, -38.98119431867102, -1.407692207685524
7.62118240163663, -38.95370064020295, -1.4205127205060368
15.465460923586175, -38.92620696173488, -1.4333332333265496
23.29845998770268, -38.89871328326681, -1.4461537461470624
31.120179593986126, -38.87121960479874, -1.4589742589675754
38.359417978320636, -37.32666133053053, -1.4717947717880882
38.81623224786258, -29.566352826294843, -1.484615284608601
38.7887385693945, -21.72348423657446, -1.4974357974291137
38.761244890926434, -13.891895104687084, -1.5102563102496265
38.73375121245836, -6.07158543063279, -1.5230768230701393
38.706257533990296, 1.7374447855884438, -1.5358973358906522
38.67876385552222, 9.53519554397664, -1.548717848711165
38.65127017705415, 17.321666844531826, -1.561538361531678
38.623776498586075, 25.09685868725391, -1.5743588743521908
38.59628282011801, 32.86077107214294, -1.5871793871727036
35.18784304772437, 38.5687891416499, -1.5999998999932163
35.187843047724364, 38.56878914164988, -1.5999998999932163
27.391502221565304, 38.54129546318181, -1.6128204128137291
19.606440853239295, 38.513801784713735, -1.625640925634242
11.832658942746344, 38.486308106245666, -1.6384614384547551
4.070156490086443, 38.4588144277776, -1.6512819512752677
-3.6810665047403996, 38.43132074930952, -1.6641024640957804
-11.421010041734188, 38.403827070841444, -1.6769229769162932
-19.14967412089492, 38.37633339237337, -1.689743489736806
-26.867058742222596, 38.348839713905306, -1.702564002557319
-34.57316390571722, 38.32134603543723, -1.7153845153778318
-38.29385235696917, 32.98338386618305, -1.7282050281983443
-38.26635867850109, 25.244850261418392, -1.741025541018857
-38.23886500003303, 17.517596114486796, -1.75384605383937
-38.211371321564954, 9.801621425388252, -1.7666665666598829
-38.18387764309688, 2.0969261941227484, -1.7794870794803956
-38.156383964628816, -5.596489579309696, -1.7923075923009084
-38.12889028616074, -13.278625894909077, -1.8051281051214212
-38.101396607692664, -20.949482752675408, -1.817948617941934
-38.073902929224595, -28.609060152608688, -1.8307691307624467
-37.74654643909985, -36.21341945854847, -1.84358964358296
-30.807123329224446, -38.018915572288535, -1.8564101564034727
-23.126396945854204, -37.991421893820466, -1.8692306692239855
-15.456950020316992, -37.9639282153524, -1.8820511820444983
-7.7987825526128445, -37.93643453688431, -1.8948716948650113
-0.15189454274175063, -37.908940858416244, -1.907692207685524
7.483714009296289, -37.881447179948175, -1.9205127205060368
15.108043103501256, -37.853953501480106, -1.9333332333265498
22.721092739873193, -37.82645982301203, -1.9461537461470626
30.32286291841207, -37.79896614454396, -1.9589742589675754
37.31488848431363, -36.2069211235108, -1.9717947717880882
37.7439787876078, -28.659061436848475, -1.984615284608601
37.71648510913973, -21.03614227487263, -1.9974357974291137
37.68899143067166, -13.424502570729844, -2.0102563102496265
37.661497752203594, -5.824142324420099, -2.0230768230701393
37.63400407373552, 1.764938464056593, -2.035897335890652
37.60651039526745, 9.342739794700233, -2.0487178487111652
37.57901671679937, 16.90926166751077, -2.061538361531678
37.55152303833131, 24.464504082488286, -2.074358874352191
37.524029359863235, 32.00846703963275, -2.0871793871727036
34.11558958746959, 37.4965356813951, -2.0999998999932163
34.11558958746959, 37.496535681395095, -2.0999998999932163
26.539198189055096, 37.46904200292702, -2.112820412813729
18.974086248473657, 37.44154832445895, -2.125640925634242
11.420253765725276, 37.41405464599088, -2.138461438454755
3.8777007408099475, 37.386560967522804, -2.151281951275268
-3.6535728262723275, 37.359067289054735, -2.16410246409578
-11.173566935521546, 37.33157361058666, -2.1769229769162934
-18.682281586937712, 37.30407993211858, -2.189743489736806
-26.17971678052081, 37.276586253650514, -2.202564002557319
-33.66587251627086, 37.24909257518244, -2.2153845153778318
-37.22159889671437, 31.966117762864386, -2.228205028198344
-37.1941052182463, 24.447533585844305, -2.241025541018857
-37.16661153977822, 16.94022886665727, -2.2538460538393696
-37.139117861310154, 9.444203605303294, -2.2666665666598824
-37.11162418284208, 1.9594578017823596, -2.279487079480395
-37.084130504374016, -5.514008543905507, -2.2923075923009084
-37.05663682590594, -12.97619543176032, -2.3051281051214207
-37.029143147437864, -20.42710286178208, -2.3179486179419335
-37.001649468969795, -27.866730833970784, -2.3307691307624467
-36.61884504634954, -35.236139491823536, -2.34358964358296
-29.844844582841915, -36.94666211203376, -2.3564101564034727
-22.384067627216254, -36.919168433565694, -2.3692306692239855
-14.934570129423605, -36.891674755097625, -2.3820511820444983
-7.496352089464041, -36.86418107662954, -2.394871694865011
-0.06941350733751833, -36.83668739816147, -2.407692207685524
7.346245616955949, -36.809193719693404, -2.420512720506037
14.750625283416353, -36.781700041225335, -2.43333323332655
22.143725492043703, -36.75420636275726, -2.446153746147062
29.525546242837997, -36.72671268428919, -2.4589742589675754
36.27035899030659, -35.08718091649115, -2.471794771788088
36.67172532735303, -27.751770047402147, -2.484615284608601
36.644231648884954, -20.34880031317087, -2.4974357974291137
36.616737970416885, -12.95711003677265, -2.510256310249627
36.589244291948816, -5.576699218207507, -2.5230768230701397
36.56175061348074, 1.792432142524604, -2.535897335890652
36.53425693501267, 9.150284045423648, -2.548717848711165
36.5067632565446, 16.49685649048966, -2.561538361531678
36.479269578076526, 23.83214947772258, -2.5743588743521904
36.45177589960846, 31.156163007122448, -2.5871793871727036
33.043336127214815, 36.4242822211403, -2.5999998999932163
33.043336127214815, 36.424282221140295, -2.5999998999932163
25.68689415654489, 36.396788542672226, -2.612820412813729
18.341731643708027, 36.36929486420415, -2.625640925634242
11.00784858870422, 36.34180118573608, -2.638461438454755
3.6852449915334624, 36.31430750726801, -2.6512819512752674
-3.6260791478042402, 36.286813828799936, -2.66410246409578
-10.926123829308883, 36.25932015033186, -2.6769229769162934
-18.214889052980475, 36.23182647186378, -2.689743489736806
-25.49237481881901, 36.204332793395714, -2.702564002557319
-32.75839270100624, 36.17405432351951, -2.7153845153778318
-36.149345436459576, 30.948851659545717, -2.728205028198344
-36.1218517579915, 23.6502169102702, -2.741025541018857
-36.09435807952343, 16.362861618827743, -2.7538460538393696
-36.06686440105536, 9.086785785218332, -2.7666665666598824
-36.039370722587286, 1.8219894094419797, -2.779487079480395
-36.01187704411922, -5.43152750850132, -2.7923075923009084
-35.98438336565114, -12.673764968611561, -2.8051281051214207
-35.95688968718307, -19.90472297088874, -2.817948617941934
-35.929396008715, -27.124401515332877, -2.8307691307624467
-35.49114365359922, -34.25885952509862, -2.84358964358296
-28.882565836459385, -35.87440865177899, -2.8564101564034727
-21.641738308578283, -35.846914973310916, -2.8692306692239855
-14.412190238530204, -35.81942129484284, -2.8820511820444983
-7.193921626315218, -35.791927616374764, -2.894871694865011
0.013067528066742391, -35.764433937906695, -2.907692207685524
7.2087772246156305, -35.736940259438626, -2.920512720506037
14.393207463331482, -35.70944658097055, -2.9333332333265494
21.56635824421426, -35.68195290250248, -2.946153746147062
28.728229567263977, -35.65445922403441, -2.9589742589675754
35.22582949629961, -33.96744070947139, -2.971794771788088
35.59947186709826, -26.844478657955765, -2.984615284608601
35.57197818863018, -19.661458351469086, -2.9974357974291137
35.544484510162114, -12.48971750281542, -3.0102563102496265
35.516990831694045, -5.329256111994787, -3.0230768230701393
35.48949715322597, 1.8199258209927216, -3.0358973358906525
35.4620034747579, 8.957828296147214, -3.0487178487111652
35.43450979628983, 16.084451313468605, -3.061538361531678
35.40701611782176, 23.19979487295701, -3.074358874352191
35.37952243935369, 30.30385897461231, -3.0871793871727036
31.971082666960033, 35.35202876088551, -3.0999998999932163
31.971082666960037, 35.352028760885496, -3.0999998999932163
24.834590124034683, 35.32453508241743, -3.112820412813729
17.70937703894239, 35.29704140394935, -3.125640925634242
10.595443411683148, 35.26954772548128, -3.138461438454755
3.4927892422569635, 35.24205404701321, -3.1512819512752674
-3.5985854693361685, 35.214560368545136, -3.1641024640957807
-10.678680723096246, 35.18706669007706, -3.176922976916293
-17.747496519023265, 35.159573011608984, -3.189743489736806
-24.805032857117233, 35.132079333140915, -3.202564002557319
-31.850126246073103, 35.08739013115165, -3.2153845153778313
-35.077091976204784, 29.931585556227056, -3.228205028198344
-35.049598297736715, 22.85290023469611, -3.241025541018857
-35.02210461926864, 15.785494370998222, -3.2538460538393696
-34.99461094080057, 8.729367965133381, -3.2666665666598824
-34.96711726233249, 1.6845210171016083, -3.279487079480395
-34.93962358386443, -5.349046473097119, -3.292307592300908
-34.912129905396355, -12.371334505462787, -3.3051281051214207
-34.88463622692828, -19.382343079995408, -3.3179486179419335
-34.85714254846021, -26.382072196694953, -3.3307691307624463
-34.3634422608489, -33.28157955837369, -3.34358964358296
-27.92028709007689, -34.80215519152421, -3.3564101564034727
-20.899408989940348, -34.77466151305614, -3.3692306692239855
-13.889810347636864, -34.74716783458807, -3.3820511820444983
-6.8914911631664495, -34.71967415611999, -3.394871694865011
0.09554856347093808, -34.69218047765192, -3.4076922076855243
7.071308832275259, -34.66468679918385, -3.4205127205060366
14.035789643246535, -34.63719312071578, -3.43333323332655
20.98899099638472, -34.6096994422477, -3.446153746147062
27.93091289168988, -34.58220576377963, -3.4589742589675754
34.181300002292566, -32.84770050245173, -3.471794771788088
34.527218406843474, -25.93718726850949, -3.484615284608601
34.499724728375405, -18.97411638976738, -3.497435797429114
34.47223104990733, -12.02232496885827, -3.5102563102496265
34.44473737143926, -5.081813005782229, -3.5230768230701397
34.41724369297119, 1.8474194994607405, -3.535897335890652
34.389750014503115, 8.765372546870614, -3.5487178487111652
34.362256336035045, 15.672046136447477, -3.561538361531678
34.334762657566976, 22.56744026819129, -3.574358874352191
34.3072689790989, 29.45155494210202, -3.587179387172703
30.898829206705265, 34.27977530063071, -3.5999998999932163
30.898829206705265, 34.279775300630696, -3.5999998999932163
23.982286091524486, 34.25228162216262, -3.6128204128137287
17.077022434176765, 34.22478794369455, -3.625640925634242
10.183038234662096, 34.19729426522648, -3.6384614384547547
3.3003334929804793, 34.16980058675841, -3.651281951275268
-3.5710917908680786, 34.14230690829034, -3.66410246409578
-10.431237616883578, 34.11481322982226, -3.6769229769162934
-17.280103985066027, 34.087319551354184, -3.6897434897368058
-24.11769089541543, 34.059825872886115, -3.702564002557319
-30.94133127911429, 33.99291492985773, -3.7153845153778313
-34.004838515949984, 28.91431945290842, -3.728205028198344
-33.977344837481915, 22.055583559122056, -3.741025541018857
-33.949851159013846, 15.20812712316874, -3.7538460538393696
-33.92235748054577, 8.371950145048473, -3.7666665666598824
-33.894863802077694, 1.547052624761271, -3.779487079480395
-33.86737012360963, -5.266565437692883, -3.792307592300908
-33.839876445141556, -12.068904042313985, -3.8051281051214207
-33.81238276667348, -18.859963189102036, -3.8179486179419335
-33.78488908820541, -25.639742878057014, -3.8307691307624467
-33.2357408680986, -32.30429959164875, -3.843589643582959
-26.958008343694395, -33.72990173126943, -3.8564101564034727
-20.157079671302434, -33.70240805280136, -3.8692306692239855
-13.36743045674353, -33.67491437433329, -3.8820511820444983
-6.58906070001768, -33.64742069586521, -3.894871694865011
0.17802959887512804, -33.61992701739714, -3.907692207685524
6.93384043993488, -33.59243333892907, -3.920512720506037
13.678371823161577, -33.56493966046099, -3.9333332333265494
20.411623748555208, -33.537445981992924, -3.9461537461470626
27.133596216115777, -33.509952303524855, -3.9589742589675754
33.13677050828554, -31.727960295432077, -3.971794771788088
33.4549649465887, -25.029895879063147, -3.984615284608601
33.42747126812063, -18.286774428065584, -3.997435797429114
33.39997758965256, -11.554932434901067, -4.010256310249627
33.37248391118449, -4.834369899569612, -4.02307682307014
33.34499023271641, 1.8749131779287884, -4.0358973358906525
33.31749655424834, 8.572916797594129, -4.048717848711165
33.290002875780274, 15.259640959426418, -4.061538361531678
33.262509197312205, 21.935085663425653, -4.074358874352191
33.23501551884413, 28.59925090959183, -4.087179387172704
29.82657574645048, 33.20752184037592, -4.099999899993216
29.82657574645048, 33.2075218403759, -4.099999899993216
23.129982059014278, 33.18002816190783, -4.112820412813729
16.444667829411127, 33.15253448343975, -4.125640925634242
9.770633057641032, 33.12504080497168, -4.138461438454755
3.1078777437039915, 33.09754712650361, -4.1512819512752674
-3.5435981123999967, 33.07005344803554, -4.16410246409578
-10.183794510670925, 33.04255976956746, -4.176922976916293
-16.812711451108797, 33.01506609109939, -4.189743489736806
-23.430348933713624, 32.987572412631316, -4.202564002557319
-30.032536312155486, 32.898439728563794, -4.215384515377831
-32.932585055695185, 27.89705334958977, -4.228205028198344
-32.905091377227116, 21.258266883547975, -4.241025541018857
-32.87759769875905, 14.63075987533923, -4.25384605383937
-32.85010402029097, 8.014532324963536, -4.266666566659882
-32.822610341822894, 1.4095842324209018, -4.279487079480395
-32.79511666335483, -5.184084402288681, -4.292307592300909
-32.767622984886756, -11.766473579165211, -4.305128105121421
-32.74012930641868, -18.33758329820868, -4.3179486179419335
-32.71263562795061, -24.897413559419103, -4.330769130762446
-32.108039475348264, -31.327019624923842, -4.343589643582959
-25.995729597311858, -32.65764827101465, -4.356410156403473
-19.414750352664477, -32.63015459254658, -4.3692306692239855
-12.845050565850123, -32.60266091407851, -4.382051182044498
-6.286630236868841, -32.57516723561044, -4.394871694865011
0.26051063427938875, -32.54767355714236, -4.407692207685525
6.796372047594561, -32.52017987867429, -4.420512720506037
13.320954003076698, -32.49268620020622, -4.433333233326549
19.834256500725783, -32.465192521738146, -4.446153746147063
26.33627954054178, -32.43769884327008, -4.458974258967576
32.09224101427855, -30.60822008841232, -4.471794771788089
32.382711486333925, -24.122604489616748, -4.484615284608601
32.35521780786585, -17.59943246636374, -4.497435797429114
32.32772412939778, -11.087539900943808, -4.510256310249627
32.30023045092971, -4.586926793356933, -4.52307682307014
32.272736772461634, 1.9024068563968857, -4.5358973358906525
32.245243093993565, 8.380461048317674, -4.548717848711165
32.217749415525496, 14.847235782405383, -4.561538361531678
32.19025573705743, 21.30273105866003, -4.574358874352191
32.16276205858935, 27.74694687708167, -4.587179387172704
28.75432228619571, 32.13526838012112, -4.599999899993216
28.75432228619571, 32.135268380121104, -4.599999899993216
22.277678026504073, 32.10777470165303, -4.612820412813729
15.812313224645491, 32.08028102318496, -4.625640925634242
9.358227880619967, 32.05278734471689, -4.638461438454756
2.915421994427495, 32.02529366624882, -4.6512819512752674
-3.5161044339319196, 31.997799987780745, -4.66410246409578
-9.936351404458279, 31.970306309312665, -4.676922976916293
-16.34531891715159, 31.942812630844596, -4.689743489736806
-22.74300697201184, 31.915318952376523, -4.702564002557319
-29.123741345196677, 31.80396452726986, -4.715384515377831
-31.86033159544039, 26.879787246271107, -4.728205028198344
-31.832837916972316, 20.46095020797387, -4.741025541018857
-31.805344238504244, 14.053392627509696, -4.75384605383937
-31.777850560036175, 7.657114504878573, -4.766666566659882
-31.750356881568102, 1.2721158400805042, -4.779487079480395
-31.722863203100033, -5.1016033668845, -4.792307592300908
-31.695369524631957, -11.464043116016462, -4.805128105121421
-31.667875846163888, -17.81520340731535, -4.8179486179419335
-31.640382167695815, -24.1550842407812, -4.830769130762446
-30.98033808259793, -30.349739658198924, -4.843589643582959
-25.03345085092934, -31.58539481075988, -4.856410156403473
-18.672421034026513, -31.557901132291803, -4.8692306692239855
-12.322670674956743, -31.530407453823734, -4.882051182044498
-5.984199773720027, -31.50291377535566, -4.894871694865011
0.34299166968363687, -31.47542009688759, -4.907692207685524
6.6589036552542265, -31.447926418419517, -4.920512720506037
12.963536182991788, -31.420432739951444, -4.93333323332655
19.25688925289628, -31.392939061483375, -4.946153746147062
25.538962864967726, -31.365445383015306, -4.958974258967575
31.047711520271534, -29.488479881392614, -4.971794771788089
31.310458026079147, -23.215313100170412, -4.984615284608601
31.282964347611074, -16.91209050466198, -4.997435797429114
31.255470669143005, -10.620147366986608, -5.010256310249627
31.227976990674932, -4.339483687144317, -5.02307682307014
31.200483312206863, 1.9299005348649194, -5.0358973358906525
31.172989633738787, 8.188005299041153, -5.048717848711165
31.145495955270718, 14.434830605384255, -5.061538361531678
31.118002276802645, 20.670376453894377, -5.074358874352191
31.090508598334576, 26.8946428445714, -5.087179387172704
27.682068825940927, 31.063014919866323, -5.099999899993216
27.68206882594093, 31.063014919866305, -5.099999899993216
21.425373993993865, 31.035521241398232, -5.112820412813729
15.179958619879857, 31.00802756293016, -5.125640925634242
8.945822703598903, 30.98053388446209, -5.138461438454756
2.7229662451510044, 30.953040205994014, -5.151281951275268
-3.4886107554638377, 30.925546527525945, -5.16410246409578
-9.688908298245629, 30.89805284905787, -5.176922976916293
-15.87792638319436, 30.870559170589797, -5.189743489736806
-22.055665010310044, 30.843065492121728, -5.202564002557319
-28.214946378237865, 30.709489325975923, -5.215384515377831
-30.788078135185593, 25.86252114295245, -5.228205028198344
-30.760584456717524, 19.663633532399793, -5.241025541018857
-30.73309077824945, 13.476025379680188, -5.25384605383937
-30.705597099781382, 7.299696684793643, -5.266666566659882
-30.678103421313306, 1.1346474477401514, -5.279487079480394
-30.650609742845234, -5.019122331480286, -5.292307592300908
-30.623116064377164, -11.161612652867678, -5.305128105121421
-30.59562238590909, -17.29282351642199, -5.3179486179419335
-30.56812870744102, -23.412754922143264, -5.330769130762446
-29.85263668984763, -29.372459691473978, -5.343589643582959
-24.071172104546825, -30.5131413505051, -5.356410156403473
-17.930091715388578, -30.485647672037032, -5.3692306692239855
-11.800290784063368, -30.45815399356896, -5.382051182044498
-5.681769310571234, -30.430660315100887, -5.394871694865011
0.4254727050878597, -30.403166636632815, -5.407692207685525
6.521435262913888, -30.375672958164742, -5.4205127205060375
12.606118362906873, -30.348179279696666, -5.433333233326549
18.67952200506679, -30.320685601228597, -5.446153746147062
24.741646189393663, -30.293191922760528, -5.458974258967575
30.003182026264515, -28.36873967437291, -5.471794771788088
30.23820456582437, -22.30802171072405, -5.4846152846086005
30.210710887356296, -16.224748542960196, -5.497435797429114
30.183217208888223, -10.152754833029402, -5.510256310249627
30.155723530420154, -4.092040580931689, -5.52307682307014
30.128229851952085, 1.9573942133329916, -5.5358973358906525
30.10073617348401, 7.995549549764624, -5.548717848711165
30.07324249501594, 14.02242542836319, -5.561538361531678
30.045748816547867, 20.03802184912874, -5.574358874352191
30.018255138079795, 26.042338812061175, -5.587179387172704
26.609815365686153, 29.990761459611527, -5.599999899993216
26.609815365686153, 29.990761459611512, -5.599999899993216
20.57306996148366, 29.96326778114344, -5.612820412813729
14.547604015114223, 29.935774102675367, -5.625640925634242
8.533417526577843, 29.908280424207298, -5.638461438454756
2.530510495874514, 29.880786745739222, -5.651281951275268
-3.4611170769957567, 29.85329306727115, -5.664102464095781
-9.441465192032974, 29.825799388803073, -5.676922976916294
-15.410533849237137, 29.798305710335, -5.689743489736807
-21.368323048608246, 29.77081203186693, -5.7025640025573185
-27.306151411279064, 29.615014124681984, -5.715384515377831
-29.715824674930797, 24.8452550396338, -5.728205028198343
-29.688330996462724, 18.866316856825705, -5.741025541018856
-29.660837317994652, 12.898658131850684, -5.75384605383937
-29.633343639526583, 6.94227886470871, -5.766666566659882
-29.605849961058507, 0.9971790553997844, -5.779487079480395
-29.57835628259044, -4.936641296076082, -5.792307592300908
-29.550862604122365, -10.859182189718897, -5.805128105121421
-29.523368925654292, -16.77044362552865, -5.8179486179419335
-29.49587524718622, -22.67042560350535, -5.830769130762446
-28.724935297097314, -28.395179724749042, -5.843589643582959
-23.108893358164313, -29.44088789025033, -5.856410156403473
-17.187762396750642, -29.413394211782254, -5.8692306692239855
-11.277910893169999, -29.385900533314185, -5.882051182044499
-5.379338847422444, -29.35840685484611, -5.894871694865012
0.5079537404920855, -29.33091317637804, -5.907692207685524
6.383966870573545, -29.30341949790997, -5.920512720506037
12.248700542821949, -29.275925819441895, -5.933333233326549
18.102154757237294, -29.248432140973822, -5.946153746147062
23.9443295138196, -29.22093846250575, -5.958974258967576
28.958652532257496, -27.24899946735323, -5.971794771788089
29.16595110556959, -21.400730321277717, -5.984615284608601
29.13845742710152, -15.537406581258423, -5.997435797429114
29.11096374863345, -9.685362299072207, -6.010256310249627
29.083470070165376, -3.844597474719054, -6.02307682307014
29.055976391697307, 1.9848878918010742, -6.035897335890652
29.028482713229238, 7.8030938004881225, -6.048717848711164
29.000989034761165, 13.610020251342114, -6.061538361531678
28.973495356293093, 19.405667244363055, -6.074358874352191
28.946001677825024, 25.19003477955094, -6.087179387172704
25.537561905431403, 28.918507999356724, -6.099999899993216
25.53756190543138, 28.918507999356713, -6.099999899993216
19.72076592897346, 28.89101432088864, -6.112820412813729
13.915249410348594, 28.863520642420568, -6.125640925634242
8.121012349556782, 28.8360269639525, -6.138461438454756
2.338054746598026, 28.808533285484422, -6.1512819512752674
-3.433623398527675, 28.78103960701635, -6.16410246409578
-9.194022085820325, 28.753545928548277, -6.176922976916293
-14.943141315279913, 28.7260522500802, -6.189743489736806
-20.680981086906453, 28.698558571612136, -6.202564002557319
-26.397356444320256, 28.52053892338805, -6.215384515377831
-28.643571214676, 23.827988936315137, -6.228205028198344
-28.61607753620793, 18.06900018125162, -6.241025541018857
-28.588583857739856, 12.32129088402116, -6.25384605383937
-28.561090179271787, 6.584861044623761, -6.266666566659882
-28.53359650080371, 0.859710663059406, -6.279487079480394
-28.50610282233564, -4.854160260671889, -6.292307592300908
-28.478609143867573, -10.556751726570132, -6.305128105121421
-28.451115465399496, -16.24806373463532, -6.3179486179419335
-28.423621786931427, -21.928096284867443, -6.330769130762446
-27.597233904346993, -27.417899758024113, -6.343589643582959
-22.146614611781796, -28.368634429995552, -6.356410156403473
-16.4454330781127, -28.34114075152748, -6.369230669223986
-10.755531002276626, -28.313647073059407, -6.382051182044498
-5.076908384273633, -28.286153394591334, -6.394871694865011
0.5904347758963094, -28.25865971612326, -6.407692207685524
6.246498478233204, -28.23116603765519, -6.420512720506037
11.891282722737024, -28.203672359187117, -6.43333323332655
17.52478750940781, -28.176178680719044, -6.446153746147063
23.147012838245523, -28.14868500225097, -6.458974258967576
27.914123038250477, -26.12925926033352, -6.471794771788088
28.093697645314812, -20.493438931831353, -6.4846152846086005
28.066203966846743, -14.850064619556635, -6.497435797429114
28.03871028837867, -9.217969765115003, -6.510256310249627
28.0112166099106, -3.597154368506423, -6.52307682307014
27.98372293144253, 2.0123815702691266, -6.5358973358906525
27.956229252974456, 7.610638051211593, -6.548717848711165
27.928735574506387, 13.19761507432103, -6.561538361531678
27.901241896038314, 18.773312639597417, -6.574358874352191
27.873748217570242, 24.33773074704072, -6.587179387172704
24.465308445176596, 27.84625453910193, -6.599999899993216
24.465308445176596, 27.846254539101917, -6.599999899993216
18.868461896463245, 27.818760860633844, -6.612820412813729
13.282894805582952, 27.79126718216577, -6.625640925634242
7.708607172535715, 27.763773503697703, -6.638461438454755
2.14559899732153, 27.73627982522963, -6.6512819512752674
-3.4061297200595995, 27.708786146761554, -6.66410246409578
-8.946578979607674, 27.68129246829348, -6.676922976916293
-14.475748781322688, 27.65379878982541, -6.689743489736806
-19.993639125204655, 27.62630511135734, -6.7025640025573185
-25.487134511094364, 27.421921767093746, -6.715384515377831
-27.571317754421205, 22.810722832996476, -6.728205028198343
-27.543824075953133, 17.27168350567753, -6.741025541018857
-27.51633039748506, 11.743923636191642, -6.75384605383937
-27.48883671901699, 6.227443224538812, -6.766666566659882
-27.461343040548915, 0.7222422707190401, -6.779487079480395
-27.433849362080846, -4.771679225267691, -6.792307592300908
-27.406355683612773, -10.254321263421357, -6.805128105121421
-27.3788620051447, -15.725683843741969, -6.8179486179419335
-27.35136832667663, -21.18576696622953, -6.830769130762446
-26.463358849825397, -26.434446129527906, -6.843589643582959
-21.18433586539929, -27.296380969740774, -6.856410156403473
-15.703103759474761, -27.268887291272698, -6.8692306692239855
-10.233151111383268, -27.24139361280463, -6.882051182044498
-4.774477921124841, -27.213899934336553, -6.894871694865011
0.6729158113005331, -27.186406255868484, -6.907692207685525
6.109030085892856, -27.158912577400407, -6.9205127205060375
11.533864902652114, -27.13141889893234, -6.93333323332655
16.94742026157831, -27.10392522046427, -6.946153746147062
22.349696162671457, -27.076431541996197, -6.958974258967575
26.863565689276914, -25.00744236592844, -6.971794771788089
27.021444185060037, -19.586147542385017, -6.984615284608601
26.993950506591965, -14.162722657854886, -6.997435797429113
26.9664568281239, -8.75057723115781, -7.010256310249626
26.938963149655827, -3.3497112622937895, -7.02307682307014
26.911469471187754, 2.0398752487371805, -7.0358973358906525
26.883975792719685, 7.418182301935092, -7.048717848711165
26.856482114251612, 12.785209897299952, -7.061538361531678
26.82898843578354, 18.140958034831755, -7.074358874352191
26.792239007564007, 23.484800447796342, -7.087179387172704
23.393054984921818, 26.774001078847135, -7.099999899993216
23.393054984921825, 26.77400107884712, -7.099999899993216
18.016157863953044, 26.74650740037905, -7.112820412813729
12.650540200817323, 26.719013721910976, -7.125640925634242
7.296201995514654, 26.691520043442907, -7.138461438454755
1.9531432480450426, 26.66402636497483, -7.1512819512752674
-3.3786360415915144, 26.63653268650676, -7.16410246409578
-8.699135873395022, 26.60903900803869, -7.176922976916294
-14.008356247365464, 26.581545329570616, -7.189743489736806
-19.306297163502858, 26.554051651102544, -7.202564002557319
-24.568737239219338, 26.29957462812326, -7.215384515377833
-26.49906429416641, 21.793456729677832, -7.228205028198343
-26.471570615698337, 16.474366830103456, -7.241025541018857
-26.444076937230264, 11.166556388362137, -7.25384605383937
-26.416583258762195, 5.8700254044538775, -7.266666566659882
-26.38908958029412, 0.5847738783786789, -7.279487079480393
-26.36159590182605, -4.689198189863477, -7.292307592300908
-26.33410222335798, -9.951890800272572, -7.305128105121421
-26.306608544889905, -15.203303952848616, -7.3179486179419335
-26.279114866421835, -20.4434376475916, -7.330769130762446
-25.309902823181705, -25.4314115289096, -7.343589643582959
-20.222057119016775, -26.224127509485996, -7.356410156403473
-14.960774440836818, -26.19663383101792, -7.3692306692239855
-9.710771220489896, -26.16914015254985, -7.382051182044498
-4.472047457976043, -26.14164647408178, -7.39487169486501
0.7553968467047515, -26.114152795613705, -7.407692207685525
5.971561693552504, -26.086659117145636, -7.4205127205060375
11.176447082567192, -26.05916543867756, -7.433333233326549
16.37005301374883, -26.03167176020949, -7.446153746147063
21.552379487097404, -26.004178081741422, -7.458974258967576
25.80185032054546, -23.881781364621965, -7.471794771788088
25.949190724805263, -18.678856152938657, -7.4846152846086005
25.921697046337187, -13.475380696153103, -7.497435797429114
25.894203367869117, -8.2831846972006, -7.510256310249627
25.86670968940105, -3.102268156081157, -7.52307682307014
25.839216010932976, 2.067368927205258, -7.5358973358906525
25.811722332464903, 7.225726552658593, -7.548717848711165
25.784228653996834, 12.372804720278872, -7.561538361531678
25.75673497552876, 17.508603430066096, -7.57435887435219
25.690872704537526, 22.630526568925408, -7.587179387172704
22.32080152466704, 25.701747618592336, -7.599999899993216
22.320801524667047, 25.701747618592325, -7.599999899993216
17.16385383144284, 25.674253940124252, -7.612820412813729
12.018185596051689, 25.64676026165618, -7.625640925634241
6.883796818493595, 25.61926658318811, -7.638461438454755
1.760687498768552, 25.591772904720038, -7.651281951275268
-3.3511423631234365, 25.564279226251962, -7.664102464095781
-8.451692767182362, 25.53678554778389, -7.676922976916293
-13.54096371340824, 25.50929186931582, -7.689743489736806
-18.618955201801064, 25.481798190847748, -7.702564002557319
-23.638944019259302, 25.144149269125187, -7.715384515377833
-25.42681083391161, 20.776190626359167, -7.728205028198343
-25.39931715544354, 15.677050154529367, -7.741025541018855
-25.371823476975468, 10.589189140532634, -7.753846053839368
-25.344329798507395, 5.5126075843689435, -7.7666665666598815
-25.316836120039323, 0.44730548603831055, -7.779487079480393
-25.289342441571254, -4.606717154459277, -7.792307592300908
-25.26184876310318, -9.649460337123795, -7.805128105121419
-25.23435508463511, -14.680924061955267, -7.817948617941933
-25.206861406167036, -19.701108328953683, -7.830769130762445
-24.14267586939706, -24.41460600115034, -7.843589643582959
-19.25977837263426, -25.151874049231218, -7.856410156403474
-14.218445122198872, -25.12438037076314, -7.8692306692239855
-9.188391329596527, -25.096886692295072, -7.882051182044498
-4.169616994827248, -25.069393013827003, -7.894871694865012
0.8378778821089699, -25.04189933535893, -7.907692207685524
5.834093301212153, -25.014405656890855, -7.920512720506037
10.819029262482267, -24.986911978422782, -7.93333323332655
15.792685765919325, -24.959418299954713, -7.946153746147063
20.755062811523317, -24.931924621486644, -7.958974258967575
24.73700410730372, -22.75504173993522, -7.971794771788089
24.87693726455048, -17.77156476349232, -7.984615284608601
24.84944358608241, -12.78803873445135, -7.997435797429113
24.82194990761434, -7.81579216324341, -8.010256310249627
24.79445622914627, -2.8548250498685244, -8.02307682307014
24.766962550678198, 2.0948626056732875, -8.035897335890652
24.73946887221013, 7.033270803382064, -8.048717848711165
24.711975193742056, 11.960399543257788, -8.061538361531678
24.684481515273983, 16.87624882530043, -8.07435887435219
24.588990256230574, 21.776217766398545, -8.087179387172704
21.24854806441227, 24.629494158337543, -8.099999899993216
21.24854806441227, 24.62949415833753, -8.099999899993216
16.311549798932635, 24.602000479869456, -8.11282041281373
11.385830991286054, 24.574506801401384, -8.125640925634242
6.471391641472532, 24.547013122933315, -8.138461438454755
1.5682317494920615, 24.51951944446524, -8.151281951275267
-3.3236486846553515, 24.492025765997166, -8.16410246409578
-8.204249660969712, 24.464532087529097, -8.176922976916293
-13.073571179451012, 24.43703840906102, -8.189743489736806
-17.931613240099274, 24.409544730592952, -8.202564002557319
-22.70915079929928, 23.988723910127106, -8.215384515377833
-24.354557373656814, 19.75892452304052, -8.228205028198342
-24.32706369518874, 14.879733478955291, -8.241025541018855
-24.299570016720672, 10.011821892703118, -8.253846053839368
-24.2720763382526, 5.155189764283998, -8.266666566659882
-24.244582659784527, 0.3098370936979429, -8.279487079480393
-24.217088981316458, -4.5242361190550735, -8.292307592300908
-24.18959530284838, -9.347029873975025, -8.305128105121419
-24.162101624380313, -14.15854417106192, -8.317948617941932
-24.13460794591224, -18.95877901031577, -8.330769130762445
-22.97544891561242, -23.39780047339108, -8.343589643582959
-18.297499626251756, -24.079620588976443, -8.356410156403474
-13.476115803560933, -24.052126910508367, -8.369230669223985
-8.666011438703165, -24.024633232040294, -8.382051182044497
-3.8671865316784535, -23.997139553572225, -8.394871694865012
0.9203589175131952, -23.969645875104156, -8.407692207685525
5.6966249088718115, -23.94215219663608, -8.420512720506037
10.461611442397349, -23.91465851816801, -8.43333323332655
15.215318518089848, -23.887164839699935, -8.446153746147061
19.957746135949282, -23.859671161231866, -8.458974258967576
23.672157894061996, -21.628302115248434, -8.471794771788089
23.80468380429571, -16.86427337404596, -8.484615284608601
23.777190125827637, -12.100696772749545, -8.497435797429114
23.749696447359565, -7.34839962928618, -8.510256310249627
23.722202768891492, -2.607381943655894, -8.52307682307014
23.694709090423423, 2.122356284141357, -8.535897335890652
23.667215411955354, 6.840815054105557, -8.548717848711165
23.63972173348728, 11.547994366236702, -8.561538361531678
23.612228055019212, 16.243894220534788, -8.57435887435219
23.487107807923607, 20.921908963871765, -8.587179387172704
20.17629460415749, 23.557240698082744, -8.599999899993216
20.176294604157498, 23.55724069808273, -8.599999899993216
15.459245766422434, 23.529747019614657, -8.61282041281373
10.753476386520425, 23.502253341146584, -8.625640925634242
6.058986464451474, 23.474759662678515, -8.638461438454755
1.3757760002155714, 23.44726598421044, -8.651281951275267
-3.2961550061872704, 23.419772305742367, -8.66410246409578
-7.956806554757057, 23.392278627274294, -8.676922976916293
-12.606178645493792, 23.364784948806225, -8.689743489736806
-17.24427127839748, 23.337291270338152, -8.70256400255732
-21.779357579339255, 22.83329855112903, -8.715384515377833
-23.282303913402018, 18.74165841972186, -8.728205028198342
-23.254810234933945, 14.082416803381207, -8.741025541018855
-23.227316556465876, 9.434454644873608, -8.753846053839368
-23.199822877997804, 4.79777194419906, -8.766666566659882
-23.17232919952973, 0.17236870135756577, -8.779487079480393
-23.144835521061662, -4.441755083650871, -8.792307592300908
-23.11734184259359, -9.044599410826256, -8.805128105121419
-23.089848164125513, -13.63616428016857, -8.817948617941932
-23.062354485657444, -18.216449691677845, -8.830769130762445
-21.808221961827776, -22.380994945631826, -8.843589643582959
-17.335220879869244, -23.00736712872167, -8.856410156403474
-12.733786484922996, -22.979873450253592, -8.869230669223985
-8.143631547809802, -22.952379771785523, -8.8820511820445
-3.5647560685296664, -22.924886093317447, -8.89487169486501
1.002839952917418, -22.897392414849378, -8.907692207685525
5.559156516531451, -22.8698987363813, -8.920512720506037
10.10419362231243, -22.842405057913233, -8.93333323332655
14.637951270260361, -22.814911379445164, -8.946153746147063
19.160429460375212, -22.78741770097709, -8.958974258967576
22.607311680820263, -20.50156249056164, -8.971794771788089
22.732430344040935, -15.956981984599604, -8.984615284608601
22.704936665572863, -11.413354811047766, -8.997435797429112
22.67744298710479, -6.881007095328959, -9.010256310249627
22.64994930863672, -2.3599388374432353, -9.02307682307014
22.62245563016865, 2.1498499626094376, -9.035897335890652
22.594961951700576, 6.6483593048290555, -9.048717848711165
22.567468273232507, 11.135589189215644, -9.061538361531678
22.539974594764434, 15.611539615769125, -9.07435887435219
22.385225359616648, 20.067600161344966, -9.087179387172704
19.104041143902712, 22.484987237827948, -9.099999899993216
19.10404114390272, 22.484987237827934, -9.099999899993216
14.606941733912228, 22.45749355935986, -9.11282041281373
10.121121781754791, 22.42999988089179, -9.125640925634242
5.646581287430411, 22.402506202423723, -9.138461438454755
1.1833202509390846, 22.375012523955647, -9.15128195127527
-3.268661327719185, 22.347518845487574, -9.16410246409578
-7.709363448544401, 22.3200251670195, -9.176922976916293
-12.13878611153656, 22.29253148855143, -9.189743489736806
-16.556929316695673, 22.265037810083356, -9.20256400255732
-20.84956435937922, 21.67787319213096, -9.215384515377833
-22.210050453147222, 17.724392316403215, -9.228205028198342
-22.18255677467915, 13.285100127807132, -9.241025541018857
-22.15506309621108, 8.8570873970441, -9.253846053839368
-22.127569417743008, 4.440354124114126, -9.266666566659882
-22.100075739274935, 0.034900309017212874, -9.279487079480393
-22.072582060806866, -4.359274048246654, -9.292307592300908
-22.04508838233879, -8.742168947677467, -9.305128105121419
-22.01759470387072, -13.113784389275223, -9.317948617941932
-21.990101025402648, -17.474120373039927, -9.330769130762445
-20.640995008043138, -21.364189417872563, -9.343589643582959
-16.372942133486735, -21.93511366846689, -9.356410156403474
-11.991457166285056, -21.907619989998814, -9.369230669223985
-7.621251656916444, -21.880126311530745, -9.3820511820445
-3.2623256053808727, -21.852632633062672, -9.39487169486501
1.0853209883216421, -21.8251389545946, -9.407692207685525
5.421688124191089, -21.797645276126524, -9.420512720506036
9.746775802227504, -21.770151597658455, -9.43333323332655
14.060584022430856, -21.742657919190382, -9.446153746147063
18.362416248544424, -21.70486996045245, -9.458974258967576
21.542465467578534, -19.37482286587486, -9.471794771788089
21.660176883786153, -15.04969059515325, -9.484615284608601
21.632683205318084, -10.726012849345972, -9.497435797429114
21.605189526850012, -6.413614561371767, -9.510256310249627
21.577695848381943, -2.1124957312306196, -9.52307682307014
21.55020216991387, 2.177343641077522, -9.535897335890652
21.5227084914458, 6.4559035555525615, -9.548717848711165
21.49521481297773, 10.72318401219457, -9.561538361531678
21.467721134509656, 14.979185011003494, -9.574358874352189
21.28334291130969, 19.213291358818125, -9.587179387172704
18.031787683647938, 21.41273377757315, -9.599999899993216
18.031787683647945, 21.412733777573138, -9.599999899993216
13.754637701402025, 21.385240099105065, -9.61282041281373
9.48876717698916, 21.357746420636992, -9.62564092563424
5.234176110409351, 21.330252742168923, -9.638461438454756
0.9908645016625967, 21.302759063700847, -9.65128195127527
-3.2411676492511057, 21.275265385232775, -9.66410246409578
-7.46192034233175, 21.247771706764702, -9.676922976916293
-11.671393577579336, 21.220278028296633, -9.689743489736806
-15.869587354993874, 21.19278434982856, -9.70256400255732
-19.919771139419193, 20.522447833132883, -9.715384515377833
-21.137796992892426, 16.70712621308456, -9.728205028198342
-21.110303314424357, 12.487783452233053, -9.741025541018855
-21.082809635956284, 8.279720149214588, -9.753846053839368
-21.05531595748821, 4.082936304029183, -9.766666566659882
-21.02782227902014, -0.10256808332315746, -9.779487079480393
-21.00032860055207, -4.276793012842456, -9.792307592300908
-20.972834922083997, -8.439738484528693, -9.805128105121419
-20.945341243615925, -12.591404498381888, -9.817948617941934
-20.917847565147852, -16.73179105440202, -9.830769130762445
-19.473768054258493, -20.347383890113306, -9.843589643582959
-15.410663387104211, -20.862860208212112, -9.856410156403474
-11.249127847647106, -20.835366529744036, -9.869230669223985
-7.098871766023068, -20.807872851275967, -9.8820511820445
-2.9598951422320656, -20.780379172807894, -9.89487169486501
1.1678020237258766, -20.75288549433982, -9.907692207685525
5.28421973185076, -20.72539181587175, -9.920512720506037
9.389357982142597, -20.69789813740368, -9.93333323332655
13.483216774601376, -20.670404458935604, -9.946153746147061
17.563026781147663, -20.601982201180352, -9.958974258967576
20.477619254336805, -18.248083241188098, -9.971794771788089
20.58792342353138, -14.142399205706894, -9.984615284608601
20.560429745063306, -10.03867088764419, -9.997435797429112
20.532936066595234, -5.94622202741455, -10.010256310249627
20.50544238812716, -1.8650526250179642, -10.02307682307014
20.477948709659092, 2.2048373195455775, -10.035897335890652
20.45045503119102, 6.263447806276059, -10.048717848711163
20.42296135272295, 10.310778835173489, -10.061538361531678
20.395467674254878, 14.346830406237835, -10.07435887435219
20.170835444196832, 18.355322076295327, -10.087179387172704
16.95953422339316, 20.340480317318352, -10.099999899993216
16.959534223393163, 20.34048031731834, -10.099999899993216
12.902333668891814, 20.31298663885027, -10.11282041281373
8.85641257222352, 20.285492960382193, -10.12564092563424
4.821770933388284, 20.257999281914124, -10.138461438454756
0.7984087523861008, 20.230505603446055, -10.151281951275267
-3.2136739707830273, 20.20301192497798, -10.16410246409578
-7.2144772361191, 20.17551824650991, -10.176922976916293
-11.204001043622117, 20.148024568041834, -10.189743489736806
-15.182245393292085, 20.12053088957376, -10.20256400255732
-18.989977919459164, 19.367022474134803, -10.215384515377833
-20.06554353263763, 15.6898601097659, -10.228205028198342
-20.038049854169557, 11.690466776658962, -10.241025541018857
-20.010556175701485, 7.702352901385076, -10.253846053839368
-19.983062497233416, 3.7255184839442435, -10.266666566659882
-19.955568818765343, -0.24003647566352576, -10.279487079480393
-19.928075140297274, -4.194311977438248, -10.292307592300908
-19.900581461829198, -8.137308021379916, -10.305128105121419
-19.87308778336113, -12.069024607488537, -10.317948617941934
-19.845594104893056, -15.98946173576409, -10.330769130762445
-18.30654110047385, -19.330578362354046, -10.343589643582959
-14.448384640721706, -19.790606747957334, -10.356410156403474
-10.50679852900917, -19.763113069489258, -10.369230669223985
-6.57649187512969, -19.73561939102119, -10.3820511820445
-2.6574646790832697, -19.70812571255312, -10.394871694865012
1.2502830591300955, -19.680632034085047, -10.407692207685525
5.1467513395104145, -19.653138355616974, -10.420512720506037
9.031940162057671, -19.625644677148905, -10.43333323332655
12.90584952677187, -19.59815099868083, -10.446153746147063
16.763204143052874, -19.492692505860344, -10.458974258967576
19.412773041095075, -17.121343616501328, -10.471794771788089
19.5156699632766, -13.235107816260557, -10.4846152846086
19.488176284808528, -9.351328925942422, -10.497435797429114
19.460682606340455, -5.478829493457353, -10.510256310249625
19.433188927872386, -1.6176095188053414, -10.52307682307014
19.405695249404314, 2.2323309980136434, -10.535897335890652
19.378201570936245, 6.0709920569995255, -10.548717848711163
19.350707892468172, 9.898373658152376, -10.561538361531678
19.323214214000103, 13.714475801472194, -10.57435887435219
18.989490279268313, 17.473637163670777, -10.587179387172704
15.887280763138383, 19.268226857063556, -10.599999899993216
15.887280763138392, 19.268226857063546, -10.599999899993216
12.050029636381618, 19.240733178595473, -10.61282041281373
8.224057967457895, 19.2132395001274, -10.62564092563424
4.409365756367231, 19.185745821659328, -10.638461438454756
0.6059530031096192, 19.158252143191255, -10.651281951275267
-3.1861802923149374, 19.130758464723183, -10.66410246409578
-6.967034129906438, 19.10326478625511, -10.676922976916295
-10.736608509664887, 19.07577110778704, -10.689743489736806
-14.494903431590277, 19.048277429318965, -10.70256400255732
-18.058841516961277, 18.210253932598892, -10.715384515377835
-18.993290072382834, 14.672594006447262, -10.728205028198342
-18.965796393914765, 10.893150101084892, -10.741025541018855
-18.938302715446692, 7.124985653555578, -10.753846053839368
-18.91080903697862, 3.3681006638593165, -10.766666566659882
-18.883315358510547, -0.37750486800389094, -10.779487079480393
-18.855821680042478, -4.1118309420340395, -10.792307592300908
-18.828328001574405, -7.8348775582311365, -10.805128105121419
-18.800834323106333, -11.546644716595186, -10.817948617941934
-18.771326902729264, -15.24699616240854, -10.830769130762446
-17.13931414668921, -18.313772834594786, -10.843589643582959
-13.486105894339193, -18.718353287702563, -10.856410156403474
-9.764469210371232, -18.690859609234487, -10.869230669223985
-6.054111984236327, -18.663365930766414, -10.8820511820445
-2.3550342159344715, -18.635872252298345, -10.89487169486501
1.332764094534322, -18.608378573830272, -10.907692207685525
5.009282947170066, -18.5808848953622, -10.920512720506036
8.67452234197275, -18.553391216894127, -10.93333323332655
12.328482278942381, -18.525897538426054, -10.946153746147061
15.96338150495807, -18.38340281054034, -10.958974258967576
18.347926827853343, -15.99460399181456, -10.971794771788089
18.443416503021822, -12.327816426814213, -10.984615284608601
18.415922824553753, -8.663986964240658, -10.997435797429114
18.38842914608568, -5.011436959500158, -11.010256310249627
18.360935467617608, -1.3701664125927029, -11.02307682307014
18.33344178914954, 2.2598246764816903, -11.035897335890652
18.305948110681467, 5.878536307723022, -11.048717848711165
18.278454432213397, 9.485968481131316, -11.061538361531678
18.250960753745325, 13.082121196706531, -11.07435887435219
17.806340954022513, 16.591330690475658, -11.087179387172704
14.815027302883607, 18.19597339680876, -11.099999899993216
14.815027302883614, 18.195973396808746, -11.099999899993216
11.19772560387141, 18.168479718340674, -11.11282041281373
7.591703362692258, 18.140986039872598, -11.12564092563424
3.9969605793461627, 18.113492361404532, -11.138461438454756
0.4134972538331229, 18.08599868293646, -11.151281951275267
-3.1586866138468648, 18.058505004468383, -11.16410246409578
-6.719591023693795, 18.03101132600031, -11.176922976916295
-10.269215975707668, 18.00351764753224, -11.189743489736806
-13.807561469888487, 17.976023969064165, -11.20256400255732
-17.110889096901676, 17.036669373501233, -11.215384515377831
-17.921036612128038, 13.655327903128597, -11.228205028198342
-17.893542933659965, 10.095833425510806, -11.241025541018857
-17.866049255191893, 6.547618405726055, -11.253846053839368
-17.838555576723824, 3.010682843774369, -11.266666566659882
-17.81106189825575, -0.5149732603442635, -11.279487079480393
-17.783568219787682, -4.029349906629841, -11.292307592300908
-17.756074541319606, -7.532447095082363, -11.305128105121419
-17.728580862851537, -11.024264825701836, -11.317948617941934
-17.676211700570146, -14.5031199622296, -11.330769130762448
-15.972087192904564, -17.296967306835526, -11.343589643582963
-12.523827147956679, -17.646099827447784, -11.356410156403474
-9.02213989173329, -17.61860614897971, -11.369230669223985
-5.531732093342967, -17.59111247051164, -11.3820511820445
-2.0526037527856804, -17.563618792043567, -11.39487169486501
1.4152451299385456, -17.536125113575494, -11.407692207685525
4.871814554829708, -17.508631435107425, -11.420512720506037
8.317104521887824, -17.481137756639352, -11.43333323332655
11.751115031112878, -17.453644078171276, -11.446153746147063
15.163558866863262, -17.27411311522033, -11.458974258967576
17.283080614611613, -14.867864367127801, -11.471794771788089
17.371163042767048, -11.420525037367877, -11.484615284608601
17.343669364298975, -7.976645002538902, -11.497435797429114
17.316175685830906, -4.54404442554297, -11.510256310249627
17.288682007362834, -1.122723306380103, -11.523076823070138
17.26118832889476, 2.287318354949731, -11.535897335890652
17.233694650426692, 5.686080558446486, -11.548717848711165
17.20620097195862, 9.073563304110188, -11.561538361531678
17.178707293490547, 12.449766591940834, -11.57435887435219
16.623191628776702, 15.709024217280543, -11.587179387172704
13.74277384262883, 17.12371993655396, -11.599999899993216
13.742773842628836, 17.123719936553954, -11.599999899993216
10.345421571361204, 17.09622625808588, -11.61282041281373
6.959348757926627, 17.06873257961781, -11.625640925634242
3.584555402325103, 17.041238901149736, -11.638461438454756
0.2210415045566367, 17.013745222681663, -11.651281951275267
-3.1311929353787757, 16.98625154421359, -11.66410246409578
-6.472147917481135, 16.95875786574552, -11.676922976916293
-9.801823441750438, 16.93126418727745, -11.689743489736806
-13.120219508186684, 16.903770508809373, -11.702564002557319
-16.121807535390154, 15.821955672951677, -11.715384515377833
-16.848783151873242, 12.63806179980996, -11.728205028198342
-16.821289473405173, 9.298516749936732, -11.741025541018855
-16.793795794937097, 5.970251157896559, -11.753846053839368
-16.766302116469028, 2.6532650236894426, -11.766666566659882
-16.738808438000955, -0.6524416526846188, -11.779487079480393
-16.711314759532883, -3.9468688712256235, -11.792307592300908
-16.683821081064814, -7.230016631933575, -11.805128105121419
-16.65632740259674, -10.501884934808476, -11.817948617941934
-16.55951475823707, -13.75778348856679, -11.83076913076245
-14.804860239119924, -16.280161779076266, -11.843589643582963
-11.561548401574182, -16.573846367193006, -11.856410156403474
-8.279810573095357, -16.54635268872493, -11.869230669223985
-5.009352202449592, -16.51885901025686, -11.8820511820445
-1.7501732896368851, -16.49136533178879, -11.89487169486501
1.4977261653427663, -16.463871653320716, -11.907692207685525
4.734346162489366, -16.436377974852647, -11.920512720506036
7.959686701802909, -16.408884296384574, -11.93333323332655
11.173747783283394, -16.381390617916498, -11.946153746147061
14.352730841923226, -16.132878854617925, -11.958974258967576
16.218234401369884, -13.74112474244101, -11.971794771788087
16.29890958251227, -10.513233647921508, -11.984615284608601
16.2714159040442, -7.289303040837101, -11.997435797429112
16.243922225576128, -4.076651891585735, -12.010256310249627
16.21642854710806, -0.875280200167438, -12.02307682307014
16.188934868639986, 2.314812033417821, -12.035897335890652
16.161441190171917, 5.4936248091699955, -12.048717848711165
16.133947511703845, 8.66115812708914, -12.061538361531678
16.106453833235772, 11.817411987175216, -12.07435887435219
15.440042303530882, 14.826717744085459, -12.087179387172704
12.670520382374054, 16.051466476299165, -12.099999899993216
12.670520382374058, 16.051466476299154, -12.099999899993216
9.493117538850996, 16.02397279783108, -12.11282041281373
6.32699415316099, 15.996479119363007, -12.125640925634242
3.1721502253040392, 15.968985440894937, -12.138461438454756
0.02858575528014184, 15.941491762426864, -12.151281951275267
-3.1036992569106974, 15.913998083958791, -12.16410246409578
-6.224704811268484, 15.88650440549072, -12.176922976916293
-9.334430907793218, 15.859010727022648, -12.189743489736806
-12.432338589226601, 15.823551666972463, -12.20256400255732
-15.13272597387864, 14.607241972402107, -12.215384515377833
-15.776529691618444, 11.6207956964913, -12.228205028198344
-15.749036013150372, 8.501200074362643, -12.241025541018855
-15.721542334682301, 5.392883910067045, -12.253846053839368
-15.69404865621423, 2.295847203604498, -12.266666566659882
-15.666554977746156, -0.7899100450249926, -12.279487079480393
-15.639061299278085, -3.864387835821426, -12.292307592300908
-15.611567620810012, -6.927586168784808, -12.305128105121419
-15.584073942341941, -9.979505043915136, -12.317948617941934
-15.442817815904, -13.012447014903998, -12.330769130762446
-13.637633285335276, -15.263356251317015, -12.343589643582959
-10.599269655191662, -15.501592906938225, -12.356410156403474
-7.537481254457415, -15.474099228470152, -12.369230669223988
-4.486972311556216, -15.446605550002081, -12.3820511820445
-1.4477428264880805, -15.41911187153401, -12.394871694865014
1.5802072007470023, -15.39161819306594, -12.407692207685525
4.596877770149027, -15.364124514597867, -12.42051272050604
7.602268881718011, -15.336630836129796, -12.43333323332655
10.59638053545393, -15.309137157661723, -12.446153746147065
13.523458544294055, -14.938107696013827, -12.458974258967576
15.153388188128154, -12.614385117754223, -12.471794771788089
15.226656122257493, -9.605942258475146, -12.484615284608601
15.199162443789422, -6.6019610791353065, -12.497435797429116
15.171668765321352, -3.6092593576285203, -12.510256310249627
15.144175086853279, -0.627837093954804, -12.523076823070141
15.116681408385208, 2.3423057118858837, -12.535897335890652
15.089187729917136, 5.3011690598935, -12.548717848711167
15.061694051449066, 8.248752950068054, -12.561538361531678
15.034200372980996, 11.185057382409566, -12.574358874352193
14.256892978285066, 13.94441127089036, -12.587179387172704
11.598266922119276, 14.979213016044369, -12.599999899993216
11.59826692211928, 14.979213016044357, -12.599999899993216
8.640813506340791, 14.951719337576286, -12.61282041281373
5.694639548395356, 14.924225659108213, -12.625640925634242
2.759745048282978, 14.89673198064014, -12.638461438454755
-0.16386999399634616, 14.869238302172068, -12.651281951275267
-3.0762055784426154, 14.841744623703997, -12.664102464095782
-5.977261705055829, 14.814250945235925, -12.676922976916293
-8.867038373835987, 14.78675726676785, -12.689743489736806
-11.74218850711732, 14.709796306093882, -12.702564002557322
-14.14364441236712, 13.392528271852537, -12.715384515377833
-14.704276231363645, 10.603529593172635, -12.728205028198342
-14.676782552895574, 7.7038833987885535, -12.741025541018855
-14.649288874427501, 4.815516662237524, -12.753846053839368
-14.621795195959432, 1.93842938351955, -12.766666566659882
-14.594301517491356, -0.9273784373653664, -12.779487079480393
-14.566807839023287, -3.7819068004172305, -12.792307592300908
-14.539314160555215, -6.62515570563604, -12.805128105121419
-14.511820482087142, -9.457125153021796, -12.817948617941934
-14.326120873570927, -12.267110541241193, -12.830769130762448
-12.47022798760728, -14.246033057089388, -12.843589643582959
-9.63699090880915, -14.42933944668345, -12.856410156403474
-6.795151935819481, -14.401845768215376, -12.869230669223985
-3.964592420662856, -14.374352089747305, -12.882051182044497
-1.1453123633392859, -14.346858411279232, -12.89487169486501
1.6626882361512247, -14.319364732811163, -12.907692207685525
4.4594093778086785, -14.291871054343089, -12.920512720506036
7.24485106163308, -14.264377375875018, -12.93333323332655
10.019013287624432, -14.236883697406949, -12.946153746147061
12.688638817863879, -13.727234404520262, -12.958974258967574
14.088541974886422, -11.487645493067472, -12.971794771788089
14.154402662002719, -8.698650869028812, -12.984615284608601
14.126908983534646, -5.914619117433548, -12.997435797429112
14.099415305066575, -3.141866823671332, -13.010256310249627
14.071921626598504, -0.38039398774217364, -13.023076823070138
14.044427948130433, 2.3697993903539225, -13.035897335890652
14.016934269662363, 5.108713310616974, -13.048717848711163
13.989440591194292, 7.836347773046956, -13.061538361531676
13.96194691272622, 10.552702777643901, -13.074358874352189
13.073743653039264, 13.06210479769524, -13.087179387172704
10.526013461864503, 13.906959555789568, -13.099999899993216
10.526013461864501, 13.90695955578956, -13.099999899993216
7.788509473830583, 13.879465877321488, -13.11282041281373
5.062284943629718, 13.851972198853417, -13.125640925634242
2.347339871261911, 13.824478520385345, -13.138461438454755
-0.35632574327284283, 13.796984841917272, -13.15128195127527
-3.048711899974541, 13.7694911634492, -13.16410246409578
-5.729818598843185, 13.741997484981129, -13.176922976916293
-8.399645839878774, 13.714503806513054, -13.189743489736806
-11.05133819788649, 13.58569211674776, -13.202564002557322
-13.154562850855601, 12.17781457130298, -13.215384515377831
-13.632022771108849, 9.586263489853986, -13.228205028198342
-13.604529092640778, 6.906566723214475, -13.241025541018857
-13.577035414172705, 4.238149414408015, -13.253846053839368
-13.549541735704635, 1.5810115634346147, -13.266666566659882
-13.522048057236562, -1.0648468297057376, -13.279487079480393
-13.494554378768491, -3.6994257650130287, -13.292307592300908
-13.467060700300419, -6.322725242487267, -13.305128105121419
-13.439567021832346, -8.934745262128448, -13.317948617941932
-13.15463135627005, -11.502897195145234, -13.330769130762448
-11.295993357936744, -13.208886839542284, -13.343589643582959
-8.674712162426637, -13.357085986428675, -13.356410156403472
-6.052822617181532, -13.329592307960603, -13.369230669223985
-3.4422125297694794, -13.30209862949253, -13.3820511820445
-0.8428819001904776, -13.27460495102446, -13.39487169486501
1.7451692715554614, -13.247111272556388, -13.407692207685525
4.321940985468343, -13.219617594088316, -13.420512720506036
6.887433241548175, -13.192123915620243, -13.43333323332655
9.44164603979496, -13.164630237152174, -13.446153746147063
11.853819091433724, -12.516361113026681, -13.458974258967576
13.023695761644692, -10.36090586838068, -13.471794771788089
13.08214920174794, -7.7913594795824554, -13.484615284608601
13.05465552327987, -5.227277155731747, -13.497435797429114
13.027161844811797, -2.6744742897141065, -13.510256310249625
12.999668166343728, -0.13295088152953566, -13.52307682307014
12.972174487875655, 2.3972930688220027, -13.535897335890652
12.944680809407584, 4.916257561340489, -13.548717848711165
12.917187130939514, 7.423942596025892, -13.561538361531678
12.83420780758907, 9.91659387802969, -13.57435887435219
11.814575050795668, 12.10377904750236, -13.587179387172702
9.453760001609723, 12.834706095534774, -13.599999899993216
9.453760001609723, 12.834706095534761, -13.599999899993218
6.936205441320376, 12.80721241706669, -13.61282041281373
4.429930338864086, 12.779718738598618, -13.625640925634244
1.934934694240851, 12.752225060130545, -13.638461438454756
-0.548781492549331, 12.724731381662473, -13.65128195127527
-3.021218221506456, 12.697237703194402, -13.664102464095782
-5.482375492630528, 12.669744024726329, -13.676922976916295
-7.932253305921543, 12.642250346258255, -13.689743489736806
-10.358339066598266, 12.455350692176939, -13.70256400255732
-12.16548128934408, 10.963100870753415, -13.715384515377833
-12.559769310854055, 8.568997386535333, -13.728205028198342
-12.532275632385984, 6.109250047640391, -13.741025541018855
-12.504781953917911, 3.6607821665785067, -13.753846053839368
-12.47728827544984, 1.2235937433496775, -13.766666566659882
-12.449794596981768, -1.2023152220461002, -13.779487079480393
-12.422300918513697, -3.616944729608818, -13.792307592300908
-12.394807240045624, -6.020294779338487, -13.805128105121419
-12.367313561577554, -8.412365371235099, -13.817948617941934
-11.917748059106614, -10.716154700873396, -13.830769130762445
-10.114767568817953, -12.151447873313604, -13.843589643582959
-7.712433416044121, -12.284832526173897, -13.856410156403474
-5.310493298543583, -12.257338847705824, -13.869230669223985
-2.9198326388761027, -12.229845169237754, -13.8820511820445
-0.5404514370416793, -12.202351490769683, -13.89487169486501
1.8276503069596863, -12.17485781230161, -13.907692207685525
4.184472593128003, -12.147364133833538, -13.920512720506036
6.530015421463261, -12.119870455365467, -13.93333323332655
8.86235342871164, -12.063921360879055, -13.946153746147061
11.018999365003566, -11.305487821533106, -13.958974258967576
11.958849548402966, -9.234166243693899, -13.971794771788087
12.009895741493164, -6.884068090136111, -13.984615284608601
11.982402063025093, -4.539935194029973, -13.997435797429114
11.954908384557022, -2.2070817557569162, -14.010256310249627
11.92741470608895, 0.11449222468309433, -14.02307682307014
11.899921027620879, 2.424786747290055, -14.035897335890652
11.872427349152808, 4.723801812063947, -14.048717848711165
11.844933670684737, 7.0115374190048065, -14.061538361531678
11.702736017751686, 9.28023241581177, -14.07435887435219
