2.604049983950549e-17, -0.15761892434230437, 0.987500012500848
0.011205601869393815, -0.15519936357238331, 0.9866782399484791
0.02127322264834195, -0.1521942452467003, 0.9859734856724248
0.030200836813394742, -0.14860397226331884, 0.9853857496721375
0.03798844436455218, -0.14442854462223886, 0.9849150319476172
0.04463604530181427, -0.13966796232346035, 0.9845613324988638
0.05015230033472963, -0.13431356465743471, 0.9842875054227503
0.05471231430928197, -0.12819024677817825, 0.9833425236112233
0.05818688818807881, -0.1214272077230834, 0.982280523523905
0.05977307965073425, -0.11322150517179408, 0.9811015051607022
0.05476930140710217, -0.09887155183433897, 0.9798054685210671
0.04888731003864919, -0.08408910429197235, 0.978392413605665
0.043076632518241606, -0.06985835727389256, 0.9769366167062795
0.04523884571638326, -0.0643693786039019, 0.9760561748817157
0.048018461723319, -0.05999812742973293, 0.9751757086200601
0.051415480539048874, -0.05674460375138568, 0.9742952179213131
0.05542990216357282, -0.05460880756886017, 0.9734147027854744
0.0600617265968909, -0.05359073888215633, 0.972534163212544
0.06336959186996102, -0.053693421734604424, 0.9716535992026807
0.061653331247008614, -0.054910750982177625, 0.9707730107561918
0.06084753189996464, -0.05724580772557049, 0.9698923978725875
0.060952193828829146, -0.06069859196478293, 0.9690117605518673
0.06196731703360206, -0.0652691036998149, 0.9681310987940315
0.06389290151428341, -0.07095734293066648, 0.9672504125990798
0.06779391840165483, -0.07559697676643862, 0.9663705492559653
0.07550438133879916, -0.07477746329949439, 0.9654928779575918
0.08446034356686001, -0.07297574710737509, 0.9646108628506587
0.09134404088604804, -0.06884298352385099, 0.9643444766700218
0.09417540471617249, -0.062198916194614096, 0.9651251200923756
0.0981467751601961, -0.054969694207669645, 0.9660227817905203
0.10325815221811871, -0.04715531756301762, 0.9670374617644562
0.1095095358899405, -0.03875578626065797, 0.9681691600141833
0.11690092617566133, -0.029771100300590825, 0.9694178765397012
0.12503585126263575, -0.019804787870170662, 0.9690831382490002
0.1337676096704244, -0.008710147488957848, 0.9665357404619768
0.1435848081739722, 0.0030242140681023127, 0.9638713243991864
0.15448944377708926, 0.01283423382595926, 0.9610898900608401
0.16647746541492128, 0.020939302735820002, 0.95819143744692
0.17955092714851142, 0.029977151288648002, 0.9551759665572089
0.18791297981182128, 0.042691986809786565, 0.9531656564274822
0.18938151151538915, 0.059512334404093516, 0.9522887062515488
0.1890130939945344, 0.0775521321288754, 0.9514044491731293
0.17993738958164027, 0.0931248603830895, 0.9519813986832485
0.16548131624436152, 0.10724728616155099, 0.9536516103312418
0.1506473152203084, 0.12230249158297982, 0.9554388402550023
0.13711897523767602, 0.13660688791917971, 0.9573430884543335
0.1240547025640818, 0.15100206890253365, 0.9593643549293336
0.11040527523278272, 0.1665372564997857, 0.9615026396801247
0.09532695465982222, 0.18236871212697886, 0.9601391362419149
0.07915276043152153, 0.1988294553704343, 0.956702170229766
0.06233884502737603, 0.216375638709648, 0.95314818594185
0.04488520844738572, 0.23500726214462003, 0.9494771833781672
0.026791850691550927, 0.25472432567534986, 0.9456891625387174
0.008058771759871353, 0.2755268293018379, 0.9417841234235007
-0.014840828124585141, 0.2858930371075125, 0.9399616095109617
-0.04078189480460692, 0.28929688939152703, 0.9390841946517368
-0.06787327755965872, 0.2900012212490883, 0.9381974096629124
-0.08955679374819536, 0.27591066983846185, 0.9399762554028155
-0.11055375364757898, 0.2580591183205639, 0.9425360352759403
-0.13248349318992614, 0.239829639115893, 0.945212833424832
-0.15534601237523693, 0.2212222322244494, 0.9480066498494907
-0.17914131120351126, 0.2022368976462329, 0.9509174845499164
-0.20386938967474943, 0.18287363538124338, 0.953945337526109
-0.22734709651774818, 0.16239977060101943, 0.9508371995282524
-0.25153682459685217, 0.14114602252563146, 0.9465106652909722
-0.2768119927717158, 0.11925255327439509, 0.942067112777925
-0.30317260104233895, 0.09671936284731035, 0.9375065419891109
-0.33061864940872215, 0.07354645124437696, 0.9328289529245297
-0.3591501378708646, 0.049733818465595506, 0.9280343455841817
-0.3693876709560626, 0.01633454993823726, 0.9267582614130339
-0.37438830564415854, -0.0191602694541301, 0.9258786688206228
-0.3759285712225193, -0.05542248385380837, 0.9249897608201236
-0.055432759253299574, -0.37590183036930924, 0.9250000125008481
-0.08181937817511982, -0.3506315848365917, 0.9289012523709812
-0.1067169420488933, -0.32545444870506623, 0.9328232159634414
-0.13012545087462005, -0.3003704219747328, 0.9367659032782286
-0.1520449046523, -0.2753795046455915, 0.9407293143153429
-0.17247530338193326, -0.2504816967176423, 0.9447134490747844
-0.19132282271007653, -0.22558317383744209, 0.9483158936060103
-0.20703042621473233, -0.19912689958299326, 0.9448584971441025
-0.2213035411894813, -0.17281830124787634, 0.9416558609560798
-0.234178297092892, -0.1466212493735227, 0.9385530252940726
-0.2459076001349447, -0.12028283774995219, 0.934465271922996
-0.25626664479565686, -0.09402787189714716, 0.9303567948295925
-0.260586923458436, -0.07269530923366589, 0.9265927857817982
-0.22491171652937084, -0.09148164801622136, 0.9258294928743448
-0.18936186715258022, -0.10880121086880906, 0.924928482405889
-0.15393737532806415, -0.12465399779142923, 0.9238897543764307
-0.11863824105582245, -0.13904000878408168, 0.92271330878597
-0.08346446433585547, -0.15195924384676654, 0.9213991456345068
-0.05128963037349764, -0.16341170297948482, 0.9205671039135188
-0.028659127692007638, -0.1733973861822342, 0.9216290391035926
-0.007431131542940367, -0.18191629345501598, 0.9228287407288762
0.012394358073703982, -0.18896842479783013, 0.9241662087893696
0.030817341157925338, -0.19455378021067654, 0.9256414432850728
0.04783781770972394, -0.19867235969355534, 0.9272544442159856
0.0655413561935469, -0.1970817613351224, 0.9290068708563068
0.08692447696123934, -0.1824356362015952, 0.9309009417334028
0.10662868674668552, -0.1645785759437561, 0.9329246416069341
0.12170141444425284, -0.13927891379484555, 0.9346950427747096
0.13082039433427878, -0.10621659174531684, 0.9355820111893476
0.1384503191762581, -0.0732473790969801, 0.9362142193301002
0.14459118897019063, -0.040371275849835686, 0.9365916671969678
0.14924300371607646, -0.007588282003883229, 0.9367143547899505
0.15240576341391546, 0.025101602440877085, 0.9365822821090479
0.1536229247642979, 0.05815492078385512, 0.9342373286240666
0.15281010807780906, 0.09165605271446568, 0.9293175886792062
0.15056280286141333, 0.12500950872574423, 0.924377125012019
0.14688100911511176, 0.14672094799635427, 0.9218952935884144
0.14176472683890204, 0.1558325087911872, 0.922078707405551
0.13521395603278547, 0.16351924468653983, 0.9225168814965727
0.12247230763744832, 0.17203281297500161, 0.9241305781472441
0.10264013780545933, 0.18133063076649208, 0.9268659311336516
0.08041505955989928, 0.18890715467615948, 0.929733383661583
0.051330468978164664, 0.19221763058624816, 0.9337478342862027
0.01861443479226768, 0.19235956297340281, 0.9384973334103008
-0.01407272014100372, 0.19107667046107712, 0.9432675562567262
-0.0458277593574338, 0.18746571658505573, 0.9441845091287446
-0.07695979044699877, 0.18183580893531442, 0.9425739587581283
-0.10799871213537164, 0.17471684623752642, 0.9407086481136266
-0.13934881582736489, 0.16570453708687913, 0.9368545657641938
-0.17078417252572609, 0.15502481048062489, 0.9319807243061333
-0.20207185330475536, 0.14291059534446376, 0.9270861591257455
-0.23321185816445283, 0.12936189167839596, 0.9221708702230309
-0.2642041871048182, 0.11437869948242106, 0.9172348575979892
-0.2950488401258516, 0.09796101875653929, 0.9122781212506205
-0.3015819457060984, 0.07648133097968622, 0.9135716609770157
-0.2987764772013296, 0.05177719379007213, 0.9171488586806137
-0.2942327066679963, 0.02551713056926594, 0.9208611536290929
-0.2863449019150354, -0.005064049660167269, 0.9253661959393833
-0.2765985215664913, -0.036522530749608616, 0.9300697965766761
-0.2654273163184673, -0.06795213258642388, 0.9347941209362958
-0.2528312861709627, -0.09935285517061371, 0.9395391690182427
-0.23881043112397776, -0.13072469850217783, 0.9443049408225167
-0.2233647511775126, -0.16206766258111638, 0.9490914363491177
-0.20453877104585297, -0.19179653575341848, 0.9455115950318472
-0.18399213451979538, -0.22116611721948987, 0.9406836520605926
-0.16201100946383085, -0.25038802276622935, 0.9358349853670108
-0.13859539587795974, -0.2794622523936365, 0.930965594951102
-0.11374529376218115, -0.3083888061017123, 0.9260754808128661
-0.08746070311649627, -0.33716768389045554, 0.9211646429523032
-0.059179902332999676, -0.3660582166170477, 0.916338459382311
-0.029944040100572732, -0.3945588354075841, 0.911392004531974
7.494005416219807e-16, -0.4226182617406943, 0.9063077870366523
6.982150666838977e-17, -0.42261826174069383, 0.9063077870366526
0.07701822137798246, -0.35263882686104575, 0.92140251339432
0.15403644275596717, -0.28265939198139567, 0.9364972397519882
0.23017481582165988, -0.2118001087894536, 0.9478182845202384
0.30015425070130997, -0.13478188741146893, 0.9327235581625706
0.37013368558096016, -0.05776366603348421, 0.9176288318049027
0.40512340302078076, 0.01925455534449684, 0.9100814686260692
0.33514396814113123, 0.0962727767224823, 0.9251761949837369
0.26516453326148176, 0.1732909981004676, 0.9402709213414044
0.19254555344495652, 0.2476696745415773, 0.9440446029308203
0.11552733206697224, 0.31764910942122804, 0.9289498765731516
0.0385091106889881, 0.38762854430087856, 0.913855150215483
-0.03850911068899373, 0.3876285443008741, 0.9138551502154838
-0.11552733206697849, 0.31764910942122415, 0.9289498765731521
-0.19254555344496319, 0.24766967454157426, 0.9440446029308204
-0.2651645332614884, 0.173290998100465, 0.9402709213414027
-0.33514396814113834, 0.09627277672248036, 0.9251761949837345
-0.4051234030207884, 0.01925455534449557, 0.9100814686260665
-0.37013368558096377, -0.057763666033486386, 0.9176288318049005
-0.3001542507013134, -0.1347818874114704, 0.9327235581625694
-0.2301748158216628, -0.21180010878945463, 0.9478182845202381
-0.15403644275596953, -0.28265939198139556, 0.9364972397519871
-0.07701822137798452, -0.35263882686104475, 0.9214025133943197
7.494005416219807e-16, -0.4226182617406943, 0.9063077870366523
6.982150666838977e-17, -0.42261826174069383, 0.9063077870366526
0.07701822137798346, -0.3526388268610449, 0.9214025133943202
0.1540364427559679, -0.282659391981395, 0.9364972397519883
0.2301748158216603, -0.21180010878945313, 0.9478182845202384
0.30015425070131024, -0.13478188741146863, 0.9327235581625706
0.3701336855809602, -0.057763666033484096, 0.9176288318049027
0.40512340302077976, 0.019254555344498034, 0.9100814686260696
0.33514396814113057, 0.09627277672248308, 0.9251761949837374
0.2651645332614813, 0.17329099810046814, 0.9402709213414047
0.19254555344495627, 0.2476696745415775, 0.9440446029308203
0.1155273320669723, 0.3176491094212279, 0.9289498765731518
0.03850911068898852, 0.3876285443008782, 0.9138551502154832
-0.03850911068899317, 0.3876285443008746, 0.9138551502154837
-0.11552733206697784, 0.3176491094212247, 0.9289498765731519
-0.19254555344496233, 0.24766967454157507, 0.9440446029308202
-0.2651645332614877, 0.17329099810046578, 0.9402709213414027
-0.33514396814113756, 0.09627277672248125, 0.9251761949837346
-0.4051234030207875, 0.019254555344496566, 0.9100814686260668
-0.3701336855809647, -0.057763666033485414, 0.9176288318049004
-0.3001542507013142, -0.13478188741146951, 0.9327235581625691
-0.23017481582166355, -0.21180010878945382, 0.9478182845202379
-0.1540364427559704, -0.2826593919813948, 0.9364972397519873
-0.07701822137798514, -0.3526388268610443, 0.92140251339432
1.1102230246251565e-16, -0.42261826174069383, 0.9063077870366526
6.982150666838977e-17, -0.42261826174069383, 0.9063077870366526
0.07701822137798124, -0.35263882686104686, 0.9214025133943198
0.15403644275596606, -0.2826593919813967, 0.936497239751988
0.23017481582165883, -0.21180010878945463, 0.9478182845202385
0.300154250701309, -0.1347818874114699, 0.9327235581625707
0.37013368558095927, -0.057763666033485095, 0.9176288318049026
0.40512340302078187, 0.01925455534449566, 0.9100814686260692
0.3351439681411324, 0.09627277672248105, 0.9251761949837369
0.26516453326148276, 0.17329099810046647, 0.9402709213414044
0.19254555344495766, 0.24766967454157632, 0.9440446029308207
0.11552733206697341, 0.3176491094212269, 0.928949876573152
0.03850911068898937, 0.3876285443008774, 0.9138551502154834
-0.03850911068899317, 0.3876285443008746, 0.9138551502154837
-0.11552733206697804, 0.3176491094212246, 0.9289498765731521
-0.19254555344496266, 0.2476696745415748, 0.9440446029308203
-0.26516453326148803, 0.1732909981004654, 0.9402709213414026
-0.335143968141138, 0.09627277672248072, 0.9251761949837346
-0.4051234030207881, 0.019254555344495907, 0.9100814686260665
-0.3701336855809641, -0.057763666033486094, 0.9176288318049005
-0.30015425070131374, -0.13478188741147004, 0.9327235581625692
-0.23017481582166313, -0.21180010878945427, 0.947818284520238
-0.15403644275596978, -0.2826593919813953, 0.9364972397519871
-0.07701822137798467, -0.35263882686104464, 0.9214025133943198
7.494005416219807e-16, -0.4226182617406943, 0.9063077870366523
6.982150666838977e-17, -0.42261826174069383, 0.9063077870366526
0.07701822137798355, -0.3526388268610449, 0.9214025133943204
0.15403644275596806, -0.28265939198139495, 0.9364972397519884
0.2301748158216604, -0.21180010878945293, 0.9478182845202382
0.3001542507013104, -0.1347818874114684, 0.9327235581625704
0.3701336855809604, -0.057763666033483915, 0.9176288318049026
0.4051234030207801, 0.019254555344497635, 0.9100814686260695
0.33514396814113073, 0.0962727767224828, 0.925176194983737
0.26516453326148137, 0.17329099810046797, 0.9402709213414046
0.19254555344495633, 0.24766967454157754, 0.9440446029308205
0.11552733206697238, 0.3176491094212279, 0.9289498765731519
0.03850911068898842, 0.3876285443008783, 0.9138551502154832
-0.03850911068899402, 0.38762854430087385, 0.9138551502154839
-0.11552733206697871, 0.317649109421224, 0.9289498765731521
-0.19254555344496335, 0.24766967454157413, 0.9440446029308204
-0.2651645332614886, 0.17329099810046486, 0.9402709213414024
-0.3351439681411386, 0.09627277672248011, 0.9251761949837345
-0.4051234030207886, 0.019254555344495418, 0.9100814686260665
-0.37013368558096366, -0.057763666033486503, 0.9176288318049006
-0.3001542507013132, -0.13478188741147065, 0.9327235581625694
-0.2301748158216628, -0.2118001087894546, 0.9478182845202381
-0.15403644275596895, -0.2826593919813961, 0.9364972397519871
-0.0770182213779839, -0.35263882686104536, 0.9214025133943197
1.4432899320127035e-15, -0.42261826174069494, 0.9063077870366522
6.982150666838977e-17, -0.42261826174069383, 0.9063077870366526
0.07701822137798238, -0.35263882686104586, 0.9214025133943201
0.15403644275596703, -0.2826593919813958, 0.9364972397519882
0.2301748158216596, -0.2118001087894538, 0.9478182845202383
0.30015425070130974, -0.13478188741146918, 0.9327235581625706
0.37013368558095977, -0.057763666033484595, 0.9176288318049027
0.4051234030207808, 0.019254555344496813, 0.9100814686260693
0.3351439681411314, 0.09627277672248204, 0.9251761949837369
0.26516453326148204, 0.17329099810046728, 0.9402709213414044
0.19254555344495702, 0.2476696745415769, 0.9440446029308205
0.11552733206697305, 0.31764910942122726, 0.9289498765731519
0.03850911068898891, 0.3876285443008778, 0.9138551502154832
-0.0385091106889931, 0.3876285443008747, 0.9138551502154837
-0.11552733206697774, 0.3176491094212248, 0.9289498765731519
-0.19254555344496235, 0.247669674541575, 0.9440446029308202
-0.2651645332614878, 0.17329099810046572, 0.9402709213414027
-0.33514396814113767, 0.09627277672248111, 0.9251761949837347
-0.4051234030207875, 0.019254555344496573, 0.9100814686260668
-0.3701336855809646, -0.05776366603348554, 0.9176288318049004
-0.3001542507013142, -0.13478188741146957, 0.9327235581625691
-0.23017481582166377, -0.21180010878945355, 0.9478182845202378
-0.15403644275597003, -0.2826593919813951, 0.9364972397519873
-0.0770182213779851, -0.35263882686104436, 0.92140251339432
1.1102230246251565e-16, -0.42261826174069383, 0.9063077870366526
6.982150666838977e-17, -0.42261826174069383, 0.9063077870366526
0.07701822137798248, -0.35263882686104575, 0.9214025133943201
0.1540364427559672, -0.2826593919813957, 0.9364972397519883
0.23017481582165983, -0.21180010878945357, 0.9478182845202383
0.30015425070131, -0.13478188741146888, 0.9327235581625705
0.3701336855809601, -0.057763666033484214, 0.9176288318049026
0.40512340302078104, 0.01925455534449656, 0.9100814686260692
0.33514396814113157, 0.09627277672248188, 0.9251761949837369
0.26516453326148204, 0.1732909981004673, 0.9402709213414044
0.19254555344495683, 0.24766967454157704, 0.9440446029308204
0.11552733206697272, 0.3176491094212276, 0.9289498765731519
0.038509110688988615, 0.38762854430087806, 0.9138551502154832
-0.03850911068899285, 0.3876285443008749, 0.9138551502154837
-0.1155273320669776, 0.31764910942122493, 0.9289498765731519
-0.19254555344496221, 0.24766967454157518, 0.9440446029308202
-0.2651645332614877, 0.17329099810046575, 0.9402709213414027
-0.33514396814113767, 0.09627277672248113, 0.9251761949837346
-0.4051234030207876, 0.0192545553444965, 0.9100814686260666
-0.3701336855809635, -0.057763666033486795, 0.9176288318049007
-0.300154250701313, -0.13478188741147085, 0.9327235581625695
-0.23017481582166238, -0.21180010878945504, 0.9478182845202382
-0.15403644275596898, -0.28265939198139606, 0.9364972397519871
-0.07701822137798393, -0.35263882686104536, 0.9214025133943197
1.4432899320127035e-15, -0.42261826174069494, 0.9063077870366522
6.982150666838977e-17, -0.42261826174069383, 0.9063077870366526
0.0770182213779836, -0.35263882686104486, 0.9214025133943203
0.15403644275596817, -0.28265939198139484, 0.9364972397519884
0.23017481582166066, -0.21180010878945277, 0.9478182845202383
0.3001542507013107, -0.1347818874114682, 0.9327235581625705
0.37013368558096066, -0.05776366603348363, 0.9176288318049026
0.40512340302077976, 0.019254555344497964, 0.9100814686260696
0.3351439681411305, 0.09627277672248308, 0.9251761949837372
0.26516453326148115, 0.17329099810046833, 0.9402709213414047
0.19254555344495605, 0.2476696745415778, 0.9440446029308203
0.11552733206697208, 0.31764910942122815, 0.9289498765731518
0.0385091106889881, 0.38762854430087856, 0.9138551502154831
-0.03850911068899365, 0.3876285443008741, 0.9138551502154838
-0.11552733206697832, 0.3176491094212243, 0.9289498765731521
-0.19254555344496294, 0.2476696745415745, 0.9440446029308203
-0.26516453326148814, 0.1732909981004653, 0.9402709213414026
-0.3351439681411381, 0.0962727767224806, 0.9251761949837345
-0.4051234030207881, 0.01925455534449598, 0.9100814686260668
-0.37013368558096404, -0.057763666033486184, 0.9176288318049006
-0.30015425070131363, -0.13478188741147015, 0.9327235581625692
-0.23017481582166344, -0.21180010878945388, 0.9478182845202379
-0.15403644275597006, -0.28265939198139517, 0.9364972397519874
-0.07701822137798481, -0.35263882686104464, 0.92140251339432
1.1102230246251565e-16, -0.42261826174069383, 0.9063077870366526
6.982150666838977e-17, -0.42261826174069383, 0.9063077870366526
0.07701822137798357, -0.35263882686104486, 0.9214025133943203
0.15403644275596806, -0.28265939198139484, 0.9364972397519884
0.2301748158216605, -0.2118001087894529, 0.9478182845202384
0.3001542507013105, -0.13478188741146835, 0.9327235581625706
0.37013368558096044, -0.0577636660334839, 0.9176288318049027
0.40512340302078004, 0.019254555344497708, 0.9100814686260696
0.3351439681411307, 0.09627277672248291, 0.9251761949837372
0.2651645332614813, 0.1732909981004681, 0.9402709213414048
0.19254555344495622, 0.24766967454157757, 0.9440446029308203
0.11552733206697227, 0.317649109421228, 0.9289498765731519
0.03850911068898821, 0.38762854430087845, 0.9138551502154831
-0.03850911068899411, 0.3876285443008738, 0.9138551502154839
-0.11552733206697885, 0.3176491094212238, 0.9289498765731521
-0.19254555344496338, 0.24766967454157413, 0.9440446029308204
-0.26516453326148853, 0.1732909981004649, 0.9402709213414024
-0.33514396814113845, 0.09627277672248022, 0.9251761949837345
-0.40512340302078853, 0.019254555344495487, 0.9100814686260666
-0.37013368558096377, -0.05776366603348642, 0.9176288318049005
-0.3001542507013134, -0.13478188741147037, 0.9327235581625694
-0.23017481582166288, -0.21180010878945454, 0.9478182845202381
-0.15403644275596956, -0.2826593919813955, 0.9364972397519871
-0.07701822137798454, -0.35263882686104475, 0.9214025133943197
7.494005416219807e-16, -0.4226182617406943, 0.9063077870366523
6.982150666838977e-17, -0.42261826174069383, 0.9063077870366526
0.07701822137798357, -0.3526388268610448, 0.9214025133943203
0.1540364427559681, -0.28265939198139484, 0.9364972397519884
0.23017481582166055, -0.21180010878945285, 0.9478182845202383
0.3001542507013106, -0.1347818874114683, 0.9327235581625706
0.3701336855809606, -0.05776366603348371, 0.9176288318049027
0.4051234030207799, 0.019254555344497826, 0.9100814686260696
0.33514396814113057, 0.09627277672248302, 0.9251761949837372
0.2651645332614812, 0.17329099810046822, 0.9402709213414047
0.19254555344495605, 0.24766967454157776, 0.9440446029308203
0.11552733206697205, 0.3176491094212282, 0.9289498765731518
0.0385091106889882, 0.3876285443008785, 0.9138551502154831
-0.03850911068899418, 0.3876285443008737, 0.9138551502154839
-0.11552733206697896, 0.3176491094212237, 0.9289498765731522
-0.1925455534449634, 0.24766967454157407, 0.9440446029308204
-0.2651645332614886, 0.17329099810046483, 0.9402709213414027
-0.33514396814113845, 0.09627277672248026, 0.9251761949837345
-0.40512340302078853, 0.01925455534449548, 0.9100814686260665
-0.3701336855809638, -0.05776366603348639, 0.9176288318049006
-0.3001542507013136, -0.1347818874114702, 0.9327235581625692
-0.23017481582166302, -0.21180010878945435, 0.947818284520238
-0.15403644275596973, -0.2826593919813954, 0.9364972397519873
-0.07701822137798467, -0.35263882686104464, 0.9214025133943198
7.494005416219807e-16, -0.4226182617406943, 0.9063077870366523
6.982150666838977e-17, -0.42261826174069383, 0.9063077870366526
0.07701822137798357, -0.35263882686104486, 0.9214025133943203
0.15403644275596812, -0.28265939198139484, 0.9364972397519884
0.23017481582166055, -0.21180010878945285, 0.9478182845202383
0.3001542507013106, -0.1347818874114683, 0.9327235581625706
0.3701336855809606, -0.05776366603348371, 0.9176288318049026
0.4051234030207799, 0.019254555344497826, 0.9100814686260696
0.33514396814113057, 0.09627277672248301, 0.9251761949837372
0.26516453326148115, 0.17329099810046816, 0.9402709213414047
0.1925455534449561, 0.24766967454157776, 0.9440446029308205
0.1155273320669721, 0.31764910942122815, 0.9289498765731519
0.03850911068898827, 0.38762854430087845, 0.9138551502154831
-0.038509110688994104, 0.3876285443008738, 0.9138551502154839
-0.11552733206697889, 0.3176491094212238, 0.9289498765731522
-0.19254555344496332, 0.24766967454157413, 0.9440446029308204
-0.2651645332614886, 0.17329099810046486, 0.9402709213414024
-0.3351439681411385, 0.09627277672248025, 0.9251761949837345
-0.4051234030207886, 0.019254555344495418, 0.9100814686260666
-0.37013368558096366, -0.05776366603348652, 0.9176288318049006
-0.3001542507013134, -0.1347818874114704, 0.9327235581625694
-0.2301748158216628, -0.21180010878945463, 0.9478182845202381
-0.15403644275596953, -0.28265939198139556, 0.9364972397519871
-0.07701822137798453, -0.35263882686104475, 0.9214025133943197
7.494005416219807e-16, -0.4226182617406943, 0.9063077870366523
6.982150666838977e-17, -0.42261826174069383, 0.9063077870366526
0.0770182213779836, -0.35263882686104486, 0.9214025133943204
0.15403644275596814, -0.2826593919813949, 0.9364972397519885
0.23017481582166052, -0.2118001087894528, 0.9478182845202382
0.3001542507013105, -0.13478188741146827, 0.9327235581625704
0.37013368558096055, -0.05776366603348376, 0.9176288318049026
0.40512340302078, 0.019254555344497784, 0.9100814686260696
0.3351439681411306, 0.09627277672248295, 0.925176194983737
0.2651645332614812, 0.1732909981004681, 0.9402709213414047
0.19254555344495622, 0.24766967454157765, 0.9440446029308205
0.11552733206697233, 0.3176491094212279, 0.9289498765731519
0.03850911068898836, 0.38762854430087834, 0.9138551502154832
-0.03850911068899394, 0.3876285443008739, 0.9138551502154839
-0.11552733206697863, 0.31764910942122404, 0.9289498765731521
-0.19254555344496316, 0.24766967454157435, 0.9440446029308203
-0.26516453326148826, 0.17329099810046517, 0.9402709213414024
-0.3351439681411382, 0.0962727767224805, 0.9251761949837345
-0.40512340302078814, 0.019254555344495855, 0.9100814686260665
-0.37013368558096327, -0.0577636660334871, 0.9176288318049008
-0.30015425070131274, -0.13478188741147115, 0.9327235581625695
-0.2301748158216625, -0.21180010878945493, 0.9478182845202381
-0.15403644275596892, -0.2826593919813961, 0.9364972397519871
-0.07701822137798361, -0.3526388268610457, 0.9214025133943196
1.4432899320127035e-15, -0.42261826174069494, 0.9063077870366522
6.982150666838977e-17, -0.42261826174069383, 0.9063077870366526
0.07701822137798352, -0.3526388268610449, 0.9214025133943204
0.154036442755968, -0.282659391981395, 0.9364972397519884
0.23017481582166033, -0.21180010878945302, 0.9478182845202383
0.3001542507013103, -0.13478188741146857, 0.9327235581625704
0.37013368558096016, -0.05776366603348417, 0.9176288318049026
0.4051234030207802, 0.019254555344497534, 0.9100814686260695
0.33514396814113084, 0.0962727767224827, 0.9251761949837372
0.2651645332614814, 0.17329099810046789, 0.9402709213414047
0.1925455534449565, 0.24766967454157734, 0.9440446029308204
0.11552733206697263, 0.3176491094212277, 0.9289498765731519
0.03850911068898862, 0.3876285443008781, 0.9138551502154832
-0.038509110688993695, 0.3876285443008742, 0.9138551502154838
-0.1155273320669784, 0.31764910942122426, 0.9289498765731521
-0.19254555344496294, 0.24766967454157454, 0.9440446029308203
-0.2651645332614881, 0.17329099810046536, 0.9402709213414026
-0.335143968141138, 0.09627277672248072, 0.9251761949837346
-0.40512340302078803, 0.01925455534449602, 0.9100814686260668
-0.370133685580963, -0.05776366603348735, 0.917628831804901
-0.30015425070131274, -0.1347818874114712, 0.9327235581625695
-0.23017481582166222, -0.21180010878945524, 0.9478182845202382
-0.15403644275596887, -0.28265939198139617, 0.9364972397519871
-0.07701822137798386, -0.3526388268610454, 0.9214025133943197
1.4432899320127035e-15, -0.42261826174069494, 0.9063077870366522
6.982150666838977e-17, -0.42261826174069383, 0.9063077870366526
0.07701822137798235, -0.35263882686104586, 0.9214025133943201
0.15403644275596698, -0.28265939198139595, 0.9364972397519882
0.23017481582165952, -0.2118001087894539, 0.9478182845202384
0.30015425070130963, -0.13478188741146932, 0.9327235581625707
0.37013368558095977, -0.05776366603348465, 0.9176288318049028
0.4051234030207803, 0.019254555344497413, 0.9100814686260695
0.3351439681411309, 0.09627277672248266, 0.9251761949837372
0.2651645332614815, 0.1732909981004679, 0.9402709213414047
0.19254555344495633, 0.2476696745415775, 0.9440446029308203
0.11552733206697227, 0.317649109421228, 0.9289498765731519
0.03850911068898824, 0.38762854430087845, 0.9138551502154831
-0.038509110688994125, 0.3876285443008738, 0.9138551502154839
-0.11552733206697895, 0.31764910942122376, 0.9289498765731521
-0.19254555344496355, 0.247669674541574, 0.9440446029308204
-0.2651645332614888, 0.1732909981004646, 0.9402709213414024
-0.33514396814113867, 0.09627277672247998, 0.9251761949837345
-0.40512340302078875, 0.019254555344495182, 0.9100814686260664
-0.3701336855809632, -0.057763666033487086, 0.9176288318049007
-0.30015425070131285, -0.134781887411471, 0.9327235581625694
-0.23017481582166238, -0.21180010878945502, 0.9478182845202381
-0.15403644275596887, -0.28265939198139617, 0.9364972397519871
-0.07701822137798357, -0.35263882686104575, 0.9214025133943196
1.4432899320127035e-15, -0.42261826174069494, 0.9063077870366522
6.982150666838977e-17, -0.42261826174069383, 0.9063077870366526
0.07701822137798364, -0.35263882686104475, 0.9214025133943203
0.15403644275596823, -0.28265939198139484, 0.9364972397519885
0.23017481582166066, -0.21180010878945268, 0.9478182845202383
0.3001542507013107, -0.13478188741146813, 0.9327235581625704
0.3701336855809607, -0.057763666033483575, 0.9176288318049026
0.40512340302077976, 0.019254555344498006, 0.9100814686260696
0.3351439681411304, 0.09627277672248326, 0.9251761949837372
0.265164533261481, 0.17329099810046839, 0.9402709213414047
0.19254555344495589, 0.24766967454157796, 0.9440446029308203
0.11552733206697191, 0.31764910942122837, 0.9289498765731518
0.038509110688987935, 0.38762854430087873, 0.913855150215483
-0.03850911068899433, 0.38762854430087357, 0.9138551502154839
-0.1155273320669791, 0.3176491094212236, 0.9289498765731523
-0.1925455534449636, 0.2476696745415739, 0.9440446029308205
-0.26516453326148876, 0.1732909981004646, 0.9402709213414024
-0.33514396814113867, 0.09627277672248005, 0.9251761949837345
-0.40512340302078875, 0.01925455534449525, 0.9100814686260665
-0.37013368558096355, -0.05776366603348664, 0.9176288318049006
-0.3001542507013133, -0.1347818874114705, 0.9327235581625692
-0.23017481582166271, -0.21180010878945466, 0.9478182845202381
-0.15403644275596945, -0.2826593919813956, 0.9364972397519873
-0.07701822137798447, -0.3526388268610448, 0.9214025133943198
7.494005416219807e-16, -0.4226182617406943, 0.9063077870366523
6.982150666838977e-17, -0.42261826174069383, 0.9063077870366526
0.0770182213779836, -0.35263882686104486, 0.9214025133943204
0.15403644275596817, -0.2826593919813949, 0.9364972397519885
0.23017481582166055, -0.21180010878945277, 0.9478182845202382
0.3001542507013106, -0.13478188741146824, 0.9327235581625704
0.3701336855809606, -0.05776366603348367, 0.9176288318049026
0.40512340302078, 0.019254555344497715, 0.9100814686260695
0.3351439681411307, 0.09627277672248286, 0.9251761949837369
0.26516453326148126, 0.17329099810046802, 0.9402709213414046
0.19254555344495627, 0.24766967454157762, 0.9440446029308205
0.11552733206697224, 0.31764910942122804, 0.9289498765731519
0.03850911068898842, 0.3876285443008783, 0.9138551502154832
-0.03850911068899402, 0.38762854430087385, 0.9138551502154839
-0.11552733206697871, 0.317649109421224, 0.9289498765731521
-0.19254555344496316, 0.24766967454157435, 0.9440446029308203
-0.2651645332614885, 0.17329099810046494, 0.9402709213414024
-0.33514396814113845, 0.0962727767224803, 0.9251761949837345
-0.40512340302078836, 0.01925455534449563, 0.9100814686260666
-0.3701336855809638, -0.05776366603348642, 0.9176288318049006
-0.30015425070131335, -0.13478188741147043, 0.9327235581625692
-0.23017481582166277, -0.21180010878945463, 0.9478182845202381
-0.1540364427559695, -0.28265939198139556, 0.9364972397519873
-0.07701822137798453, -0.35263882686104475, 0.9214025133943198
7.494005416219807e-16, -0.4226182617406943, 0.9063077870366523
6.982150666838977e-17, -0.42261826174069383, 0.9063077870366526
0.07701822137798363, -0.35263882686104486, 0.9214025133943204
0.15403644275596823, -0.28265939198139484, 0.9364972397519886
0.23017481582166063, -0.21180010878945268, 0.9478182845202382
0.3001542507013107, -0.13478188741146818, 0.9327235581625705
0.3701336855809608, -0.057763666033483575, 0.9176288318049026
0.40512340302078015, 0.019254555344497513, 0.9100814686260694
0.3351439681411308, 0.09627277672248266, 0.9251761949837369
0.26516453326148137, 0.1732909981004679, 0.9402709213414044
0.19254555344495633, 0.24766967454157757, 0.9440446029308205
0.1155273320669723, 0.31764910942122804, 0.9289498765731519
0.03850911068898845, 0.3876285443008783, 0.9138551502154832
-0.03850911068899403, 0.38762854430087385, 0.9138551502154839
-0.11552733206697877, 0.31764910942122393, 0.9289498765731521
-0.1925455534449632, 0.24766967454157426, 0.9440446029308204
-0.2651645332614885, 0.17329099810046492, 0.9402709213414024
-0.33514396814113845, 0.0962727767224803, 0.9251761949837345
-0.4051234030207884, 0.019254555344495574, 0.9100814686260665
-0.3701336855809638, -0.05776366603348636, 0.9176288318049006
-0.3001542507013136, -0.1347818874114702, 0.9327235581625692
-0.23017481582166302, -0.21180010878945435, 0.947818284520238
-0.15403644275596973, -0.2826593919813954, 0.9364972397519873
-0.07701822137798467, -0.35263882686104464, 0.9214025133943198
7.494005416219807e-16, -0.4226182617406943, 0.9063077870366523
6.982150666838977e-17, -0.42261826174069383, 0.9063077870366526
0.0770182213779836, -0.35263882686104486, 0.9214025133943204
0.15403644275596814, -0.2826593919813949, 0.9364972397519885
0.23017481582166052, -0.2118001087894528, 0.9478182845202382
0.3001542507013105, -0.13478188741146827, 0.9327235581625704
0.37013368558096055, -0.05776366603348376, 0.9176288318049026
0.4051234030207798, 0.01925455534449795, 0.9100814686260696
0.33514396814113045, 0.09627277672248315, 0.9251761949837372
0.265164533261481, 0.17329099810046833, 0.9402709213414047
0.19254555344495597, 0.2476696745415779, 0.9440446029308205
0.11552733206697204, 0.31764910942122826, 0.9289498765731519
0.03850911068898804, 0.3876285443008787, 0.913855150215483
-0.03850911068899428, 0.3876285443008736, 0.9138551502154839
-0.11552733206697899, 0.3176491094212237, 0.9289498765731522
-0.19254555344496355, 0.24766967454157396, 0.9440446029308204
-0.26516453326148864, 0.17329099810046475, 0.9402709213414024
-0.3351439681411387, 0.09627277672247998, 0.9251761949837345
-0.40512340302078864, 0.019254555344495296, 0.9100814686260665
-0.37013368558096366, -0.05776366603348652, 0.9176288318049006
-0.30015425070131324, -0.13478188741147054, 0.9327235581625694
-0.23017481582166305, -0.21180010878945432, 0.947818284520238
-0.15403644275596953, -0.28265939198139556, 0.9364972397519871
-0.07701822137798423, -0.35263882686104503, 0.9214025133943197
7.494005416219807e-16, -0.4226182617406943, 0.9063077870366523
6.982150666838977e-17, -0.42261826174069383, 0.9063077870366526
0.07701822137798357, -0.35263882686104486, 0.9214025133943204
0.15403644275596812, -0.2826593919813949, 0.9364972397519885
0.2301748158216605, -0.21180010878945285, 0.9478182845202382
0.3001542507013105, -0.13478188741146835, 0.9327235581625705
0.37013368558096055, -0.057763666033483894, 0.9176288318049026
0.4051234030207796, 0.019254555344498183, 0.9100814686260698
0.3351439681411303, 0.09627277672248336, 0.9251761949837373
0.2651645332614809, 0.1732909981004685, 0.9402709213414047
0.19254555344495586, 0.24766967454157796, 0.9440446029308204
0.11552733206697197, 0.31764910942122826, 0.9289498765731519
0.038509110688987956, 0.38762854430087873, 0.913855150215483
-0.03850911068899435, 0.38762854430087357, 0.9138551502154839
-0.11552733206697904, 0.31764910942122365, 0.9289498765731522
-0.1925455534449636, 0.24766967454157396, 0.9440446029308204
-0.2651645332614887, 0.1732909981004647, 0.9402709213414024
-0.33514396814113867, 0.09627277672248005, 0.9251761949837345
-0.40512340302078864, 0.01925455534449534, 0.9100814686260665
-0.3701336855809636, -0.057763666033486545, 0.9176288318049006
-0.3001542507013133, -0.13478188741147046, 0.9327235581625692
-0.23017481582166283, -0.21180010878945457, 0.9478182845202381
-0.1540364427559695, -0.28265939198139556, 0.9364972397519873
-0.0770182213779845, -0.35263882686104475, 0.9214025133943198
7.494005416219807e-16, -0.4226182617406943, 0.9063077870366523
6.982150666838977e-17, -0.42261826174069383, 0.9063077870366526
0.07701822137798359, -0.35263882686104486, 0.9214025133943203
0.15403644275596814, -0.28265939198139484, 0.9364972397519885
0.23017481582166055, -0.2118001087894528, 0.9478182845202383
0.3001542507013106, -0.1347818874114683, 0.9327235581625705
0.37013368558096055, -0.05776366603348373, 0.9176288318049026
0.4051234030207798, 0.019254555344497954, 0.9100814686260698
0.33514396814113045, 0.09627277672248316, 0.9251761949837373
0.26516453326148104, 0.17329099810046839, 0.9402709213414048
0.19254555344495594, 0.24766967454157787, 0.9440446029308203
0.11552733206697198, 0.31764910942122826, 0.9289498765731516
0.03850911068898797, 0.38762854430087873, 0.913855150215483
-0.03850911068899435, 0.38762854430087357, 0.9138551502154839
-0.11552733206697904, 0.31764910942122365, 0.9289498765731522
-0.1925455534449636, 0.2476696745415739, 0.9440446029308204
-0.2651645332614887, 0.1732909981004647, 0.9402709213414024
-0.3351439681411388, 0.09627277672247994, 0.9251761949837345
-0.4051234030207887, 0.01925455534449526, 0.9100814686260665
-0.3701336855809636, -0.057763666033486545, 0.9176288318049006
-0.3001542507013132, -0.13478188741147054, 0.9327235581625694
-0.23017481582166302, -0.21180010878945435, 0.947818284520238
-0.1540364427559695, -0.28265939198139556, 0.9364972397519873
-0.07701822137798424, -0.35263882686104503, 0.9214025133943197
7.494005416219807e-16, -0.4226182617406943, 0.9063077870366523
6.982150666838977e-17, -0.42261826174069383, 0.9063077870366526
0.07701822137798357, -0.35263882686104486, 0.9214025133943204
0.15403644275596812, -0.2826593919813949, 0.9364972397519885
0.2301748158216605, -0.21180010878945285, 0.9478182845202382
0.3001542507013105, -0.13478188741146832, 0.9327235581625705
0.37013368558096055, -0.05776366603348386, 0.9176288318049027
0.4051234030207796, 0.019254555344498187, 0.9100814686260698
0.3351439681411303, 0.09627277672248336, 0.9251761949837373
0.26516453326148093, 0.17329099810046855, 0.9402709213414048
0.19254555344495586, 0.24766967454157796, 0.9440446029308203
0.11552733206697197, 0.31764910942122826, 0.9289498765731516
0.038509110688987956, 0.38762854430087873, 0.913855150215483
-0.03850911068899435, 0.38762854430087357, 0.9138551502154839
-0.11552733206697904, 0.31764910942122365, 0.9289498765731522
-0.1925455534449636, 0.24766967454157396, 0.9440446029308204
-0.2651645332614887, 0.1732909981004647, 0.9402709213414024
-0.33514396814113867, 0.09627277672248005, 0.9251761949837345
-0.4051234030207887, 0.01925455534449532, 0.9100814686260666
-0.3701336855809636, -0.057763666033486545, 0.9176288318049006
-0.3001542507013133, -0.13478188741147046, 0.9327235581625692
-0.2301748158216628, -0.21180010878945457, 0.9478182845202381
-0.1540364427559695, -0.28265939198139556, 0.9364972397519873
-0.07701822137798452, -0.35263882686104475, 0.9214025133943198
7.494005416219807e-16, -0.4226182617406943, 0.9063077870366523
6.982150666838977e-17, -0.42261826174069383, 0.9063077870366526
0.07701822137798356, -0.35263882686104486, 0.9214025133943203
0.1540364427559681, -0.28265939198139484, 0.9364972397519884
0.23017481582166052, -0.21180010878945288, 0.9478182845202383
0.3001542507013105, -0.13478188741146835, 0.9327235581625706
0.3701336855809605, -0.05776366603348379, 0.9176288318049027
0.4051234030207796, 0.01925455534449821, 0.9100814686260699
0.33514396814113023, 0.09627277672248345, 0.9251761949837374
0.2651645332614808, 0.17329099810046866, 0.9402709213414049
0.19254555344495558, 0.24766967454157815, 0.9440446029308202
0.11552733206697151, 0.3176491094212287, 0.9289498765731516
0.03850911068898759, 0.387628544300879, 0.913855150215483
-0.03850911068899478, 0.3876285443008731, 0.913855150215484
-0.11552733206697952, 0.31764910942122326, 0.9289498765731522
-0.192545553444964, 0.24766967454157357, 0.9440446029308205
-0.26516453326148914, 0.17329099810046417, 0.9402709213414024
-0.335143968141139, 0.09627277672247968, 0.9251761949837345
-0.40512340302078886, 0.01925455534449513, 0.9100814686260665
-0.3701336855809635, -0.057763666033486816, 0.9176288318049006
-0.30015425070131313, -0.1347818874114707, 0.9327235581625694
-0.2301748158216625, -0.21180010878945496, 0.9478182845202381
-0.1540364427559692, -0.28265939198139584, 0.936497239751987
-0.07701822137798423, -0.35263882686104503, 0.9214025133943197
7.494005416219807e-16, -0.4226182617406943, 0.9063077870366523
6.982150666838977e-17, -0.42261826174069383, 0.9063077870366526
0.07701822137798353, -0.3526388268610449, 0.9214025133943204
0.154036442755968, -0.282659391981395, 0.9364972397519885
0.23017481582166033, -0.21180010878945302, 0.9478182845202383
0.30015425070131035, -0.13478188741146852, 0.9327235581625705
0.3701336855809604, -0.057763666033483985, 0.9176288318049026
0.405123403020779, 0.01925455534449892, 0.9100814686260699
0.33514396814112973, 0.096272776722484, 0.9251761949837374
0.2651645332614805, 0.17329099810046905, 0.9402709213414049
0.19254555344495536, 0.24766967454157837, 0.94404460293082
0.1155273320669714, 0.3176491094212288, 0.9289498765731516
0.0385091106889876, 0.387628544300879, 0.913855150215483
-0.03850911068899465, 0.3876285443008733, 0.913855150215484
-0.11552733206697932, 0.31764910942122343, 0.9289498765731523
-0.1925455534449637, 0.2476696745415738, 0.9440446029308205
-0.26516453326148887, 0.17329099810046453, 0.9402709213414027
-0.33514396814113867, 0.09627277672248005, 0.9251761949837345
-0.40512340302078864, 0.019254555344495397, 0.9100814686260665
-0.3701336855809637, -0.05776366603348648, 0.9176288318049006
-0.3001542507013135, -0.1347818874114703, 0.9327235581625692
-0.230174815821663, -0.21180010878945443, 0.947818284520238
-0.15403644275596967, -0.2826593919813954, 0.9364972397519871
-0.07701822137798461, -0.35263882686104464, 0.9214025133943198
7.494005416219807e-16, -0.4226182617406943, 0.9063077870366523
6.982150666838977e-17, -0.42261826174069383, 0.9063077870366526
0.07701822137798359, -0.35263882686104486, 0.9214025133943203
0.15403644275596814, -0.28265939198139484, 0.9364972397519885
0.23017481582166055, -0.21180010878945282, 0.9478182845202383
0.3001542507013106, -0.13478188741146832, 0.9327235581625705
0.37013368558096055, -0.05776366603348375, 0.9176288318049026
0.4051234030207798, 0.019254555344497933, 0.9100814686260696
0.33514396814113045, 0.09627277672248315, 0.9251761949837372
0.26516453326148104, 0.17329099810046836, 0.9402709213414047
0.192545553444956, 0.24766967454157784, 0.9440446029308203
0.11552733206697205, 0.3176491094212282, 0.9289498765731519
0.03850911068898804, 0.3876285443008787, 0.913855150215483
-0.03850911068899428, 0.3876285443008736, 0.9138551502154839
-0.11552733206697897, 0.3176491094212237, 0.9289498765731522
-0.19254555344496355, 0.24766967454157396, 0.9440446029308204
-0.26516453326148864, 0.17329099810046478, 0.9402709213414024
-0.3351439681411386, 0.09627277672248005, 0.9251761949837345
-0.40512340302078853, 0.019254555344495418, 0.9100814686260665
-0.3701336855809638, -0.05776366603348635, 0.9176288318049006
-0.30015425070131346, -0.13478188741147032, 0.9327235581625692
-0.2301748158216633, -0.21180010878945404, 0.9478182845202379
-0.15403644275596975, -0.2826593919813954, 0.9364972397519873
-0.07701822137798435, -0.352638826861045, 0.9214025133943198
7.494005416219807e-16, -0.4226182617406943, 0.9063077870366523
6.982150666838977e-17, -0.42261826174069383, 0.9063077870366526
0.07701822137798357, -0.35263882686104486, 0.9214025133943203
0.15403644275596806, -0.28265939198139484, 0.9364972397519884
0.2301748158216605, -0.2118001087894529, 0.9478182845202384
0.3001542507013105, -0.1347818874114684, 0.9327235581625706
0.3701336855809604, -0.05776366603348397, 0.9176288318049028
0.40512340302077965, 0.019254555344498082, 0.9100814686260696
0.33514396814113034, 0.09627277672248324, 0.9251761949837372
0.26516453326148104, 0.17329099810046844, 0.9402709213414048
0.19254555344495602, 0.2476696745415778, 0.9440446029308203
0.11552733206697219, 0.31764910942122804, 0.9289498765731518
0.03850911068898803, 0.3876285443008787, 0.913855150215483
-0.03850911068899418, 0.3876285443008737, 0.9138551502154839
-0.1155273320669788, 0.31764910942122393, 0.9289498765731521
-0.19254555344496338, 0.24766967454157413, 0.9440446029308204
-0.2651645332614884, 0.17329099810046503, 0.9402709213414024
-0.33514396814113845, 0.0962727767224803, 0.9251761949837345
-0.4051234030207883, 0.01925455534449573, 0.9100814686260665
-0.37013368558096416, -0.057763666033486, 0.9176288318049006
-0.30015425070131374, -0.13478188741147, 0.9327235581625692
-0.2301748158216636, -0.2118001087894537, 0.9478182845202379
-0.15403644275597014, -0.2826593919813951, 0.9364972397519874
-0.07701822137798484, -0.3526388268610446, 0.92140251339432
1.1102230246251565e-16, -0.42261826174069383, 0.9063077870366526
6.982150666838977e-17, -0.42261826174069383, 0.9063077870366526
0.07701822137798357, -0.35263882686104486, 0.9214025133943203
0.1540364427559681, -0.2826593919813949, 0.9364972397519885
0.2301748158216605, -0.21180010878945285, 0.9478182845202383
0.3001542507013105, -0.13478188741146835, 0.9327235581625705
0.3701336855809604, -0.057763666033483936, 0.9176288318049027
0.4051234030207799, 0.019254555344497836, 0.9100814686260696
0.33514396814113057, 0.09627277672248306, 0.9251761949837372
0.26516453326148115, 0.17329099810046827, 0.9402709213414049
0.1925455534449561, 0.24766967454157768, 0.9440446029308203
0.1155273320669722, 0.31764910942122804, 0.9289498765731519
0.03850911068898798, 0.3876285443008787, 0.913855150215483
-0.03850911068899428, 0.3876285443008736, 0.9138551502154839
-0.11552733206697893, 0.3176491094212237, 0.9289498765731521
-0.19254555344496357, 0.24766967454157396, 0.9440446029308204
-0.26516453326148864, 0.17329099810046478, 0.9402709213414024
-0.33514396814113867, 0.09627277672248, 0.9251761949837344
-0.4051234030207886, 0.019254555344495383, 0.9100814686260665
-0.37013368558096377, -0.05776366603348642, 0.9176288318049005
-0.3001542507013133, -0.1347818874114705, 0.9327235581625694
-0.23017481582166313, -0.21180010878945424, 0.947818284520238
-0.15403644275596956, -0.2826593919813955, 0.9364972397519871
-0.07701822137798424, -0.35263882686104503, 0.9214025133943197
7.494005416219807e-16, -0.4226182617406943, 0.9063077870366523
6.982150666838977e-17, -0.42261826174069383, 0.9063077870366526
0.07701822137798357, -0.35263882686104486, 0.9214025133943204
0.15403644275596812, -0.2826593919813949, 0.9364972397519885
0.23017481582166047, -0.21180010878945288, 0.9478182845202383
0.3001542507013105, -0.13478188741146835, 0.9327235581625705
0.3701336855809605, -0.05776366603348396, 0.9176288318049027
0.40512340302077965, 0.019254555344498145, 0.9100814686260696
0.33514396814113034, 0.09627277672248333, 0.9251761949837374
0.265164533261481, 0.1732909981004685, 0.9402709213414049
0.19254555344495594, 0.2476696745415778, 0.9440446029308203
0.11552733206697212, 0.31764910942122815, 0.9289498765731518
0.03850911068898795, 0.3876285443008787, 0.913855150215483
-0.03850911068899425, 0.3876285443008736, 0.9138551502154839
-0.11552733206697885, 0.3176491094212238, 0.9289498765731521
-0.19254555344496344, 0.24766967454157407, 0.9440446029308205
-0.2651645332614885, 0.17329099810046497, 0.9402709213414024
-0.33514396814113845, 0.09627277672248025, 0.9251761949837345
-0.40512340302078836, 0.01925455534449569, 0.9100814686260668
-0.37013368558096416, -0.057763666033486046, 0.9176288318049006
-0.3001542507013137, -0.13478188741147007, 0.9327235581625692
-0.2301748158216636, -0.21180010878945377, 0.9478182845202379
-0.1540364427559701, -0.28265939198139506, 0.9364972397519873
-0.07701822137798481, -0.35263882686104464, 0.9214025133943199
1.1102230246251565e-16, -0.42261826174069383, 0.9063077870366526
