2.604049983950549e-17, -0.15761892434230437, 0.987500012500848
0.011134598718913251, -0.15839146351983469, 0.9867809112327498
0.021317587752993007, -0.15863273096111133, 0.9862057657817029
0.03054687161808209, -0.1583428727210581, 0.9857745761420739
0.038112310601926956, -0.15536573649458935, 0.9853253365830849
0.043987839160082025, -0.14966208248337004, 0.9849061676105255
0.048963792627889684, -0.1435130783276699, 0.9845368314420251
0.05307101380308013, -0.13688788122975876, 0.9840850428912229
0.056345171308293696, -0.12975082256699633, 0.9833978187419246
0.05874299074919464, -0.12214517673371829, 0.9826607634703978
0.05978285644802868, -0.11358932805212929, 0.9818738843289014
0.05678674961735668, -0.10118845234435687, 0.9805722832302132
0.053071579526240704, -0.0884100117966108, 0.9790787704399
0.04862196017360055, -0.07526098150071331, 0.977441299476442
0.049769264533065474, -0.06842930445135936, 0.9764240709603734
0.05324686728115113, -0.0644643856449873, 0.9756328012016231
0.057182538060657456, -0.061388554526719985, 0.9748415108420461
0.058821747885755254, -0.05824134825347507, 0.9740501437887462
0.060180718070816826, -0.055725792883735734, 0.9732587410998113
0.06211373217399262, -0.05413976425009663, 0.9724673201717687
0.06397665549456982, -0.05348639233946977, 0.9716759034347083
0.06453559185977059, -0.053759364127635226, 0.970884533855429
0.06575591983658569, -0.05496186265189297, 0.9700931429954163
0.06763763942501513, -0.05709388791224301, 0.9693017308546701
0.06784041408680905, -0.060971480072797984, 0.9685102497745783
0.06795611953330669, -0.06603957600673963, 0.9677187321720977
0.06884919247803277, -0.07199675962879928, 0.9669271956506164
0.07262585401694749, -0.07448031990327096, 0.9661374313668349
0.07871522808374914, -0.07396245933225692, 0.9653481399439185
0.08583714994932759, -0.07257640647895339, 0.964554892015715
0.09153457381853927, -0.0687063542879593, 0.9646286831208619
0.09444234100332644, -0.06204951386640556, 0.966097663891083
0.098263374309118, -0.054977523650156485, 0.9677106011526279
0.10293895307857398, -0.04736085472112925, 0.9690637923882192
0.10835199169113466, -0.03894123385076785, 0.9693522779482537
0.11466460539403021, -0.03007626283594679, 0.9696905946305214
0.12186276478385089, -0.02080617685975923, 0.9700787416156772
0.12879083466086066, -0.013150263210598936, 0.9690807079995577
0.1365431667896446, -0.004817271643739435, 0.9676360464238367
0.14521227603072218, 0.004100282980300268, 0.966141554405781
0.15462042538957413, 0.012832346012721638, 0.9640368607177692
0.16449943348567167, 0.021563959609270072, 0.9604991847572159
0.17526501834429117, 0.030981174987175432, 0.9568175499436107
0.18534445761963708, 0.04183750399917359, 0.953476165701568
0.1875675558012288, 0.05566276010935797, 0.9526891644236948
0.18835682961921046, 0.07055527706141054, 0.9518976511732167
0.18761427260724114, 0.0863953955559524, 0.9511019671269502
0.1762036633612233, 0.0982624694971834, 0.9534720259551066
0.16378149009132933, 0.11059484107996605, 0.9562029875022224
0.151055855479767, 0.12372879033071676, 0.9590779072224881
0.13844003972856975, 0.13638076141027594, 0.9602304882297912
0.12585413595627562, 0.14923457676041912, 0.9609558241620536
0.11282288203952365, 0.1629879672008963, 0.9617309912165493
0.09915415884119073, 0.17744881359458428, 0.9617319877550321
0.08460118004320387, 0.19237032962340947, 0.9599003438435119
0.06957961407472427, 0.20816818371653392, 0.9580188671279375
0.05444438452500655, 0.22471861935464876, 0.9560875503806867
0.03942174768555778, 0.24111456482918167, 0.9518775196609203
0.02373602000647497, 0.258254066965807, 0.9470777826716656
0.00745203823954179, 0.27628014586496147, 0.9421340898709853
-0.013481167567077686, 0.2853087249617092, 0.9400279280798647
-0.03731717399000947, 0.28845052929928694, 0.9392404210684913
-0.06205858120060237, 0.28947173086290245, 0.9384444854717024
-0.0840232785588787, 0.2820563198964508, 0.9397711560645396
-0.10231909381077503, 0.26683185818052824, 0.9436201802639255
-0.12141648673063989, 0.25130393512293697, 0.9476131626364611
-0.14116803523477556, 0.23514735983059457, 0.9507365813827193
-0.16140770029521492, 0.2179958752378211, 0.9518489238461132
-0.1824352519929531, 0.20051072895361488, 0.9530110991135661
-0.20425069032799004, 0.18269192097797585, 0.954223107185078
-0.2257269047295858, 0.16429181284197378, 0.9525367958528299
-0.24788548802806448, 0.14536884167412123, 0.9502682895861165
-0.27092040939084167, 0.12597728333577723, 0.9479499505153489
-0.2944303757667901, 0.10593521558056741, 0.9443310693988878
-0.31809506315180325, 0.08509742268090421, 0.938413293060343
-0.3426058882513498, 0.06377735158008098, 0.9323515585486533
-0.36397547512408474, 0.04016577944375467, 0.9273651451506696
-0.37071896414141675, 0.009149564710935152, 0.9265813171957554
-0.3746967388258033, -0.022802406634379904, 0.9257887154897536
-0.3759285712225193, -0.05542248385380837, 0.9249897608201236
-0.055432759253299574, -0.37590183036930924, 0.9250000125008481
-0.07947900843071257, -0.3538286145772442, 0.930463257397746
-0.10230881012509584, -0.33183543545654814, 0.935953583739744
-0.12392216433644944, -0.30992229300722113, 0.9414709915268422
-0.14387735192573362, -0.2871148213967251, 0.943978676737462
-0.1625719182301755, -0.2642119278834281, 0.9459790245767232
-0.18008987478533905, -0.2413389812045541, 0.9478723245834182
-0.19610049307871713, -0.21822016047672074, 0.948415678917056
-0.2104177452104857, -0.19466943780010387, 0.946811211340475
-0.22356813631172867, -0.1712133183057875, 0.9453171096482623
-0.2355693085268493, -0.14783415984936843, 0.943857706438887
-0.24562080556759175, -0.12399216721609431, 0.9390367180183634
-0.25445770595116407, -0.10018211323117139, 0.9339682737313405
-0.2621861730850203, -0.07645212602817333, 0.9289832528553276
-0.23941054673445267, -0.08385336951104091, 0.9276297296999491
-0.2072138349213289, -0.10011548361818387, 0.9273629722015355
-0.17534462616854035, -0.11511871705026792, 0.9263436916670061
-0.14366169848181742, -0.12890905910815384, 0.9249733640143646
-0.11210172570319078, -0.14150713211590857, 0.9234320173443045
-0.08066470783266043, -0.15291293607353199, 0.921719651656826
-0.05182445915392597, -0.16312647098102537, 0.9206914608386021
-0.03114706180530824, -0.17214773683838647, 0.9222716311346463
-0.011582145078266229, -0.1799767336456163, 0.924022859967941
0.00687029102719991, -0.18661346140271493, 0.9259451473384863
0.02421024651109037, -0.19205792010968237, 0.9280384932462822
0.04008923487136677, -0.19642359528037948, 0.9293121955061515
0.05468496840874548, -0.19965261445303714, 0.9302714672716108
0.07218577627412245, -0.19329976468037352, 0.9312947423533375
0.09089156489204794, -0.17959280437622113, 0.9323790925158293
0.10819256639143736, -0.16325092158858345, 0.9335167761092216
0.12159253515609858, -0.1404391203243357, 0.935450503114064
0.13015755533171752, -0.11082626291812908, 0.9382398148085637
0.13751878642010668, -0.08125457131842391, 0.9408246352496046
0.14359437538376188, -0.05154349006365014, 0.9426422275949212
0.14824175952148733, -0.021378547325982517, 0.9427124781341162
0.15169178387718424, 0.008692730256885911, 0.9426089696117463
0.15373091329952093, 0.03801462800016195, 0.9404675897385892
0.15418724272670536, 0.06760633226509674, 0.9364753271097296
0.15335354886638858, 0.09717506634403882, 0.93188790507661
0.15134033557974638, 0.12661032637581301, 0.9271792762292997
0.14797229205304885, 0.14609633065376182, 0.925223825255548
0.1430307284173056, 0.15499007578772825, 0.9255965200485405
0.13693984570500112, 0.16274713013037748, 0.9262842109511019
0.12838294613825987, 0.1699983408142326, 0.9276922825977931
0.11129967227432133, 0.17945446638134066, 0.9315213548672658
0.09248680207087936, 0.1867540355741913, 0.9331128622747573
0.07183408022495007, 0.19255774240657833, 0.9346822425228065
0.04330922410738955, 0.19355272748700592, 0.9384678846308744
0.014289319658484165, 0.19313090654447185, 0.9423257374586216
-0.014717646414964938, 0.19153352394575296, 0.9461001668753588
-0.04361793071400803, 0.18816207642241997, 0.9468170268095253
-0.07228122815521401, 0.18329870481667057, 0.9460191167962848
-0.10087315944015439, 0.17724523515436086, 0.945110840898676
-0.129487971692701, 0.16990742031161896, 0.943687971897937
-0.1582240086011653, 0.161186916600133, 0.9413287123537208
-0.18656316384795502, 0.15120111410411907, 0.9380994121157866
-0.214016114203174, 0.13979066347184016, 0.9326089883436786
-0.2414607202675311, 0.12692467603385832, 0.9261370949487628
-0.26878479063424743, 0.11285062912092142, 0.9194550440277571
-0.2959616959231261, 0.09762726313142324, 0.9127459116616514
-0.3022069762803661, 0.07812430129927692, 0.9146505734617264
-0.30053478005418444, 0.05590037274090422, 0.9196959339422615
-0.2974924273398922, 0.03239158553796458, 0.9249098687536699
-0.29220051095451044, 0.0061243210137520016, 0.9308341128419721
-0.28448305510530686, -0.022184876735369313, 0.9366694633801047
-0.2746315752200619, -0.05016901040241981, 0.9396966055626726
-0.26357549599547964, -0.07820425844568166, 0.9424406912525252
-0.25129298028178315, -0.10633879032566117, 0.944751590789429
-0.23784859394257174, -0.13443018348041988, 0.9470731922844136
-0.22324233697784449, -0.16247843790995853, 0.9494054957374791
-0.20652136758786932, -0.18970746526249493, 0.9476617494812676
-0.1884938176007856, -0.21673814740654967, 0.9453080421120411
-0.16929940658317666, -0.24367422636830358, 0.9429436327847337
-0.14890515154453823, -0.2705306546611579, 0.9404657234794849
-0.12730701475655126, -0.2973092627494179, 0.937861729816599
-0.10431931152626683, -0.32320296434015455, 0.9331333509900952
-0.07980730158476966, -0.3483524970106355, 0.926515711687088
-0.053850873706850225, -0.37348329749190307, 0.9199509684170936
-0.02720806833240598, -0.39823995140232343, 0.9132148785578708
7.494005416219807e-16, -0.4226182617406943, 0.9063077870366523
6.982150666838977e-17, -0.42261826174069383, 0.9063077870366526
0.04596892951142231, -0.3830308900879659, 0.9199930820282549
0.09193785902284687, -0.3434435184352362, 0.9336783770198582
0.1371347072861236, -0.3014852724364968, 0.9406235819889367
0.182090802846433, -0.2587877332499394, 0.9454670717628091
0.22676457886002338, -0.215807874516663, 0.9490996890932131
0.2694621180465806, -0.17085177895635362, 0.9442561993193408
0.312159657233138, -0.12589568339604423, 0.9394127095454683
0.3533403613484204, -0.0804456266449887, 0.9302570532719571
0.39292773300115014, -0.03447669713356414, 0.9165717582803538
0.4127214188275109, 0.011492232377856812, 0.9097291107845534
0.3731340471747814, 0.057461161889281784, 0.9234144057761564
0.3335084268264129, 0.10341763561589515, 0.9369909646585323
0.29081088763985585, 0.14837373117620503, 0.9418344544324045
0.24811334845329885, 0.1933298267365148, 0.9466779442062765
0.20456885062658467, 0.23743896365666756, 0.947888816649744
0.1596127550662756, 0.2801365028432251, 0.9430453268758712
0.11465665950596651, 0.32283404202978283, 0.9382018371019984
0.06895339426713246, 0.3632372042616086, 0.9268357295240539
0.02298446475570816, 0.4028245759143386, 0.9131504345324502
-0.0229844647557138, 0.4028245759143343, 0.9131504345324517
-0.06895339426713823, 0.3632372042616048, 0.9268357295240552
-0.11465665950597256, 0.32283404202977906, 0.9382018371019986
-0.159612755066282, 0.2801365028432217, 0.943045326875871
-0.2045688506265913, 0.2374389636566646, 0.9478888166497434
-0.24811334845330552, 0.19332982673651217, 0.9466779442062752
-0.29081088763986285, 0.14837373117620273, 0.9418344544324027
-0.3335084268264201, 0.10341763561589334, 0.9369909646585304
-0.3731340471747886, 0.057461161889280334, 0.9234144057761535
-0.4127214188275182, 0.011492232377855755, 0.9097291107845502
-0.3929277330011543, -0.034476697133566346, 0.9165717582803518
-0.3533403613484243, -0.08044562664499061, 0.9302570532719555
-0.3121596572331416, -0.12589568339604562, 0.9394127095454669
-0.269462118046584, -0.1708517789563547, 0.9442561993193396
-0.22676457886002654, -0.2158078745166636, 0.9490996890932124
-0.18209080284643556, -0.25878773324993976, 0.9454670717628082
-0.137134707286126, -0.3014852724364966, 0.9406235819889364
-0.0919378590228491, -0.34344351843523546, 0.9336783770198583
-0.04596892951142402, -0.3830308900879649, 0.9199930820282552
7.494005416219807e-16, -0.4226182617406943, 0.9063077870366523
6.982150666838977e-17, -0.42261826174069383, 0.9063077870366526
0.04596892951142346, -0.38303089008796504, 0.9199930820282555
0.09193785902284786, -0.34344351843523535, 0.9336783770198587
0.1371347072861244, -0.301485272436496, 0.9406235819889367
0.1820908028464337, -0.25878773324993876, 0.9454670717628092
0.2267645788600239, -0.21580787451666245, 0.9490996890932132
0.2694621180465811, -0.17085177895635317, 0.9442561993193408
0.3121596572331383, -0.1258956833960439, 0.9394127095454684
0.3533403613484206, -0.08044562664498847, 0.9302570532719571
0.39292773300115025, -0.034476697133563994, 0.9165717582803536
0.4127214188275098, 0.011492232377858106, 0.9097291107845539
0.3731340471747805, 0.05746116188928285, 0.923414405776157
0.333508426826412, 0.10341763561589606, 0.9369909646585326
0.2908108876398553, 0.14837373117620567, 0.9418344544324047
0.24811334845329844, 0.19332982673651525, 0.9466779442062766
0.20456885062658448, 0.23743896365666772, 0.947888816649744
0.15961275506627554, 0.2801365028432252, 0.9430453268758712
0.1146566595059666, 0.3228340420297827, 0.9382018371019984
0.06895339426713268, 0.3632372042616084, 0.9268357295240539
0.022984464755708568, 0.4028245759143383, 0.9131504345324504
-0.022984464755713176, 0.4028245759143348, 0.9131504345324515
-0.0689533942671377, 0.3632372042616053, 0.926835729524055
-0.11465665950597187, 0.32283404202977967, 0.9382018371019984
-0.15961275506628125, 0.28013650284322245, 0.943045326875871
-0.20456885062659064, 0.2374389636566652, 0.9478888166497434
-0.2481133484533048, 0.1933298267365129, 0.9466779442062752
-0.290810887639862, 0.14837373117620353, 0.9418344544324027
-0.33350842682641924, 0.10341763561589419, 0.9369909646585304
-0.37313404717478793, 0.057461161889281076, 0.9234144057761539
-0.41272141882751756, 0.011492232377856565, 0.9097291107845504
-0.39292773300115513, -0.034476697133565284, 0.9165717582803514
-0.35334036134842506, -0.0804456266449897, 0.9302570532719553
-0.3121596572331425, -0.12589568339604465, 0.9394127095454666
-0.26946211804658493, -0.1708517789563537, 0.9442561993193395
-0.22676457886002727, -0.21580787451666286, 0.9490996890932123
-0.1820908028464364, -0.258787733249939, 0.9454670717628083
-0.13713470728612684, -0.30148527243649575, 0.9406235819889364
-0.0919378590228497, -0.34344351843523496, 0.9336783770198587
-0.04596892951142495, -0.3830308900879643, 0.9199930820282557
1.1102230246251565e-16, -0.42261826174069383, 0.9063077870366526
6.982150666838977e-17, -0.42261826174069383, 0.9063077870366526
0.045968929511421036, -0.38303089008796704, 0.9199930820282547
0.09193785902284565, -0.3434435184352373, 0.9336783770198581
0.13713470728612245, -0.30148527243649786, 0.9406235819889366
0.18209080284643192, -0.2587877332499405, 0.945467071762809
0.2267645788600223, -0.21580787451666408, 0.9490996890932131
0.2694621180465797, -0.1708517789563546, 0.9442561993193408
0.3121596572331371, -0.12589568339604518, 0.9394127095454685
0.3533403613484195, -0.08044562664498964, 0.9302570532719573
0.39292773300114936, -0.034476697133565014, 0.9165717582803539
0.412721418827512, 0.011492232377855564, 0.9097291107845532
0.3731340471747824, 0.057461161889280576, 0.9234144057761562
0.3335084268264139, 0.1034176356158941, 0.9369909646585324
0.29081088763985696, 0.1483737311762039, 0.9418344544324044
0.2481133484532999, 0.19332982673651367, 0.9466779442062765
0.2045688506265859, 0.2374389636566664, 0.9478888166497441
0.15961275506627676, 0.28013650284322406, 0.9430453268758714
0.11465665950596761, 0.3228340420297817, 0.9382018371019984
0.06895339426713357, 0.36323720426160766, 0.9268357295240544
0.0229844647557093, 0.4028245759143376, 0.9131504345324506
-0.022984464755713238, 0.40282457591433474, 0.9131504345324515
-0.06895339426713787, 0.3632372042616051, 0.9268357295240551
-0.11465665950597215, 0.32283404202977944, 0.9382018371019984
-0.15961275506628161, 0.2801365028432221, 0.943045326875871
-0.20456885062659105, 0.23743896365666484, 0.9478888166497434
-0.24811334845330524, 0.19332982673651244, 0.9466779442062749
-0.2908108876398625, 0.148373731176203, 0.9418344544324027
-0.3335084268264199, 0.10341763561589358, 0.9369909646585304
-0.3731340471747884, 0.057461161889280514, 0.9234144057761536
-0.4127214188275181, 0.011492232377855923, 0.9097291107845502
-0.3929277330011545, -0.0344766971335661, 0.9165717582803516
-0.35334036134842445, -0.08044562664499044, 0.9302570532719554
-0.3121596572331417, -0.12589568339604548, 0.9394127095454669
-0.2694621180465841, -0.17085177895635456, 0.9442561993193396
-0.2267645788600266, -0.21580787451666353, 0.9490996890932124
-0.18209080284643564, -0.2587877332499397, 0.9454670717628082
-0.13713470728612606, -0.30148527243649653, 0.9406235819889364
-0.09193785902284914, -0.3434435184352355, 0.9336783770198585
-0.04596892951142404, -0.383030890087965, 0.9199930820282554
7.494005416219807e-16, -0.4226182617406943, 0.9063077870366523
6.982150666838977e-17, -0.42261826174069383, 0.9063077870366526
0.04596892951142349, -0.38303089008796504, 0.9199930820282555
0.09193785902284793, -0.3434435184352353, 0.9336783770198587
0.1371347072861245, -0.3014852724364959, 0.9406235819889367
0.1820908028464338, -0.25878773324993865, 0.9454670717628092
0.22676457886002405, -0.2158078745166623, 0.9490996890932131
0.26946211804658127, -0.170851778956353, 0.9442561993193408
0.31215965723313854, -0.1258956833960437, 0.9394127095454684
0.35334036134842084, -0.08044562664498825, 0.930257053271957
0.39292773300115047, -0.03447669713356375, 0.9165717582803536
0.41272141882751007, 0.011492232377857712, 0.9097291107845539
0.3731340471747807, 0.057461161889282554, 0.9234144057761569
0.33350842682641224, 0.10341763561589584, 0.9369909646585324
0.2908108876398554, 0.1483737311762055, 0.9418344544324047
0.24811334845329847, 0.19332982673651516, 0.9466779442062765
0.20456885062658442, 0.2374389636566678, 0.9478888166497441
0.15961275506627542, 0.28013650284322533, 0.9430453268758713
0.11465665950596646, 0.32283404202978283, 0.9382018371019983
0.0689533942671324, 0.36323720426160866, 0.9268357295240539
0.022984464755708194, 0.4028245759143386, 0.9131504345324502
-0.02298446475571418, 0.40282457591433396, 0.9131504345324518
-0.06895339426713873, 0.36323720426160433, 0.9268357295240554
-0.11465665950597295, 0.3228340420297786, 0.9382018371019987
-0.15961275506628228, 0.28013650284322145, 0.9430453268758711
-0.20456885062659175, 0.23743896365666417, 0.9478888166497434
-0.24811334845330585, 0.19332982673651175, 0.9466779442062749
-0.29081088763986307, 0.14837373117620248, 0.9418344544324027
-0.33350842682642035, 0.10341763561589308, 0.9369909646585304
-0.3731340471747888, 0.05746116188928002, 0.9234144057761535
-0.4127214188275186, 0.011492232377855347, 0.9097291107845502
-0.392927733001154, -0.03447669713356671, 0.9165717582803519
-0.3533403613484241, -0.08044562664499084, 0.9302570532719556
-0.3121596572331413, -0.12589568339604595, 0.9394127095454669
-0.26946211804658365, -0.170851778956355, 0.9442561993193397
-0.22676457886002618, -0.21580787451666392, 0.9490996890932124
-0.18209080284643528, -0.25878773324994003, 0.9454670717628083
-0.13713470728612537, -0.30148527243649714, 0.9406235819889364
-0.0919378590228485, -0.3434435184352361, 0.9336783770198583
-0.04596892951142336, -0.38303089008796565, 0.9199930820282551
1.4432899320127035e-15, -0.42261826174069494, 0.9063077870366522
6.982150666838977e-17, -0.42261826174069383, 0.9063077870366526
0.04596892951142227, -0.3830308900879661, 0.919993082028255
0.09193785902284679, -0.34344351843523635, 0.9336783770198585
0.1371347072861235, -0.301485272436497, 0.9406235819889367
0.1820908028464329, -0.25878773324993964, 0.9454670717628092
0.2267645788600231, -0.2158078745166632, 0.9490996890932131
0.2694621180465805, -0.1708517789563538, 0.9442561993193408
0.31215965723313777, -0.12589568339604446, 0.9394127095454685
0.3533403613484202, -0.08044562664498893, 0.9302570532719571
0.39292773300114997, -0.03447669713356435, 0.9165717582803536
0.4127214188275109, 0.011492232377856786, 0.9097291107845535
0.3731340471747815, 0.057461161889281714, 0.9234144057761565
0.333508426826413, 0.10341763561589506, 0.9369909646585324
0.29081088763985613, 0.14837373117620475, 0.9418344544324045
0.24811334845329913, 0.1933298267365145, 0.9466779442062764
0.20456885062658509, 0.23743896365666722, 0.9478888166497441
0.1596127550662761, 0.2801365028432247, 0.9430453268758713
0.11465665950596708, 0.3228340420297823, 0.9382018371019984
0.06895339426713304, 0.3632372042616081, 0.9268357295240541
0.022984464755708752, 0.4028245759143381, 0.9131504345324504
-0.0229844647557131, 0.40282457591433485, 0.9131504345324515
-0.0689533942671376, 0.36323720426160533, 0.926835729524055
-0.1146566595059719, 0.3228340420297796, 0.9382018371019984
-0.1596127550662812, 0.28013650284322245, 0.943045326875871
-0.20456885062659064, 0.2374389636566652, 0.9478888166497434
-0.24811334845330485, 0.19332982673651283, 0.9466779442062752
-0.290810887639862, 0.14837373117620353, 0.9418344544324029
-0.33350842682641935, 0.10341763561589408, 0.9369909646585304
-0.373134047174788, 0.057461161889281034, 0.9234144057761539
-0.4127214188275175, 0.011492232377856597, 0.9097291107845505
-0.3929277330011549, -0.03447669713356561, 0.9165717582803515
-0.35334036134842517, -0.08044562664498961, 0.9302570532719553
-0.31215965723314243, -0.12589568339604473, 0.9394127095454666
-0.26946211804658493, -0.17085177895635367, 0.9442561993193395
-0.22676457886002724, -0.21580787451666286, 0.9490996890932123
-0.18209080284643636, -0.258787733249939, 0.9454670717628083
-0.1371347072861268, -0.3014852724364958, 0.9406235819889364
-0.09193785902284968, -0.343443518435235, 0.9336783770198587
-0.04596892951142461, -0.3830308900879646, 0.9199930820282556
1.1102230246251565e-16, -0.42261826174069383, 0.9063077870366526
6.982150666838977e-17, -0.42261826174069383, 0.9063077870366526
0.04596892951142233, -0.383030890087966, 0.919993082028255
0.0919378590228469, -0.34344351843523624, 0.9336783770198585
0.13713470728612362, -0.3014852724364968, 0.9406235819889367
0.18209080284643303, -0.2587877332499394, 0.9454670717628092
0.22676457886002338, -0.21580787451666297, 0.9490996890932131
0.2694621180465807, -0.17085177895635356, 0.9442561993193408
0.31215965723313804, -0.12589568339604412, 0.9394127095454683
0.35334036134842045, -0.0804456266449886, 0.930257053271957
0.3929277330011502, -0.034476697133564056, 0.9165717582803536
0.412721418827511, 0.011492232377856534, 0.9097291107845533
0.3731340471747817, 0.05746116188928149, 0.9234144057761564
0.3335084268264132, 0.1034176356158949, 0.9369909646585324
0.2908108876398562, 0.14837373117620473, 0.9418344544324044
0.24811334845329913, 0.1933298267365145, 0.9466779442062765
0.20456885062658497, 0.23743896365666722, 0.9478888166497441
0.15961275506627598, 0.2801365028432248, 0.9430453268758712
0.11465665950596693, 0.3228340420297824, 0.9382018371019984
0.0689533942671329, 0.3632372042616082, 0.9268357295240539
0.022984464755708527, 0.4028245759143383, 0.9131504345324503
-0.02298446475571273, 0.4028245759143352, 0.9131504345324514
-0.06895339426713726, 0.36323720426160566, 0.9268357295240549
-0.11465665950597159, 0.32283404202977994, 0.9382018371019984
-0.159612755066281, 0.28013650284322267, 0.9430453268758708
-0.20456885062659033, 0.23743896365666547, 0.9478888166497434
-0.24811334845330463, 0.19332982673651306, 0.9466779442062752
-0.29081088763986196, 0.14837373117620367, 0.9418344544324028
-0.3335084268264191, 0.1034176356158943, 0.9369909646585305
-0.37313404717478776, 0.057461161889281215, 0.9234144057761539
-0.41272141882751745, 0.011492232377856695, 0.9097291107845505
-0.3929277330011541, -0.0344766971335666, 0.9165717582803519
-0.35334036134842417, -0.0804456266449907, 0.9302570532719556
-0.31215965723314126, -0.12589568339604593, 0.9394127095454669
-0.2694621180465836, -0.17085177895635503, 0.9442561993193397
-0.22676457886002604, -0.21580787451666406, 0.9490996890932124
-0.18209080284643508, -0.2587877332499402, 0.9454670717628083
-0.13713470728612542, -0.3014852724364971, 0.9406235819889364
-0.0919378590228485, -0.343443518435236, 0.9336783770198582
-0.04596892951142336, -0.3830308900879656, 0.9199930820282551
1.4432899320127035e-15, -0.42261826174069494, 0.9063077870366522
6.982150666838977e-17, -0.42261826174069383, 0.9063077870366526
0.04596892951142352, -0.3830308900879649, 0.9199930820282555
0.09193785902284798, -0.34344351843523524, 0.9336783770198586
0.13713470728612462, -0.3014852724364958, 0.9406235819889368
0.18209080284643397, -0.25878773324993853, 0.9454670717628092
0.22676457886002416, -0.21580787451666217, 0.9490996890932131
0.26946211804658143, -0.17085177895635284, 0.9442561993193408
0.31215965723313865, -0.1258956833960435, 0.9394127095454683
0.353340361348421, -0.08044562664498801, 0.930257053271957
0.3929277330011506, -0.034476697133563536, 0.9165717582803535
0.4127214188275099, 0.011492232377857884, 0.9097291107845539
0.37313404717478055, 0.05746116188928278, 0.9234144057761569
0.3335084268264121, 0.10341763561589604, 0.9369909646585324
0.2908108876398552, 0.14837373117620578, 0.9418344544324047
0.2481133484532983, 0.1933298267365154, 0.9466779442062767
0.2045688506265842, 0.23743896365666797, 0.9478888166497439
0.15961275506627526, 0.28013650284322544, 0.9430453268758712
0.11465665950596625, 0.322834042029783, 0.9382018371019982
0.06895339426713232, 0.36323720426160866, 0.9268357295240537
0.02298446475570819, 0.40282457591433857, 0.9131504345324502
-0.02298446475571355, 0.4028245759143345, 0.9131504345324517
-0.06895339426713815, 0.3632372042616049, 0.9268357295240552
-0.11465665950597238, 0.3228340420297793, 0.9382018371019986
-0.1596127550662817, 0.280136502843222, 0.943045326875871
-0.20456885062659108, 0.23743896365666478, 0.9478888166497434
-0.24811334845330524, 0.19332982673651244, 0.946677944206275
-0.2908108876398625, 0.148373731176203, 0.9418344544324027
-0.33350842682641957, 0.10341763561589387, 0.9369909646585304
-0.37313404717478815, 0.05746116188928077, 0.9234144057761537
-0.41272141882751784, 0.01149223237785621, 0.9097291107845504
-0.39292773300115447, -0.03447669713356621, 0.9165717582803516
-0.3533403613484246, -0.08044562664499026, 0.9302570532719554
-0.3121596572331418, -0.1258956833960454, 0.9394127095454667
-0.2694621180465844, -0.1708517789563543, 0.9442561993193396
-0.22676457886002666, -0.21580787451666344, 0.9490996890932124
-0.18209080284643606, -0.25878773324993926, 0.9454670717628084
-0.13713470728612653, -0.3014852724364961, 0.9406235819889364
-0.09193785902284939, -0.34344351843523535, 0.9336783770198586
-0.04596892951142496, -0.3830308900879643, 0.9199930820282557
1.1102230246251565e-16, -0.42261826174069383, 0.9063077870366526
6.982150666838977e-17, -0.42261826174069383, 0.9063077870366526
0.045968929511423506, -0.383030890087965, 0.9199930820282555
0.09193785902284794, -0.3434435184352353, 0.9336783770198587
0.1371347072861246, -0.30148527243649587, 0.9406235819889367
0.18209080284643386, -0.25878773324993865, 0.9454670717628092
0.2267645788600241, -0.21580787451666228, 0.9490996890932131
0.2694621180465813, -0.1708517789563529, 0.9442561993193408
0.31215965723313854, -0.12589568339604365, 0.9394127095454683
0.35334036134842084, -0.08044562664498815, 0.930257053271957
0.3929277330011505, -0.03447669713356369, 0.9165717582803535
0.41272141882751, 0.011492232377857762, 0.9097291107845539
0.3731340471747807, 0.05746116188928266, 0.9234144057761569
0.33350842682641213, 0.10341763561589593, 0.9369909646585324
0.2908108876398553, 0.14837373117620561, 0.9418344544324047
0.24811334845329847, 0.19332982673651522, 0.9466779442062765
0.20456885062658436, 0.23743896365666783, 0.9478888166497439
0.1596127550662754, 0.28013650284322533, 0.9430453268758712
0.11465665950596637, 0.32283404202978294, 0.9382018371019982
0.06895339426713244, 0.36323720426160855, 0.9268357295240538
0.022984464755708298, 0.4028245759143385, 0.9131504345324502
-0.02298446475571419, 0.4028245759143339, 0.9131504345324519
-0.06895339426713867, 0.36323720426160433, 0.9268357295240552
-0.1146566595059729, 0.32283404202977867, 0.9382018371019987
-0.15961275506628225, 0.28013650284322145, 0.9430453268758711
-0.2045688506265916, 0.2374389636566643, 0.9478888166497434
-0.24811334845330568, 0.19332982673651197, 0.9466779442062749
-0.29081088763986296, 0.1483737311762026, 0.9418344544324027
-0.3335084268264201, 0.10341763561589329, 0.9369909646585304
-0.3731340471747886, 0.057461161889280285, 0.9234144057761537
-0.4127214188275183, 0.011492232377855724, 0.9097291107845503
-0.3929277330011543, -0.034476697133566346, 0.9165717582803518
-0.35334036134842434, -0.08044562664499057, 0.9302570532719554
-0.3121596572331416, -0.12589568339604562, 0.9394127095454669
-0.26946211804658404, -0.17085177895635464, 0.9442561993193396
-0.22676457886002654, -0.2158078745166636, 0.9490996890932124
-0.1820908028464356, -0.2587877332499397, 0.9454670717628082
-0.13713470728612603, -0.30148527243649653, 0.9406235819889364
-0.0919378590228491, -0.3434435184352355, 0.9336783770198585
-0.045968929511424034, -0.383030890087965, 0.9199930820282552
7.494005416219807e-16, -0.4226182617406943, 0.9063077870366523
6.982150666838977e-17, -0.42261826174069383, 0.9063077870366526
0.045968929511423506, -0.3830308900879649, 0.9199930820282555
0.09193785902284796, -0.34344351843523524, 0.9336783770198586
0.1371347072861246, -0.3014852724364958, 0.9406235819889367
0.18209080284643392, -0.25878773324993853, 0.9454670717628092
0.22676457886002419, -0.21580787451666217, 0.9490996890932131
0.26946211804658143, -0.17085177895635287, 0.9442561993193408
0.31215965723313865, -0.12589568339604357, 0.9394127095454683
0.35334036134842095, -0.08044562664498808, 0.9302570532719568
0.39292773300115064, -0.03447669713356358, 0.9165717582803535
0.4127214188275099, 0.011492232377857946, 0.9097291107845539
0.3731340471747806, 0.05746116188928277, 0.9234144057761569
0.3335084268264121, 0.10341763561589604, 0.9369909646585324
0.2908108876398552, 0.14837373117620573, 0.9418344544324047
0.2481133484532983, 0.19332982673651536, 0.9466779442062765
0.20456885062658423, 0.237438963656668, 0.9478888166497439
0.15961275506627526, 0.28013650284322544, 0.9430453268758712
0.11465665950596628, 0.32283404202978305, 0.9382018371019983
0.06895339426713226, 0.36323720426160877, 0.9268357295240539
0.022984464755708048, 0.40282457591433873, 0.9131504345324502
-0.02298446475571443, 0.40282457591433374, 0.9131504345324519
-0.06895339426713883, 0.3632372042616043, 0.9268357295240554
-0.11465665950597304, 0.3228340420297785, 0.9382018371019987
-0.15961275506628247, 0.2801365028432213, 0.9430453268758711
-0.20456885062659175, 0.23743896365666417, 0.9478888166497434
-0.2481133484533058, 0.19332982673651186, 0.9466779442062752
-0.29081088763986307, 0.14837373117620245, 0.9418344544324027
-0.33350842682642035, 0.10341763561589308, 0.9369909646585304
-0.3731340471747887, 0.057461161889280146, 0.9234144057761535
-0.4127214188275184, 0.011492232377855589, 0.9097291107845502
-0.39292773300115424, -0.03447669713356642, 0.9165717582803518
-0.3533403613484243, -0.08044562664499062, 0.9302570532719555
-0.3121596572331416, -0.1258956833960456, 0.9394127095454667
-0.26946211804658393, -0.1708517789563547, 0.9442561993193396
-0.22676457886002646, -0.21580787451666364, 0.9490996890932124
-0.18209080284643556, -0.25878773324993976, 0.9454670717628083
-0.13713470728612598, -0.3014852724364966, 0.9406235819889364
-0.09193785902284908, -0.3434435184352355, 0.9336783770198585
-0.045968929511424006, -0.38303089008796504, 0.9199930820282552
7.494005416219807e-16, -0.4226182617406943, 0.9063077870366523
6.982150666838977e-17, -0.42261826174069383, 0.9063077870366526
0.04596892951142352, -0.383030890087965, 0.9199930820282555
0.09193785902284798, -0.34344351843523524, 0.9336783770198587
0.1371347072861246, -0.3014852724364958, 0.9406235819889367
0.18209080284643392, -0.25878773324993853, 0.9454670717628092
0.22676457886002419, -0.21580787451666217, 0.9490996890932131
0.26946211804658143, -0.17085177895635287, 0.9442561993193408
0.31215965723313865, -0.12589568339604357, 0.9394127095454683
0.35334036134842095, -0.08044562664498808, 0.9302570532719568
0.39292773300115064, -0.03447669713356357, 0.9165717582803535
0.4127214188275099, 0.011492232377857944, 0.9097291107845539
0.3731340471747805, 0.05746116188928276, 0.9234144057761569
0.3335084268264121, 0.10341763561589604, 0.9369909646585324
0.2908108876398552, 0.14837373117620573, 0.9418344544324047
0.2481133484532983, 0.19332982673651533, 0.9466779442062765
0.20456885062658423, 0.237438963656668, 0.9478888166497441
0.15961275506627526, 0.2801365028432255, 0.9430453268758712
0.11465665950596626, 0.32283404202978305, 0.9382018371019984
0.06895339426713226, 0.36323720426160877, 0.9268357295240539
0.022984464755708048, 0.40282457591433873, 0.9131504345324502
-0.022984464755714435, 0.40282457591433374, 0.9131504345324519
-0.06895339426713884, 0.36323720426160433, 0.9268357295240555
-0.11465665950597306, 0.32283404202977856, 0.9382018371019987
-0.15961275506628247, 0.28013650284322134, 0.9430453268758711
-0.20456885062659175, 0.23743896365666417, 0.9478888166497434
-0.2481133484533058, 0.19332982673651186, 0.9466779442062752
-0.29081088763986307, 0.14837373117620248, 0.9418344544324027
-0.33350842682642046, 0.10341763561589308, 0.9369909646585304
-0.37313404717478876, 0.05746116188928009, 0.9234144057761536
-0.4127214188275185, 0.011492232377855481, 0.9097291107845503
-0.39292773300115413, -0.03447669713356657, 0.9165717582803519
-0.3533403613484241, -0.08044562664499082, 0.9302570532719556
-0.3121596572331415, -0.1258956833960458, 0.9394127095454669
-0.2694621180465839, -0.1708517789563548, 0.9442561993193396
-0.22676457886002646, -0.21580787451666367, 0.9490996890932124
-0.18209080284643553, -0.25878773324993976, 0.9454670717628082
-0.13713470728612598, -0.3014852724364966, 0.9406235819889364
-0.09193785902284911, -0.3434435184352355, 0.9336783770198585
-0.04596892951142401, -0.38303089008796504, 0.9199930820282554
7.494005416219807e-16, -0.4226182617406943, 0.9063077870366523
6.982150666838977e-17, -0.42261826174069383, 0.9063077870366526
0.045968929511423506, -0.3830308900879649, 0.9199930820282555
0.09193785902284796, -0.34344351843523524, 0.9336783770198586
0.1371347072861246, -0.3014852724364958, 0.9406235819889367
0.18209080284643392, -0.25878773324993853, 0.9454670717628092
0.22676457886002416, -0.21580787451666217, 0.9490996890932131
0.2694621180465814, -0.17085177895635287, 0.9442561993193408
0.31215965723313865, -0.12589568339604357, 0.9394127095454683
0.35334036134842095, -0.08044562664498808, 0.930257053271957
0.3929277330011506, -0.0344766971335636, 0.9165717582803535
0.4127214188275099, 0.011492232377857882, 0.9097291107845539
0.37313404717478055, 0.05746116188928272, 0.9234144057761569
0.3335084268264121, 0.10341763561589598, 0.9369909646585324
0.29081088763985524, 0.14837373117620567, 0.9418344544324045
0.24811334845329835, 0.19332982673651528, 0.9466779442062765
0.2045688506265843, 0.2374389636566679, 0.9478888166497441
0.15961275506627534, 0.28013650284322544, 0.9430453268758713
0.11465665950596632, 0.32283404202978294, 0.9382018371019984
0.06895339426713241, 0.36323720426160866, 0.9268357295240539
0.022984464755708284, 0.4028245759143385, 0.9131504345324502
-0.022984464755714182, 0.40282457591433396, 0.9131504345324519
-0.06895339426713867, 0.36323720426160444, 0.9268357295240555
-0.11465665950597287, 0.3228340420297787, 0.9382018371019987
-0.1596127550662822, 0.2801365028432216, 0.9430453268758711
-0.20456885062659153, 0.23743896365666436, 0.9478888166497434
-0.2481133484533056, 0.19332982673651208, 0.946677944206275
-0.29081088763986285, 0.1483737311762027, 0.9418344544324027
-0.3335084268264199, 0.10341763561589352, 0.9369909646585304
-0.3731340471747884, 0.05746116188928048, 0.9234144057761537
-0.41272141882751806, 0.011492232377855922, 0.9097291107845503
-0.3929277330011535, -0.03447669713356728, 0.9165717582803521
-0.3533403613484236, -0.08044562664499141, 0.9302570532719557
-0.31215965723314076, -0.12589568339604648, 0.939412709545467
-0.2694621180465834, -0.17085177895635534, 0.9442561993193397
-0.22676457886002566, -0.2158078745166645, 0.9490996890932125
-0.18209080284643497, -0.2587877332499403, 0.9454670717628083
-0.13713470728612537, -0.30148527243649714, 0.9406235819889364
-0.09193785902284818, -0.34344351843523635, 0.9336783770198582
-0.04596892951142367, -0.3830308900879654, 0.9199930820282552
1.4432899320127035e-15, -0.42261826174069494, 0.9063077870366522
6.982150666838977e-17, -0.42261826174069383, 0.9063077870366526
0.04596892951142348, -0.38303089008796504, 0.9199930820282555
0.09193785902284789, -0.34344351843523535, 0.9336783770198587
0.13713470728612448, -0.301485272436496, 0.9406235819889368
0.18209080284643375, -0.25878773324993876, 0.9454670717628092
0.22676457886002388, -0.21580787451666245, 0.9490996890932131
0.2694621180465811, -0.17085177895635315, 0.9442561993193408
0.3121596572331383, -0.1258956833960439, 0.9394127095454684
0.35334036134842056, -0.08044562664498846, 0.930257053271957
0.3929277330011502, -0.03447669713356402, 0.9165717582803536
0.41272141882751023, 0.011492232377857552, 0.9097291107845539
0.37313404717478094, 0.057461161889282394, 0.9234144057761569
0.33350842682641235, 0.10341763561589569, 0.9369909646585324
0.2908108876398555, 0.14837373117620534, 0.9418344544324044
0.2481133484532987, 0.19332982673651491, 0.9466779442062764
0.20456885062658473, 0.23743896365666753, 0.9478888166497441
0.15961275506627573, 0.28013650284322505, 0.9430453268758713
0.1146566595059667, 0.3228340420297826, 0.9382018371019984
0.0689533942671329, 0.3632372042616082, 0.9268357295240541
0.02298446475570877, 0.40282457591433807, 0.9131504345324504
-0.022984464755713703, 0.4028245759143343, 0.9131504345324517
-0.0689533942671382, 0.3632372042616048, 0.9268357295240552
-0.11465665950597237, 0.32283404202977917, 0.9382018371019984
-0.1596127550662817, 0.280136502843222, 0.943045326875871
-0.2045688506265911, 0.23743896365666478, 0.9478888166497434
-0.24811334845330518, 0.1933298267365125, 0.946677944206275
-0.29081088763986246, 0.14837373117620312, 0.9418344544324027
-0.33350842682641946, 0.10341763561589395, 0.9369909646585304
-0.3731340471747881, 0.05746116188928087, 0.9234144057761537
-0.4127214188275178, 0.011492232377856333, 0.9097291107845504
-0.39292773300115363, -0.034476697133567116, 0.9165717582803521
-0.3533403613484237, -0.08044562664499129, 0.9302570532719558
-0.3121596572331408, -0.12589568339604643, 0.939412709545467
-0.2694621180465833, -0.17085177895635537, 0.9442561993193397
-0.22676457886002555, -0.21580787451666458, 0.9490996890932125
-0.18209080284643492, -0.25878773324994037, 0.9454670717628083
-0.13713470728612534, -0.3014852724364972, 0.9406235819889364
-0.09193785902284812, -0.3434435184352364, 0.9336783770198582
-0.045968929511423354, -0.38303089008796565, 0.9199930820282551
1.4432899320127035e-15, -0.42261826174069494, 0.9063077870366522
6.982150666838977e-17, -0.42261826174069383, 0.9063077870366526
0.045968929511422243, -0.38303089008796604, 0.9199930820282549
0.09193785902284674, -0.3434435184352363, 0.9336783770198582
0.13713470728612343, -0.3014852724364969, 0.9406235819889366
0.18209080284643278, -0.2587877332499397, 0.9454670717628091
0.22676457886002305, -0.21580787451666328, 0.9490996890932131
0.2694621180465804, -0.17085177895635395, 0.9442561993193408
0.31215965723313766, -0.12589568339604462, 0.9394127095454685
0.35334036134842, -0.08044562664498912, 0.9302570532719572
0.39292773300114975, -0.034476697133564625, 0.9165717582803539
0.4127214188275104, 0.011492232377857355, 0.9097291107845538
0.3731340471747811, 0.057461161889282165, 0.9234144057761566
0.33350842682641246, 0.10341763561589556, 0.9369909646585324
0.29081088763985563, 0.14837373117620525, 0.9418344544324044
0.2481133484532987, 0.19332982673651497, 0.9466779442062765
0.2045688506265847, 0.23743896365666756, 0.9478888166497441
0.15961275506627562, 0.28013650284322517, 0.9430453268758712
0.11465665950596658, 0.3228340420297827, 0.9382018371019984
0.06895339426713264, 0.36323720426160844, 0.9268357295240539
0.022984464755708457, 0.4028245759143384, 0.9131504345324503
-0.022984464755714053, 0.40282457591433407, 0.9131504345324518
-0.0689533942671386, 0.36323720426160444, 0.9268357295240552
-0.1146566595059728, 0.3228340420297788, 0.9382018371019986
-0.15961275506628217, 0.28013650284322156, 0.943045326875871
-0.2045688506265917, 0.2374389636566642, 0.9478888166497434
-0.2481133484533059, 0.19332982673651175, 0.9466779442062749
-0.2908108876398631, 0.14837373117620242, 0.9418344544324027
-0.33350842682642035, 0.10341763561589304, 0.9369909646585304
-0.3731340471747889, 0.057461161889279896, 0.9234144057761535
-0.41272141882751845, 0.011492232377855438, 0.9097291107845502
-0.3929277330011538, -0.034476697133566964, 0.9165717582803521
-0.3533403613484238, -0.0804456266449912, 0.9302570532719556
-0.3121596572331409, -0.12589568339604634, 0.9394127095454669
-0.2694621180465833, -0.1708517789563554, 0.9442561993193397
-0.22676457886002582, -0.2158078745166643, 0.9490996890932125
-0.18209080284643522, -0.2587877332499401, 0.9454670717628083
-0.13713470728612534, -0.3014852724364972, 0.9406235819889364
-0.09193785902284844, -0.34344351843523613, 0.9336783770198583
-0.04596892951142366, -0.3830308900879654, 0.9199930820282552
1.4432899320127035e-15, -0.42261826174069494, 0.9063077870366522
6.982150666838977e-17, -0.42261826174069383, 0.9063077870366526
0.04596892951142355, -0.3830308900879649, 0.9199930820282555
0.09193785902284801, -0.34344351843523524, 0.9336783770198587
0.13713470728612467, -0.30148527243649575, 0.9406235819889367
0.18209080284643397, -0.25878773324993853, 0.9454670717628093
0.22676457886002416, -0.2158078745166621, 0.949099689093213
0.2694621180465815, -0.17085177895635273, 0.9442561993193408
0.3121596572331387, -0.12589568339604343, 0.9394127095454683
0.35334036134842106, -0.08044562664498794, 0.9302570532719568
0.39292773300115075, -0.03447669713356345, 0.9165717582803535
0.4127214188275099, 0.011492232377858007, 0.9097291107845539
0.3731340471747805, 0.05746116188928288, 0.9234144057761569
0.3335084268264119, 0.1034176356158962, 0.9369909646585324
0.2908108876398551, 0.1483737311762059, 0.9418344544324047
0.24811334845329813, 0.19332982673651558, 0.9466779442062766
0.2045688506265841, 0.2374389636566681, 0.9478888166497439
0.15961275506627506, 0.28013650284322567, 0.9430453268758712
0.1146566595059661, 0.32283404202978316, 0.9382018371019982
0.0689533942671321, 0.3632372042616089, 0.9268357295240537
0.022984464755707954, 0.4028245759143388, 0.9131504345324502
-0.02298446475571451, 0.4028245759143336, 0.9131504345324519
-0.06895339426713898, 0.3632372042616041, 0.9268357295240554
-0.11465665950597317, 0.3228340420297784, 0.9382018371019987
-0.15961275506628253, 0.2801365028432212, 0.9430453268758711
-0.2045688506265919, 0.237438963656664, 0.9478888166497434
-0.24811334845330602, 0.1933298267365116, 0.9466779442062749
-0.2908108876398632, 0.1483737311762023, 0.9418344544324027
-0.33350842682642046, 0.10341763561589293, 0.9369909646585304
-0.3731340471747889, 0.05746116188927995, 0.9234144057761535
-0.41272141882751845, 0.01149223237785547, 0.9097291107845502
-0.39292773300115413, -0.03447669713356657, 0.9165717582803518
-0.35334036134842417, -0.0804456266449908, 0.9302570532719555
-0.31215965723314143, -0.12589568339604582, 0.9394127095454669
-0.2694621180465838, -0.1708517789563548, 0.9442561993193396
-0.22676457886002638, -0.21580787451666372, 0.9490996890932124
-0.18209080284643553, -0.2587877332499398, 0.9454670717628083
-0.13713470728612595, -0.30148527243649664, 0.9406235819889364
-0.09193785902284904, -0.3434435184352356, 0.9336783770198585
-0.045968929511424, -0.38303089008796504, 0.9199930820282552
7.494005416219807e-16, -0.4226182617406943, 0.9063077870366523
6.982150666838977e-17, -0.42261826174069383, 0.9063077870366526
0.04596892951142353, -0.383030890087965, 0.9199930820282556
0.091937859022848, -0.34344351843523535, 0.9336783770198588
0.1371347072861246, -0.30148527243649587, 0.9406235819889368
0.18209080284643395, -0.2587877332499386, 0.9454670717628093
0.22676457886002416, -0.2158078745166621, 0.949099689093213
0.2694621180465814, -0.17085177895635287, 0.9442561993193408
0.3121596572331387, -0.12589568339604354, 0.9394127095454683
0.35334036134842095, -0.08044562664498804, 0.9302570532719568
0.3929277330011507, -0.034476697133563536, 0.9165717582803535
0.41272141882751, 0.011492232377857795, 0.9097291107845538
0.3731340471747806, 0.05746116188928262, 0.9234144057761569
0.33350842682641213, 0.10341763561589591, 0.9369909646585324
0.2908108876398553, 0.1483737311762056, 0.9418344544324047
0.2481133484532984, 0.19332982673651522, 0.9466779442062766
0.20456885062658436, 0.23743896365666783, 0.9478888166497439
0.15961275506627537, 0.28013650284322533, 0.9430453268758713
0.11465665950596642, 0.32283404202978294, 0.9382018371019983
0.06895339426713241, 0.3632372042616086, 0.9268357295240539
0.022984464755708284, 0.4028245759143385, 0.9131504345324502
-0.022984464755714175, 0.4028245759143339, 0.9131504345324519
-0.06895339426713865, 0.36323720426160444, 0.9268357295240552
-0.11465665950597287, 0.3228340420297787, 0.9382018371019987
-0.15961275506628217, 0.28013650284322156, 0.9430453268758711
-0.20456885062659164, 0.23743896365666428, 0.9478888166497434
-0.2481133484533058, 0.19332982673651186, 0.9466779442062749
-0.29081088763986296, 0.14837373117620256, 0.9418344544324027
-0.33350842682642023, 0.10341763561589318, 0.9369909646585304
-0.3731340471747887, 0.057461161889280146, 0.9234144057761536
-0.4127214188275183, 0.011492232377855712, 0.9097291107845503
-0.39292773300115436, -0.0344766971335663, 0.9165717582803518
-0.35334036134842434, -0.0804456266449905, 0.9302570532719555
-0.3121596572331416, -0.1258956833960456, 0.9394127095454667
-0.26946211804658393, -0.1708517789563547, 0.9442561993193396
-0.22676457886002646, -0.2158078745166636, 0.9490996890932124
-0.18209080284643583, -0.2587877332499395, 0.9454670717628084
-0.13713470728612598, -0.3014852724364966, 0.9406235819889364
-0.09193785902284911, -0.3434435184352355, 0.9336783770198585
-0.04596892951142433, -0.3830308900879648, 0.9199930820282555
7.494005416219807e-16, -0.4226182617406943, 0.9063077870366523
6.982150666838977e-17, -0.42261826174069383, 0.9063077870366526
0.045968929511423534, -0.3830308900879649, 0.9199930820282555
0.09193785902284801, -0.3434435184352352, 0.9336783770198586
0.13713470728612465, -0.30148527243649575, 0.9406235819889368
0.18209080284643397, -0.25878773324993853, 0.9454670717628093
0.22676457886002416, -0.2158078745166621, 0.949099689093213
0.2694621180465815, -0.17085177895635276, 0.9442561993193408
0.3121596572331387, -0.12589568339604343, 0.9394127095454683
0.35334036134842106, -0.08044562664498794, 0.9302570532719568
0.39292773300115075, -0.03447669713356346, 0.9165717582803535
0.41272141882751023, 0.01149223237785749, 0.9097291107845537
0.3731340471747808, 0.05746116188928241, 0.9234144057761566
0.3335084268264123, 0.10341763561589576, 0.9369909646585324
0.2908108876398554, 0.14837373117620545, 0.9418344544324044
0.24811334845329847, 0.19332982673651516, 0.9466779442062765
0.20456885062658448, 0.23743896365666778, 0.9478888166497441
0.15961275506627542, 0.28013650284322533, 0.9430453268758712
0.11465665950596643, 0.3228340420297829, 0.9382018371019984
0.06895339426713244, 0.36323720426160866, 0.9268357295240539
0.022984464755708298, 0.4028245759143385, 0.9131504345324502
-0.022984464755714112, 0.40282457591433396, 0.9131504345324519
-0.0689533942671387, 0.36323720426160444, 0.9268357295240555
-0.11465665950597292, 0.3228340420297787, 0.9382018371019987
-0.15961275506628225, 0.2801365028432215, 0.9430453268758711
-0.2045688506265917, 0.23743896365666423, 0.9478888166497434
-0.24811334845330585, 0.19332982673651175, 0.9466779442062749
-0.29081088763986307, 0.14837373117620242, 0.9418344544324027
-0.3335084268264203, 0.10341763561589312, 0.9369909646585304
-0.3731340471747888, 0.05746116188928002, 0.9234144057761535
-0.41272141882751845, 0.011492232377855514, 0.9097291107845501
-0.39292773300115413, -0.03447669713356653, 0.9165717582803519
-0.3533403613484243, -0.08044562664499065, 0.9302570532719555
-0.3121596572331415, -0.12589568339604576, 0.9394127095454669
-0.2694621180465839, -0.17085177895635478, 0.9442561993193397
-0.22676457886002643, -0.2158078745166636, 0.9490996890932124
-0.18209080284643558, -0.25878773324993976, 0.9454670717628083
-0.13713470728612598, -0.3014852724364966, 0.9406235819889364
-0.09193785902284908, -0.3434435184352355, 0.9336783770198585
-0.04596892951142402, -0.383030890087965, 0.9199930820282552
7.494005416219807e-16, -0.4226182617406943, 0.9063077870366523
6.982150666838977e-17, -0.42261826174069383, 0.9063077870366526
0.04596892951142352, -0.383030890087965, 0.9199930820282556
0.09193785902284798, -0.3434435184352353, 0.9336783770198589
0.1371347072861246, -0.3014852724364958, 0.9406235819889368
0.18209080284643392, -0.2587877332499386, 0.9454670717628093
0.22676457886002407, -0.2158078745166622, 0.9490996890932131
0.2694621180465814, -0.1708517789563529, 0.9442561993193408
0.31215965723313865, -0.12589568339604357, 0.9394127095454683
0.3533403613484209, -0.08044562664498811, 0.9302570532719568
0.39292773300115064, -0.03447669713356361, 0.9165717582803536
0.41272141882750984, 0.01149223237785799, 0.909729110784554
0.3731340471747804, 0.05746116188928291, 0.9234144057761569
0.3335084268264119, 0.1034176356158962, 0.9369909646585324
0.29081088763985496, 0.14837373117620595, 0.9418344544324047
0.24811334845329808, 0.19332982673651555, 0.9466779442062765
0.20456885062658403, 0.23743896365666817, 0.9478888166497441
0.15961275506627504, 0.28013650284322567, 0.9430453268758712
0.11465665950596604, 0.3228340420297833, 0.9382018371019984
0.0689533942671321, 0.3632372042616089, 0.9268357295240539
0.022984464755707958, 0.4028245759143388, 0.9131504345324502
-0.022984464755714442, 0.40282457591433374, 0.9131504345324519
-0.06895339426713902, 0.36323720426160416, 0.9268357295240555
-0.11465665950597323, 0.3228340420297784, 0.9382018371019987
-0.15961275506628259, 0.2801365028432212, 0.9430453268758711
-0.2045688506265919, 0.237438963656664, 0.9478888166497434
-0.24811334845330602, 0.1933298267365116, 0.9466779442062749
-0.2908108876398633, 0.1483737311762022, 0.9418344544324027
-0.33350842682642035, 0.10341763561589308, 0.9369909646585304
-0.3731340471747889, 0.057461161889279966, 0.9234144057761535
-0.4127214188275185, 0.011492232377855433, 0.9097291107845502
-0.3929277330011541, -0.03447669713356662, 0.9165717582803519
-0.3533403613484242, -0.0804456266449907, 0.9302570532719555
-0.31215965723314143, -0.12589568339604584, 0.9394127095454669
-0.26946211804658393, -0.17085177895635476, 0.9442561993193396
-0.22676457886002618, -0.21580787451666397, 0.9490996890932124
-0.18209080284643553, -0.25878773324993976, 0.9454670717628082
-0.13713470728612598, -0.3014852724364966, 0.9406235819889364
-0.09193785902284878, -0.34344351843523574, 0.9336783770198583
-0.04596892951142431, -0.3830308900879648, 0.9199930820282554
7.494005416219807e-16, -0.4226182617406943, 0.9063077870366523
6.982150666838977e-17, -0.42261826174069383, 0.9063077870366526
0.045968929511423506, -0.383030890087965, 0.9199930820282555
0.09193785902284794, -0.3434435184352353, 0.9336783770198587
0.1371347072861246, -0.30148527243649587, 0.9406235819889367
0.18209080284643386, -0.25878773324993865, 0.9454670717628092
0.2267645788600241, -0.21580787451666228, 0.9490996890932131
0.2694621180465813, -0.17085177895635292, 0.9442561993193408
0.31215965723313854, -0.12589568339604365, 0.9394127095454683
0.35334036134842084, -0.08044562664498818, 0.930257053271957
0.3929277330011506, -0.0344766971335637, 0.9165717582803536
0.4127214188275097, 0.01149223237785825, 0.9097291107845539
0.37313404717478027, 0.05746116188928313, 0.9234144057761571
0.3335084268264117, 0.10341763561589637, 0.9369909646585324
0.2908108876398549, 0.14837373117620606, 0.9418344544324047
0.24811334845329808, 0.1933298267365156, 0.9466779442062765
0.204568850626584, 0.23743896365666822, 0.9478888166497439
0.159612755066275, 0.2801365028432257, 0.9430453268758712
0.11465665950596596, 0.3228340420297833, 0.9382018371019982
0.06895339426713207, 0.36323720426160894, 0.9268357295240539
0.022984464755707947, 0.40282457591433884, 0.9131504345324502
-0.02298446475571451, 0.4028245759143336, 0.9131504345324519
-0.06895339426713898, 0.3632372042616041, 0.9268357295240554
-0.11465665950597317, 0.3228340420297784, 0.9382018371019987
-0.15961275506628253, 0.2801365028432212, 0.9430453268758711
-0.20456885062659186, 0.23743896365666406, 0.9478888166497434
-0.2481133484533059, 0.19332982673651175, 0.9466779442062749
-0.2908108876398632, 0.1483737311762024, 0.9418344544324027
-0.33350842682642046, 0.10341763561589308, 0.9369909646585304
-0.3731340471747888, 0.057461161889280105, 0.9234144057761536
-0.41272141882751845, 0.011492232377855547, 0.9097291107845502
-0.3929277330011542, -0.034476697133566464, 0.9165717582803518
-0.3533403613484243, -0.08044562664499062, 0.9302570532719555
-0.31215965723314154, -0.12589568339604562, 0.9394127095454667
-0.26946211804658393, -0.1708517789563547, 0.9442561993193396
-0.22676457886002643, -0.21580787451666367, 0.9490996890932124
-0.18209080284643556, -0.25878773324993976, 0.9454670717628083
-0.13713470728612598, -0.3014852724364966, 0.9406235819889364
-0.09193785902284907, -0.3434435184352356, 0.9336783770198585
-0.04596892951142402, -0.383030890087965, 0.9199930820282552
7.494005416219807e-16, -0.4226182617406943, 0.9063077870366523
6.982150666838977e-17, -0.42261826174069383, 0.9063077870366526
0.045968929511423506, -0.3830308900879649, 0.9199930820282555
0.09193785902284796, -0.34344351843523524, 0.9336783770198586
0.1371347072861246, -0.3014852724364958, 0.9406235819889368
0.18209080284643392, -0.2587877332499386, 0.9454670717628092
0.22676457886002413, -0.21580787451666217, 0.949099689093213
0.2694621180465814, -0.1708517789563529, 0.9442561993193408
0.31215965723313865, -0.12589568339604357, 0.9394127095454683
0.3533403613484209, -0.08044562664498808, 0.9302570532719568
0.39292773300115064, -0.0344766971335636, 0.9165717582803535
0.4127214188275098, 0.011492232377858071, 0.909729110784554
0.37313404717478044, 0.057461161889282894, 0.9234144057761569
0.3335084268264119, 0.10341763561589618, 0.9369909646585324
0.2908108876398551, 0.1483737311762059, 0.9418344544324047
0.24811334845329813, 0.19332982673651555, 0.9466779442062765
0.2045688506265841, 0.2374389636566681, 0.9478888166497439
0.15961275506627504, 0.28013650284322567, 0.9430453268758711
0.11465665950596601, 0.3228340420297832, 0.9382018371019982
0.0689533942671321, 0.3632372042616089, 0.9268357295240539
0.022984464755707867, 0.4028245759143389, 0.9131504345324502
-0.022984464755714598, 0.4028245759143335, 0.9131504345324519
-0.068953394267139, 0.3632372042616041, 0.9268357295240554
-0.11465665950597315, 0.32283404202977845, 0.9382018371019987
-0.15961275506628256, 0.2801365028432212, 0.9430453268758711
-0.2045688506265919, 0.237438963656664, 0.9478888166497434
-0.248113348453306, 0.19332982673651167, 0.9466779442062749
-0.2908108876398633, 0.14837373117620226, 0.9418344544324027
-0.33350842682642046, 0.10341763561589298, 0.9369909646585304
-0.37313404717478893, 0.05746116188927991, 0.9234144057761535
-0.4127214188275186, 0.011492232377855347, 0.9097291107845502
-0.39292773300115413, -0.03447669713356657, 0.9165717582803519
-0.3533403613484241, -0.08044562664499082, 0.9302570532719556
-0.3121596572331413, -0.1258956833960459, 0.9394127095454669
-0.2694621180465839, -0.17085177895635478, 0.9442561993193397
-0.22676457886002618, -0.2158078745166639, 0.9490996890932124
-0.18209080284643556, -0.25878773324993976, 0.9454670717628083
-0.13713470728612598, -0.3014852724364966, 0.9406235819889364
-0.0919378590228488, -0.3434435184352358, 0.9336783770198583
-0.04596892951142401, -0.38303089008796504, 0.9199930820282554
7.494005416219807e-16, -0.4226182617406943, 0.9063077870366523
6.982150666838977e-17, -0.42261826174069383, 0.9063077870366526
0.045968929511423506, -0.3830308900879649, 0.9199930820282555
0.09193785902284794, -0.34344351843523524, 0.9336783770198586
0.1371347072861246, -0.30148527243649587, 0.9406235819889368
0.18209080284643392, -0.2587877332499386, 0.9454670717628092
0.22676457886002413, -0.2158078745166622, 0.9490996890932131
0.2694621180465814, -0.17085177895635287, 0.9442561993193408
0.3121596572331386, -0.12589568339604362, 0.9394127095454683
0.35334036134842084, -0.08044562664498811, 0.930257053271957
0.3929277330011506, -0.03447669713356365, 0.9165717582803535
0.41272141882750957, 0.01149223237785831, 0.909729110784554
0.37313404717478027, 0.057461161889283074, 0.9234144057761569
0.3335084268264117, 0.10341763561589637, 0.9369909646585324
0.2908108876398549, 0.14837373117620606, 0.9418344544324047
0.24811334845329802, 0.19332982673651572, 0.9466779442062765
0.20456885062658398, 0.2374389636566682, 0.9478888166497439
0.15961275506627498, 0.2801365028432257, 0.9430453268758712
0.11465665950596599, 0.3228340420297833, 0.9382018371019982
0.06895339426713207, 0.3632372042616089, 0.9268357295240538
0.022984464755707867, 0.40282457591433884, 0.9131504345324502
-0.02298446475571459, 0.4028245759143335, 0.9131504345324519
-0.06895339426713898, 0.3632372042616041, 0.9268357295240554
-0.11465665950597312, 0.3228340420297785, 0.9382018371019987
-0.15961275506628253, 0.2801365028432212, 0.9430453268758711
-0.20456885062659186, 0.23743896365666406, 0.9478888166497434
-0.2481133484533059, 0.19332982673651175, 0.9466779442062749
-0.2908108876398632, 0.14837373117620237, 0.9418344544324027
-0.3335084268264204, 0.10341763561589304, 0.9369909646585304
-0.3731340471747888, 0.05746116188928005, 0.9234144057761536
-0.41272141882751845, 0.011492232377855514, 0.9097291107845503
-0.3929277330011542, -0.03447669713356649, 0.9165717582803518
-0.35334036134842417, -0.08044562664499075, 0.9302570532719555
-0.3121596572331415, -0.12589568339604576, 0.9394127095454669
-0.26946211804658393, -0.17085177895635473, 0.9442561993193396
-0.22676457886002643, -0.21580787451666367, 0.9490996890932124
-0.18209080284643556, -0.25878773324993976, 0.9454670717628083
-0.13713470728612598, -0.3014852724364966, 0.9406235819889364
-0.0919378590228491, -0.3434435184352356, 0.9336783770198585
-0.04596892951142401, -0.38303089008796504, 0.9199930820282554
7.494005416219807e-16, -0.4226182617406943, 0.9063077870366523
6.982150666838977e-17, -0.42261826174069383, 0.9063077870366526
0.045968929511423506, -0.3830308900879649, 0.9199930820282555
0.09193785902284796, -0.34344351843523524, 0.9336783770198586
0.1371347072861246, -0.3014852724364958, 0.9406235819889367
0.18209080284643392, -0.25878773324993853, 0.9454670717628092
0.22676457886002413, -0.2158078745166622, 0.9490996890932131
0.2694621180465814, -0.17085177895635292, 0.9442561993193408
0.31215965723313865, -0.1258956833960436, 0.9394127095454683
0.35334036134842084, -0.08044562664498815, 0.9302570532719568
0.3929277330011506, -0.034476697133563675, 0.9165717582803536
0.41272141882750957, 0.011492232377858303, 0.909729110784554
0.37313404717478016, 0.057461161889283165, 0.9234144057761571
0.33350842682641163, 0.10341763561589645, 0.9369909646585325
0.2908108876398548, 0.14837373117620614, 0.9418344544324047
0.24811334845329786, 0.19332982673651583, 0.9466779442062767
0.20456885062658378, 0.2374389636566684, 0.9478888166497439
0.1596127550662748, 0.2801365028432259, 0.9430453268758712
0.11465665950596579, 0.3228340420297835, 0.9382018371019982
0.06895339426713182, 0.3632372042616091, 0.9268357295240537
0.02298446475570756, 0.4028245759143391, 0.9131504345324499
-0.02298446475571485, 0.40282457591433335, 0.913150434532452
-0.06895339426713937, 0.3632372042616038, 0.9268357295240555
-0.11465665950597351, 0.3228340420297781, 0.9382018371019987
-0.15961275506628284, 0.28013650284322095, 0.9430453268758712
-0.2045688506265922, 0.2374389636566637, 0.9478888166497437
-0.24811334845330635, 0.19332982673651122, 0.9466779442062749
-0.29081088763986346, 0.14837373117620206, 0.9418344544324027
-0.33350842682642073, 0.10341763561589264, 0.9369909646585304
-0.3731340471747892, 0.05746116188927956, 0.9234144057761534
-0.41272141882751895, 0.01149223237785499, 0.9097291107845501
-0.3929277330011539, -0.03447669713356684, 0.916571758280352
-0.353340361348424, -0.08044562664499096, 0.9302570532719556
-0.3121596572331412, -0.12589568339604607, 0.9394127095454669
-0.2694621180465836, -0.1708517789563551, 0.9442561993193397
-0.22676457886002618, -0.21580787451666394, 0.9490996890932124
-0.18209080284643553, -0.25878773324993976, 0.9454670717628082
-0.13713470728612598, -0.3014852724364966, 0.9406235819889364
-0.09193785902284878, -0.34344351843523574, 0.9336783770198583
-0.045968929511424006, -0.38303089008796504, 0.9199930820282552
7.494005416219807e-16, -0.4226182617406943, 0.9063077870366523
6.982150666838977e-17, -0.42261826174069383, 0.9063077870366526
0.04596892951142349, -0.383030890087965, 0.9199930820282555
0.09193785902284793, -0.34344351843523535, 0.9336783770198587
0.1371347072861245, -0.3014852724364959, 0.9406235819889367
0.18209080284643375, -0.25878773324993876, 0.9454670717628092
0.22676457886002394, -0.21580787451666236, 0.9490996890932131
0.26946211804658116, -0.17085177895635306, 0.9442561993193408
0.3121596572331384, -0.12589568339604376, 0.9394127095454683
0.35334036134842073, -0.08044562664498836, 0.930257053271957
0.39292773300115036, -0.03447669713356391, 0.9165717582803538
0.41272141882750907, 0.011492232377858968, 0.9097291107845541
0.3731340471747797, 0.05746116188928377, 0.9234144057761573
0.3335084268264112, 0.10341763561589698, 0.9369909646585326
0.2908108876398544, 0.14837373117620659, 0.9418344544324047
0.24811334845329747, 0.19332982673651625, 0.9466779442062767
0.2045688506265835, 0.23743896365666867, 0.9478888166497439
0.15961275506627456, 0.2801365028432261, 0.943045326875871
0.11465665950596562, 0.3228340420297836, 0.9382018371019983
0.06895339426713173, 0.3632372042616092, 0.9268357295240537
0.022984464755707534, 0.4028245759143392, 0.9131504345324499
-0.02298446475571475, 0.4028245759143334, 0.913150434532452
-0.06895339426713931, 0.3632372042616039, 0.9268357295240556
-0.11465665950597341, 0.3228340420297783, 0.9382018371019987
-0.15961275506628275, 0.28013650284322106, 0.9430453268758712
-0.20456885062659202, 0.2374389636566639, 0.9478888166497436
-0.24811334845330618, 0.19332982673651145, 0.9466779442062749
-0.29081088763986335, 0.14837373117620214, 0.9418344544324027
-0.3335084268264205, 0.10341763561589289, 0.9369909646585304
-0.37313404717478904, 0.057461161889279785, 0.9234144057761535
-0.41272141882751867, 0.011492232377855264, 0.90972911078455
-0.392927733001154, -0.03447669713356669, 0.9165717582803519
-0.35334036134842417, -0.08044562664499078, 0.9302570532719555
-0.3121596572331414, -0.1258956833960459, 0.9394127095454669
-0.2694621180465838, -0.1708517789563549, 0.9442561993193396
-0.22676457886002643, -0.2158078745166637, 0.9490996890932124
-0.18209080284643553, -0.25878773324993976, 0.9454670717628082
-0.13713470728612598, -0.3014852724364966, 0.9406235819889364
-0.09193785902284907, -0.3434435184352356, 0.9336783770198585
-0.045968929511424006, -0.38303089008796504, 0.9199930820282552
7.494005416219807e-16, -0.4226182617406943, 0.9063077870366523
6.982150666838977e-17, -0.42261826174069383, 0.9063077870366526
0.045968929511423534, -0.383030890087965, 0.9199930820282556
0.09193785902284801, -0.3434435184352353, 0.9336783770198588
0.13713470728612462, -0.3014852724364958, 0.9406235819889368
0.18209080284643392, -0.2587877332499386, 0.9454670717628092
0.2267645788600241, -0.2158078745166622, 0.9490996890932131
0.2694621180465814, -0.1708517789563529, 0.9442561993193408
0.31215965723313865, -0.12589568339604357, 0.9394127095454683
0.35334036134842095, -0.08044562664498808, 0.930257053271957
0.3929277330011506, -0.034476697133563605, 0.9165717582803536
0.41272141882750984, 0.011492232377857965, 0.909729110784554
0.37313404717478044, 0.05746116188928288, 0.9234144057761569
0.3335084268264119, 0.10341763561589615, 0.9369909646585324
0.2908108876398551, 0.1483737311762059, 0.9418344544324047
0.24811334845329816, 0.19332982673651555, 0.9466779442062766
0.20456885062658406, 0.23743896365666814, 0.9478888166497439
0.15961275506627506, 0.28013650284322567, 0.9430453268758712
0.11465665950596604, 0.3228340420297832, 0.9382018371019984
0.0689533942671321, 0.3632372042616089, 0.9268357295240538
0.022984464755707958, 0.4028245759143388, 0.9131504345324502
-0.022984464755714442, 0.40282457591433374, 0.9131504345324519
-0.06895339426713902, 0.36323720426160416, 0.9268357295240555
-0.11465665950597323, 0.3228340420297784, 0.9382018371019987
-0.15961275506628259, 0.2801365028432212, 0.9430453268758711
-0.2045688506265919, 0.237438963656664, 0.9478888166497434
-0.24811334845330602, 0.1933298267365116, 0.9466779442062749
-0.2908108876398633, 0.1483737311762022, 0.9418344544324027
-0.33350842682642035, 0.10341763561589308, 0.9369909646585304
-0.3731340471747889, 0.057461161889279966, 0.9234144057761535
-0.4127214188275185, 0.011492232377855433, 0.90972911078455
-0.3929277330011541, -0.03447669713356662, 0.9165717582803519
-0.3533403613484242, -0.0804456266449907, 0.9302570532719555
-0.31215965723314143, -0.12589568339604584, 0.9394127095454669
-0.26946211804658393, -0.17085177895635473, 0.9442561993193396
-0.22676457886002618, -0.21580787451666392, 0.9490996890932124
-0.18209080284643556, -0.25878773324993976, 0.9454670717628083
-0.13713470728612598, -0.3014852724364966, 0.9406235819889364
-0.0919378590228488, -0.3434435184352358, 0.9336783770198583
-0.04596892951142433, -0.3830308900879648, 0.9199930820282555
7.494005416219807e-16, -0.4226182617406943, 0.9063077870366523
6.982150666838977e-17, -0.42261826174069383, 0.9063077870366526
0.045968929511423506, -0.383030890087965, 0.9199930820282555
0.09193785902284794, -0.3434435184352353, 0.9336783770198587
0.1371347072861246, -0.30148527243649587, 0.9406235819889367
0.18209080284643386, -0.25878773324993865, 0.9454670717628092
0.22676457886002407, -0.21580787451666228, 0.9490996890932131
0.2694621180465813, -0.17085177895635292, 0.9442561993193408
0.31215965723313854, -0.12589568339604368, 0.9394127095454683
0.35334036134842084, -0.08044562664498821, 0.930257053271957
0.39292773300115047, -0.034476697133563765, 0.9165717582803536
0.4127214188275098, 0.011492232377858107, 0.9097291107845539
0.3731340471747804, 0.05746116188928301, 0.9234144057761569
0.3335084268264118, 0.10341763561589626, 0.9369909646585324
0.290810887639855, 0.14837373117620595, 0.9418344544324045
0.2481133484532982, 0.1933298267365155, 0.9466779442062767
0.2045688506265841, 0.23743896365666806, 0.9478888166497439
0.15961275506627512, 0.28013650284322555, 0.9430453268758712
0.11465665950596607, 0.32283404202978316, 0.9382018371019982
0.06895339426713223, 0.36323720426160877, 0.9268357295240537
0.02298446475570819, 0.40282457591433857, 0.9131504345324502
-0.022984464755714258, 0.40282457591433385, 0.9131504345324519
-0.0689533942671388, 0.3632372042616043, 0.9268357295240552
-0.11465665950597301, 0.3228340420297786, 0.9382018371019986
-0.15961275506628225, 0.2801365028432215, 0.943045326875871
-0.20456885062659164, 0.23743896365666428, 0.9478888166497434
-0.24811334845330568, 0.19332982673651197, 0.9466779442062749
-0.29081088763986296, 0.14837373117620256, 0.9418344544324027
-0.3335084268264199, 0.10341763561589352, 0.9369909646585304
-0.37313404717478843, 0.05746116188928045, 0.9234144057761537
-0.41272141882751806, 0.011492232377855918, 0.9097291107845502
-0.3929277330011545, -0.03447669713356612, 0.9165717582803516
-0.35334036134842467, -0.08044562664499019, 0.9302570532719554
-0.3121596572331419, -0.12589568339604532, 0.9394127095454667
-0.2694621180465845, -0.17085177895635423, 0.9442561993193396
-0.22676457886002668, -0.21580787451666342, 0.9490996890932124
-0.1820908028464361, -0.2587877332499392, 0.9454670717628084
-0.13713470728612656, -0.30148527243649603, 0.9406235819889365
-0.09193785902284939, -0.3434435184352353, 0.9336783770198586
-0.045968929511424964, -0.38303089008796426, 0.9199930820282557
1.1102230246251565e-16, -0.42261826174069383, 0.9063077870366526
6.982150666838977e-17, -0.42261826174069383, 0.9063077870366526
0.045968929511423506, -0.38303089008796504, 0.9199930820282556
0.09193785902284796, -0.34344351843523535, 0.9336783770198588
0.1371347072861246, -0.3014852724364959, 0.9406235819889368
0.18209080284643384, -0.25878773324993865, 0.9454670717628092
0.226764578860024, -0.2158078745166623, 0.9490996890932131
0.26946211804658127, -0.170851778956353, 0.9442561993193408
0.31215965723313843, -0.12589568339604376, 0.9394127095454683
0.3533403613484208, -0.08044562664498828, 0.930257053271957
0.39292773300115047, -0.0344766971335638, 0.9165717582803536
0.41272141882751, 0.011492232377857813, 0.909729110784554
0.37313404717478066, 0.05746116188928277, 0.923414405776157
0.3335084268264121, 0.10341763561589606, 0.9369909646585324
0.2908108876398552, 0.14837373117620578, 0.9418344544324044
0.24811334845329833, 0.1933298267365154, 0.9466779442062766
0.2045688506265842, 0.237438963656668, 0.9478888166497439
0.1596127550662752, 0.2801365028432255, 0.9430453268758712
0.11465665950596615, 0.3228340420297831, 0.9382018371019982
0.06895339426713229, 0.36323720426160866, 0.9268357295240537
0.022984464755708207, 0.40282457591433857, 0.9131504345324502
-0.02298446475571428, 0.40282457591433385, 0.9131504345324519
-0.06895339426713885, 0.3632372042616042, 0.9268357295240552
-0.11465665950597309, 0.3228340420297785, 0.9382018371019986
-0.15961275506628236, 0.2801365028432214, 0.943045326875871
-0.20456885062659177, 0.23743896365666414, 0.9478888166497434
-0.24811334845330585, 0.19332982673651178, 0.9466779442062749
-0.2908108876398631, 0.14837373117620237, 0.9418344544324027
-0.3335084268264201, 0.10341763561589329, 0.9369909646585304
-0.3731340471747887, 0.05746116188928016, 0.9234144057761535
-0.4127214188275184, 0.011492232377855599, 0.9097291107845501
-0.3929277330011542, -0.034476697133566464, 0.9165717582803519
-0.35334036134842434, -0.08044562664499057, 0.9302570532719554
-0.3121596572331415, -0.12589568339604573, 0.9394127095454669
-0.26946211804658404, -0.17085177895635464, 0.9442561993193396
-0.22676457886002624, -0.21580787451666392, 0.9490996890932124
-0.1820908028464356, -0.2587877332499397, 0.9454670717628082
-0.13713470728612603, -0.30148527243649653, 0.9406235819889364
-0.09193785902284879, -0.34344351843523574, 0.9336783770198583
-0.04596892951142434, -0.38303089008796476, 0.9199930820282554
7.494005416219807e-16, -0.4226182617406943, 0.9063077870366523
6.982150666838977e-17, -0.42261826174069383, 0.9063077870366526
0.04596892951142349, -0.383030890087965, 0.9199930820282555
0.09193785902284793, -0.34344351843523524, 0.9336783770198586
0.1371347072861246, -0.30148527243649587, 0.9406235819889368
0.18209080284643386, -0.25878773324993865, 0.9454670717628092
0.22676457886002405, -0.21580787451666228, 0.9490996890932131
0.2694621180465813, -0.17085177895635295, 0.9442561993193408
0.31215965723313854, -0.12589568339604368, 0.9394127095454683
0.3533403613484208, -0.0804456266449882, 0.930257053271957
0.3929277330011506, -0.03447669713356374, 0.9165717582803536
0.4127214188275097, 0.011492232377858187, 0.909729110784554
0.3731340471747803, 0.05746116188928308, 0.9234144057761571
0.3335084268264118, 0.10341763561589631, 0.9369909646585324
0.29081088763985496, 0.148373731176206, 0.9418344544324047
0.24811334845329813, 0.19332982673651555, 0.9466779442062767
0.20456885062658406, 0.2374389636566681, 0.9478888166497439
0.1596127550662751, 0.2801365028432256, 0.9430453268758712
0.11465665950596607, 0.32283404202978316, 0.9382018371019982
0.06895339426713223, 0.36323720426160877, 0.9268357295240537
0.02298446475570819, 0.40282457591433857, 0.9131504345324502
-0.022984464755714265, 0.40282457591433385, 0.9131504345324519
-0.06895339426713881, 0.36323720426160433, 0.9268357295240555
-0.11465665950597301, 0.3228340420297786, 0.9382018371019987
-0.15961275506628225, 0.28013650284322156, 0.9430453268758711
-0.20456885062659164, 0.23743896365666428, 0.9478888166497434
-0.24811334845330568, 0.19332982673651197, 0.9466779442062749
-0.29081088763986296, 0.14837373117620256, 0.9418344544324027
-0.3335084268264199, 0.10341763561589352, 0.9369909646585304
-0.37313404717478843, 0.05746116188928045, 0.9234144057761537
-0.41272141882751806, 0.011492232377855918, 0.9097291107845504
-0.3929277330011545, -0.03447669713356612, 0.9165717582803516
-0.35334036134842467, -0.08044562664499019, 0.9302570532719554
-0.3121596572331419, -0.12589568339604532, 0.9394127095454667
-0.2694621180465845, -0.17085177895635423, 0.9442561993193396
-0.22676457886002668, -0.21580787451666342, 0.9490996890932123
-0.18209080284643608, -0.2587877332499392, 0.9454670717628083
-0.13713470728612656, -0.30148527243649603, 0.9406235819889364
-0.09193785902284939, -0.3434435184352353, 0.9336783770198586
-0.045968929511424964, -0.38303089008796426, 0.9199930820282557
1.1102230246251565e-16, -0.42261826174069383, 0.9063077870366526
