2.604049983950549e-17, -0.15761892434230437, 0.987500012500848
0.009397185313204848, -0.15865544092009812, 0.9868952918545975
0.018134744562846538, -0.15931931401877766, 0.9863965711675966
0.02621076374552755, -0.1596101588492542, 0.9860023923136627
0.03307728876342552, -0.1572269923740625, 0.9856130222709099
0.03920397148371854, -0.15411180200047478, 0.9852786171021817
0.044689911819686554, -0.15066533726787215, 0.9849992003709386
0.04956331605431101, -0.1468491729474819, 0.9846318803391
0.05381521929702791, -0.14267552184916174, 0.9842220727317804
0.056182396894698186, -0.13625379229095858, 0.9838122590892282
0.05716154092565245, -0.12828141841125204, 0.9833108288436179
0.057618241231166836, -0.11999275001299664, 0.9825894124385873
0.057508128089924934, -0.1114203569716423, 0.9818130073718634
0.05683755926803827, -0.10256184533945824, 0.9809628455325448
0.05571527878636736, -0.093376268737259, 0.9797179148217989
0.0540434663571047, -0.08390046033127203, 0.9783669805036745
0.0504533102532182, -0.07343064882994889, 0.9769741851707597
0.051873031216748994, -0.06895040717710194, 0.9763161587181513
0.0536388026443185, -0.06510006433073474, 0.9756581188235369
0.055750624535926746, -0.06187962029084735, 0.9750000654869171
0.05820849689157366, -0.05928907505743976, 0.9743419987082914
0.060148624047477506, -0.05711482370024833, 0.9736838677031775
0.06117350655235908, -0.05525857000625579, 0.973025649101692
0.06260298099232642, -0.05404669162906245, 0.9723674204999851
0.06403536303163375, -0.053482327525619794, 0.9717092469642553
0.06469541077677934, -0.05355915557109024, 0.9710512540708339
0.06580531525960637, -0.0542803589333676, 0.9703932438450436
0.06716373070042661, -0.055695727686666766, 0.9697352044480504
0.06721517041630704, -0.05818991254233215, 0.9690770444195367
0.06777500833881397, -0.06131399620534941, 0.9684188705008059
0.06884324446794737, -0.06506797867571842, 0.9677606826918583
0.07041987880370726, -0.06945185995343928, 0.9671024809926938
0.07328421563342845, -0.07288040222231568, 0.9664448854162822
0.076842034413065, -0.07358313048710478, 0.9657892244027666
0.08085834307206283, -0.07392754488959458, 0.9651318032229963
0.08561306732334714, -0.07363049343075517, 0.9644716441998116
0.08992800220544747, -0.07047150691748325, 0.964591169977009
0.09323717330600084, -0.06373189721522513, 0.9659158631972984
0.09714530665043733, -0.056751486000441165, 0.9673465600243831
0.1015984460344195, -0.04938697819486697, 0.9684602537176443
0.10538370594739602, -0.04337829437302679, 0.9690718069865849
0.10966855816247309, -0.037252284049517415, 0.9697383484847271
0.1145602766998952, -0.0307488502399397, 0.9702882642940827
0.11989243424959342, -0.023641270144000803, 0.9698784412821821
0.12585447963114815, -0.016187628608891086, 0.9694686184945761
0.13221161618638103, -0.009337418396602779, 0.9690587401084412
0.13883199581265268, -0.002422342268258923, 0.9677137207121718
0.1459952396122263, 0.004971843613252619, 0.9659912567270548
0.15379013856650187, 0.012249679526931026, 0.9642138938905962
0.16201655905815932, 0.01951878159799924, 0.9618032311360862
0.17063245430221544, 0.027339013923135633, 0.9586287940057276
0.1799724751318596, 0.03517424772148264, 0.9553483230118844
0.1861436769213243, 0.04460784391493078, 0.9532856823028403
0.18747661395192164, 0.056862356876027274, 0.9526312884653146
0.1878472803443233, 0.0698382112143884, 0.9519731623727861
0.18717509252482964, 0.08345121374134008, 0.9513114558080592
0.18052458335899338, 0.09489014034103235, 0.9524501695719139
0.17104848109770232, 0.10394342131573643, 0.9548453715393116
0.1613315773238831, 0.11359566453432582, 0.957346577113504
0.15105635958441224, 0.12372731413341734, 0.9590164902650073
0.14033402624359795, 0.13438024064854734, 0.9601833683088528
0.12935360989109113, 0.14562562224687367, 0.9614052350138078
0.11795641000258189, 0.15734696380160193, 0.9620919314015852
0.10616195458620996, 0.16932098583621347, 0.9616821133782893
0.09505328769527915, 0.1812441424119736, 0.961272292413063
0.08359855936518079, 0.19379718681958893, 0.9608624716721319
0.07146214895598751, 0.2065229053283955, 0.9587524123609448
0.05894658510773043, 0.21983343066113464, 0.9564747107177882
0.046074105268705694, 0.23375905674340594, 0.9541420206375251
0.03338043794452983, 0.24773693284796502, 0.9505920632694252
0.020269688567194716, 0.2621077509133238, 0.9463469877020718
0.006736974567360304, 0.2770908647393685, 0.9419959121937111
-0.01061181654780324, 0.28477583356255254, 0.9401270836066986
-0.03034228384843635, 0.2877264187140856, 0.9394735251505149
-0.0507292796929341, 0.28922957502869, 0.9388140238249953
-0.07129686676641045, 0.2893042076204468, 0.9381508433104964
-0.08749683525768903, 0.2791109656534315, 0.940728068588156
-0.10308636618339165, 0.26637576387875433, 0.9441937817229089
-0.1192016680031393, 0.25344804789519493, 0.9477654982408326
-0.1356318700685919, 0.2397677945056321, 0.9497900309553572
-0.15234128642808423, 0.22588500202439066, 0.9515122293979555
-0.16926506341559827, 0.21199357078687375, 0.9532894153464581
-0.18653928606279577, 0.19751436873478123, 0.9538955812976279
-0.20419455799085334, 0.18248908697451494, 0.9534857637950732
-0.22243143045050734, 0.16719093512023261, 0.9530759462922264
-0.24116534232292244, 0.15155784054612906, 0.9523516717089254
-0.25992857646919015, 0.1352464725188127, 0.9495736422701584
-0.2791822235669214, 0.1187671836944062, 0.9467406238143538
-0.29891962912306025, 0.10213006060281404, 0.9438526163105612
-0.3186123505097748, 0.0848875866800075, 0.9389619368102758
-0.33879487678887676, 0.06724101797318927, 0.933646395791511
-0.359575222318346, 0.04923102611491621, 0.9282248513899546
-0.3677699677168725, 0.024608999753482096, 0.9269692929293639
-0.3723809454452009, -0.0015326769712582645, 0.9263157356442886
-0.3751086335708958, -0.02825829074014124, 0.9256542137688326
-0.3759285712225193, -0.05542248385380837, 0.9249897608201236
-0.055432759253299574, -0.37590183036930924, 0.9250000125008481
-0.07554641426179111, -0.3576511658697888, 0.9298483036131802
-0.09481766748077168, -0.33945650790855436, 0.9347163548130059
-0.11324081529324515, -0.32130270901083646, 0.9395594507897341
-0.1305312511177029, -0.3024339205606537, 0.9421463281718673
-0.14699542147221795, -0.2835981650560168, 0.944697003466148
-0.16263193986529312, -0.2648012387812474, 0.9472268801850284
-0.17708328568927478, -0.24557231956470127, 0.9479721268898871
-0.19059050196207705, -0.22623977868144268, 0.9481538564726529
-0.2032779934891528, -0.20697309195758865, 0.9484022979815313
-0.2149841962939365, -0.18754534858762967, 0.9476791796190334
-0.2254860539525925, -0.16784549773372945, 0.945367810544034
-0.23519526950112718, -0.1482035428620681, 0.9431114301304108
-0.24407174010714458, -0.12860438368695898, 0.940791654909402
-0.2514962597782034, -0.10881486492170434, 0.9365805902191193
-0.25821199305734066, -0.08904623796898911, 0.9322394499133115
-0.26178316029495063, -0.07188961097891433, 0.9280076907436478
-0.23501320787834362, -0.08614865087553569, 0.9276280893451274
-0.20830909864603075, -0.09958795505179846, 0.9271817896867481
-0.1816708325980121, -0.11220752350770274, 0.9266687917685099
-0.15521515137048333, -0.12397943123528615, 0.9257788569708492
-0.1289477288566678, -0.1349023210194318, 0.9244969070332706
-0.10276837048750878, -0.145000159751729, 0.923089207067391
-0.07667707626300634, -0.15427294743217784, 0.92155575707321
-0.05270880733377602, -0.1627206840607822, 0.9206511392182775
-0.035357436240757004, -0.17034336963754632, 0.9220417224559316
-0.018772449675932834, -0.17714100416246284, 0.9235580830544674
-0.0029538476393033836, -0.18311358763553204, 0.9252002210138852
0.012098369869131195, -0.1882611200567537, 0.9269681363341848
0.02607017233498614, -0.19265871862429967, 0.9280272990526882
0.03924547774307011, -0.19623846916246884, 0.9291322156724666
0.05163217766259045, -0.19899848398028586, 0.9303038578846591
0.06476452740923748, -0.19781782612711454, 0.9315434463397994
0.08094888397007557, -0.18740102865801767, 0.9328223215924849
0.09592758854261907, -0.1753289674378504, 0.9330603151714301
0.10988809359835647, -0.16149352576979037, 0.933293535506929
0.1209039483890713, -0.1424371861689619, 0.9348049123001925
0.12834405337430385, -0.11767041082907895, 0.9380945663485676
0.13495936745479123, -0.09291860833835876, 0.9412782167898301
0.1404993447738407, -0.06824082668359047, 0.9428094427111273
0.14503716485325854, -0.04343044734471188, 0.9430307051302057
0.1487444056353431, -0.018671135082930695, 0.9431302669617225
0.1515783187572628, 0.0060953459076741046, 0.9428915669569253
0.1533429891759537, 0.031135889366865482, 0.94132210847817
0.15419726550820068, 0.05573153178501264, 0.938678628383782
0.15420083081006988, 0.08013178061535423, 0.9356241878607215
0.15311149343426764, 0.10464058056730986, 0.9314478841072216
0.15111555518962325, 0.12912117561605838, 0.9268425168832704
0.14830936395009145, 0.14536299639096356, 0.9251847032963172
0.14450898203450394, 0.15292656233911567, 0.9261201052775772
0.13969744971922637, 0.1597885239666943, 0.9266432109391165
0.13409294590821436, 0.16586672837866268, 0.9273980839023235
0.12443702418436553, 0.1726250980612545, 0.929134585634914
0.11006494462578394, 0.17982406775971285, 0.9309849424044181
0.09434059096439555, 0.18608769444494075, 0.9328989398436576
0.07732125011903698, 0.19135113548994012, 0.934877059428534
0.05561640042516679, 0.1937646779463045, 0.9381759897135813
0.03150274662091947, 0.1940060460831557, 0.9417434809335591
0.007652576840339473, 0.19304239046083313, 0.9438566226251485
-0.016376356503153, 0.19118099459339613, 0.9452918512679068
-0.040493625253784915, 0.18845590822009511, 0.9463161105691623
-0.06457863965608943, 0.1849125381027376, 0.947285381208991
-0.08871586934397348, 0.18048887877061048, 0.9478855463118525
-0.11239449648283814, 0.1747607447414509, 0.9458322941681121
-0.13599084560502658, 0.1682021517230376, 0.9436540893631483
-0.15952134056779474, 0.16082383395889152, 0.9414091726320246
-0.18313345104626197, 0.1524248945067514, 0.9383504693528928
-0.20666023285619797, 0.14320251860516758, 0.9351778664495521
-0.2293733948562582, 0.13299893332621188, 0.9300352134196768
-0.25204348882334787, 0.12183673958616602, 0.9243838403624942
-0.27463798246469673, 0.10980233555732336, 0.9184787944833911
-0.297127039273974, 0.09697496003274518, 0.9125539885167724
-0.30240494057421485, 0.0808273418326615, 0.9142274428520726
-0.3013600787721902, 0.06256173642775685, 0.9186695959556792
-0.2993818072476498, 0.04338105830006635, 0.9232356739404429
-0.29643546271152504, 0.023354416689628323, 0.9279265970927308
-0.2909466028470333, 0.0004641425804437632, 0.9324885043168876
-0.2839109947452749, -0.022945254278551583, 0.9360563875549808
-0.27606940846753747, -0.04635197384166678, 0.9395849791120999
-0.26737913603441055, -0.0698694385285713, 0.9427394562669145
-0.2578794589482621, -0.09339332584243021, 0.94582777878953
-0.24717789611747798, -0.11663424563944924, 0.9475008193808168
-0.23526461969062845, -0.1396631182358915, 0.9476654148867534
-0.22250925089218307, -0.16269217081647638, 0.9476544083142938
-0.20894645290128197, -0.1856741819664106, 0.9476434017418089
-0.19456627735100285, -0.20861645434755424, 0.9475954002186918
-0.17920578617826322, -0.23137304249734583, 0.9467042764946951
-0.16263372027981227, -0.2534307496280765, 0.9435951406913577
-0.14525671671795143, -0.27541174804778656, 0.9404742816232623
-0.12703029561050425, -0.29733278617268566, 0.9372103947807872
-0.10800762628760847, -0.3191738436693743, 0.9339604359039
-0.0881307039099366, -0.34065327427378495, 0.9300098968549564
-0.06685769636952504, -0.36150686129154314, 0.9242533135563772
-0.044994697176618755, -0.3821417104324453, 0.9183973295866299
-0.022686186541409838, -0.4025122094502032, 0.9124154016392888
7.494005416219807e-16, -0.4226182617406943, 0.9063077870366523
6.982150666838977e-17, -0.42261826174069383, 0.9063077870366526
0.03819348947034853, -0.39005527524327294, 0.9183824396280456
0.07638697894069929, -0.35749228874585015, 0.9304570922194394
0.11412892051358751, -0.32304158782401937, 0.9375151805726946
0.15181208161430956, -0.28834515273798356, 0.9439202351808553
0.18897863421521177, -0.2528582842845147, 0.9475223294592963
0.22548129139707224, -0.21635562710151546, 0.9475223294568543
0.2619839485789327, -0.1798529699185163, 0.9475223294544125
0.2970192615102015, -0.14239129133945994, 0.9423189715310453
0.3317156965947287, -0.1047081302381229, 0.9359139169183306
0.36563303537174874, -0.06683860657326997, 0.9274384290752393
0.39819602186829084, -0.02864511710282757, 0.9153637764817604
0.4144775151163377, 0.009548372367588253, 0.9093264501845011
0.38191452861891517, 0.047741861837939326, 0.9214011027758946
0.3490639141385443, 0.08586654968804941, 0.9327113896165742
0.3143674790525087, 0.12354971078877186, 0.9391164442247346
0.27967104396647324, 0.1612328718894942, 0.945521498832895
0.24373261998876367, 0.19810429851068131, 0.947522329458685
0.20722996280576475, 0.23460695569254209, 0.9475223294562428
0.17065366216546202, 0.27099693519681123, 0.9471227624905799
0.1329705010641252, 0.3056933702813387, 0.940717707877865
0.09528733996278844, 0.34038980536586616, 0.9343126532651499
0.0572902342056594, 0.37377378199588995, 0.9244197659268673
0.019096744735217303, 0.40633676849243233, 0.9123451133333881
-0.019096744735176738, 0.40633676849198785, 0.9123451133323469
-0.05729023420552755, 0.3737737819945651, 0.9244197659237409
-0.09528733996323006, 0.3403898053670409, 0.9343126532686122
-0.13297050106395217, 0.3056933702810051, 0.9407177078767731
-0.17065366216467417, 0.2709969351949695, 0.9471227624849339
-0.20722996280614558, 0.2346069556930188, 0.9475223294580732
-0.24373261998800605, 0.19810429851001968, 0.9475223294556314
-0.27967104396794146, 0.1612328718901323, 0.945521498837401
-0.3143674790524686, 0.12354971078879534, 0.9391164442246862
-0.34906391413699583, 0.08586654968745822, 0.9327113896119714
-0.3819145286200232, 0.047741861838052665, 0.9214011027784983
-0.4144775151165651, 0.009548372367610249, 0.9093264501850192
-0.3981960218676346, -0.028645117102761, 0.9153637764801945
-0.3656330353702118, -0.06683860657311122, 0.9274384290715887
-0.331715696595534, -0.10470813023840635, 0.9359139169206524
-0.29701926150949826, -0.14239129133912792, 0.9423189715288135
-0.26198394858026985, -0.1798529699197453, 0.9475223294599053
-0.2254812913972703, -0.2163556271016057, 0.9475223294574637
-0.18897863421427105, -0.2528582842834657, 0.9475223294550222
-0.15181208161479876, -0.28834515273906774, 0.9439202351842239
-0.1141289205134616, -0.32304158782359454, 0.9375151805715094
-0.07638697894088464, -0.3574922887476107, 0.9304570922236098
-0.03819348947044211, -0.39005527524415234, 0.9183824396301311
7.494005416219807e-16, -0.4226182617406943, 0.9063077870366523
6.982150666838977e-17, -0.42261826174069383, 0.9063077870366526
0.0381934894703497, -0.390055275243272, 0.9183824396280461
0.07638697894070036, -0.35749228874584926, 0.9304570922194398
0.11412892051358843, -0.32304158782401854, 0.9375151805726948
0.15181208161431034, -0.2883451527379828, 0.9439202351808554
0.18897863421521244, -0.25285828428451396, 0.9475223294592962
0.2254812913970728, -0.2163556271015149, 0.9475223294568542
0.2619839485789331, -0.17985296991851585, 0.9475223294544123
0.29701926151020186, -0.14239129133945957, 0.9423189715310452
0.33171569659472905, -0.10470813023812257, 0.9359139169183306
0.36563303537174885, -0.06683860657326979, 0.9274384290752393
0.39819602186829084, -0.028645117102827494, 0.9153637764817604
0.4144775151163366, 0.009548372367589578, 0.9093264501845015
0.3819145286189142, 0.04774186183794051, 0.921401102775895
0.3490639141385435, 0.0858665496880503, 0.9327113896165743
0.31436747905250806, 0.1235497107887726, 0.9391164442247348
0.27967104396647263, 0.1612328718894948, 0.9455214988328953
0.2437326199887632, 0.19810429851068176, 0.947522329458685
0.2072299628057644, 0.23460695569254242, 0.9475223294562428
0.17065366216546188, 0.27099693519681134, 0.9471227624905798
0.1329705010641252, 0.3056933702813387, 0.940717707877865
0.09528733996278857, 0.34038980536586594, 0.93431265326515
0.05729023420565969, 0.37377378199588973, 0.9244197659268674
0.019096744735217733, 0.40633676849243194, 0.9123451133333882
-0.019096744735176183, 0.4063367684919883, 0.9123451133323468
-0.05729023420552687, 0.3737737819945657, 0.9244197659237405
-0.09528733996322938, 0.34038980536704144, 0.9343126532686121
-0.13297050106395136, 0.30569337028100585, 0.940717707876773
-0.17065366216467331, 0.2709969351949702, 0.9471227624849337
-0.20722996280614467, 0.2346069556930197, 0.9475223294580734
-0.2437326199880051, 0.1981042985100206, 0.9475223294556314
-0.2796710439679406, 0.16123287189013322, 0.9455214988374012
-0.31436747905246765, 0.12354971078879629, 0.9391164442246863
-0.3490639141369948, 0.08586654968745934, 0.9327113896119716
-0.3819145286200222, 0.04774186183805374, 0.9214011027784986
-0.4144775151165642, 0.009548372367611269, 0.9093264501850195
-0.39819602186763553, -0.028645117102759885, 0.9153637764801943
-0.3656330353702126, -0.06683860657311035, 0.9274384290715884
-0.33171569659553496, -0.10470813023840539, 0.9359139169206521
-0.2970192615094989, -0.14239129133912717, 0.9423189715288133
-0.2619839485802706, -0.1798529699197446, 0.9475223294599053
-0.22548129139727108, -0.21635562710160489, 0.9475223294574638
-0.1889786342142719, -0.2528582842834649, 0.9475223294550223
-0.15181208161479967, -0.28834515273906697, 0.943920235184224
-0.11412892051346223, -0.32304158782359405, 0.9375151805715096
-0.07638697894088559, -0.3574922887476099, 0.9304570922236102
-0.038193489470442744, -0.39005527524415184, 0.9183824396301314
1.1102230246251565e-16, -0.42261826174069383, 0.9063077870366526
6.982150666838977e-17, -0.42261826174069383, 0.9063077870366526
0.03819348947034725, -0.39005527524327405, 0.9183824396280451
0.0763869789406981, -0.3574922887458512, 0.9304570922194388
0.11412892051358635, -0.32304158782402037, 0.9375151805726943
0.15181208161430845, -0.28834515273798456, 0.943920235180855
0.18897863421521074, -0.2528582842845157, 0.9475223294592963
0.22548129139707124, -0.2163556271015165, 0.9475223294568543
0.2619839485789317, -0.17985296991851732, 0.9475223294544125
0.29701926151020064, -0.14239129133946093, 0.9423189715310454
0.33171569659472794, -0.10470813023812385, 0.9359139169183308
0.3656330353717479, -0.0668386065732709, 0.9274384290752395
0.39819602186829006, -0.02864511710282846, 0.9153637764817606
0.41447751511633874, 0.009548372367587073, 0.9093264501845009
0.38191452861891606, 0.047741861837938236, 0.9214011027758944
0.3490639141385453, 0.08586654968804829, 0.932711389616574
0.3143674790525098, 0.12354971078877072, 0.9391164442247346
0.27967104396647424, 0.1612328718894931, 0.945521498832895
0.24373261998876472, 0.19810429851068023, 0.947522329458685
0.20722996280576583, 0.23460695569254103, 0.9475223294562428
0.17065366216546313, 0.2709969351968101, 0.9471227624905801
0.1329705010641263, 0.30569337028133764, 0.9407177078778652
0.09528733996278957, 0.34038980536586505, 0.93431265326515
0.05729023420566054, 0.373773781995889, 0.9244197659268676
0.019096744735218454, 0.4063367684924314, 0.9123451133333884
-0.01909674473517621, 0.4063367684919883, 0.9123451133323468
-0.05729023420552695, 0.37377378199456557, 0.9244197659237406
-0.09528733996322955, 0.34038980536704133, 0.9343126532686121
-0.1329705010639516, 0.3056933702810056, 0.940717707876773
-0.17065366216467365, 0.2709969351949699, 0.9471227624849339
-0.20722996280614506, 0.23460695569301926, 0.9475223294580732
-0.24373261998800558, 0.1981042985100201, 0.9475223294556314
-0.2796710439679411, 0.16123287189013263, 0.945521498837401
-0.31436747905246826, 0.12354971078879565, 0.9391164442246862
-0.3490639141369955, 0.08586654968745856, 0.9327113896119714
-0.38191452862002295, 0.047741861838052936, 0.9214011027784983
-0.41447751511656494, 0.00954837236761046, 0.9093264501850193
-0.3981960218676347, -0.02864511710276082, 0.9153637764801945
-0.36563303537021197, -0.06683860657311104, 0.9274384290715886
-0.3317156965955342, -0.1047081302384062, 0.9359139169206523
-0.29701926150949837, -0.1423912913391278, 0.9423189715288134
-0.26198394858026997, -0.17985296991974523, 0.9475223294599053
-0.22548129139727038, -0.2163556271016056, 0.9475223294574637
-0.18897863421427114, -0.25285828428346563, 0.9475223294550222
-0.1518120816147988, -0.28834515273906774, 0.9439202351842239
-0.11412892051346164, -0.3230415878235945, 0.9375151805715094
-0.07638697894088468, -0.35749228874761063, 0.9304570922236098
-0.03819348947044213, -0.39005527524415234, 0.9183824396301311
7.494005416219807e-16, -0.4226182617406943, 0.9063077870366523
6.982150666838977e-17, -0.42261826174069383, 0.9063077870366526
0.03819348947034973, -0.390055275243272, 0.9183824396280461
0.07638697894070041, -0.3574922887458492, 0.9304570922194398
0.1141289205135885, -0.3230415878240185, 0.9375151805726948
0.15181208161431045, -0.2883451527379827, 0.9439202351808554
0.18897863421521255, -0.25285828428451385, 0.9475223294592963
0.22548129139707296, -0.2163556271015148, 0.9475223294568543
0.26198394857893326, -0.17985296991851576, 0.9475223294544124
0.297019261510202, -0.14239129133945938, 0.9423189715310452
0.33171569659472927, -0.10470813023812238, 0.9359139169183305
0.36563303537174896, -0.06683860657326958, 0.9274384290752392
0.39819602186829106, -0.028645117102827262, 0.9153637764817604
0.41447751511633696, 0.009548372367589188, 0.9093264501845015
0.3819145286189144, 0.04774186183794023, 0.921401102775895
0.34906391413854365, 0.0858665496880501, 0.9327113896165743
0.31436747905250817, 0.12354971078877244, 0.9391164442247348
0.27967104396647274, 0.16123287188949473, 0.9455214988328953
0.24373261998876322, 0.19810429851068173, 0.947522329458685
0.2072299628057644, 0.23460695569254242, 0.9475223294562428
0.1706536621654618, 0.27099693519681134, 0.94712276249058
0.1329705010641251, 0.30569337028133875, 0.940717707877865
0.09528733996278843, 0.34038980536586605, 0.9343126532651498
0.05729023420565948, 0.37377378199588995, 0.9244197659268674
0.019096744735217434, 0.4063367684924322, 0.9123451133333881
-0.01909674473517719, 0.4063367684919875, 0.912345113332347
-0.05729023420552791, 0.3737737819945648, 0.924419765923741
-0.09528733996323047, 0.34038980536704044, 0.9343126532686123
-0.13297050106395253, 0.3056933702810048, 0.9407177078767732
-0.17065366216467448, 0.2709969351949692, 0.9471227624849341
-0.2072299628061458, 0.23460695569301848, 0.9475223294580734
-0.24373261998800635, 0.19810429851001932, 0.9475223294556314
-0.27967104396794173, 0.16123287189013194, 0.9455214988374008
-0.31436747905246887, 0.12354971078879498, 0.9391164442246861
-0.34906391413699606, 0.085866549687458, 0.9327113896119715
-0.3819145286200234, 0.04774186183805232, 0.9214011027784982
-0.4144775151165654, 0.009548372367609926, 0.9093264501850191
-0.39819602186763436, -0.028645117102761228, 0.9153637764801945
-0.36563303537021147, -0.06683860657311168, 0.9274384290715888
-0.33171569659553374, -0.10470813023840672, 0.9359139169206525
-0.2970192615094977, -0.14239129133912853, 0.9423189715288136
-0.2619839485802695, -0.17985296991974567, 0.9475223294599053
-0.22548129139727, -0.216355627101606, 0.9475223294574638
-0.18897863421427077, -0.252858284283466, 0.9475223294550223
-0.15181208161479848, -0.28834515273906813, 0.9439202351842237
-0.114128920513461, -0.3230415878235951, 0.9375151805715093
-0.07638697894088434, -0.357492288747611, 0.9304570922236097
-0.038193489470441454, -0.390055275244153, 0.918382439630131
1.4432899320127035e-15, -0.42261826174069494, 0.9063077870366522
6.982150666838977e-17, -0.42261826174069383, 0.9063077870366526
0.03819348947034847, -0.390055275243273, 0.9183824396280454
0.07638697894069921, -0.3574922887458502, 0.9304570922194393
0.1141289205135874, -0.3230415878240194, 0.9375151805726945
0.15181208161430942, -0.28834515273798367, 0.9439202351808552
0.1889786342152116, -0.2528582842845148, 0.9475223294592963
0.2254812913970721, -0.21635562710151568, 0.9475223294568543
0.26198394857893254, -0.17985296991851654, 0.9475223294544125
0.2970192615102013, -0.14239129133946016, 0.9423189715310453
0.33171569659472855, -0.10470813023812314, 0.9359139169183306
0.36563303537174846, -0.06683860657327025, 0.9274384290752394
0.3981960218682906, -0.028645117102827824, 0.9153637764817604
0.4144775151163377, 0.00954837236758832, 0.9093264501845012
0.3819145286189151, 0.04774186183793941, 0.9214011027758946
0.3490639141385444, 0.08586654968804935, 0.9327113896165742
0.31436747905250884, 0.12354971078877171, 0.9391164442247347
0.2796710439664734, 0.161232871889494, 0.9455214988328952
0.24373261998876392, 0.19810429851068106, 0.947522329458685
0.2072299628057651, 0.2346069556925417, 0.9475223294562428
0.17065366216546246, 0.2709969351968108, 0.94712276249058
0.13297050106412572, 0.3056933702813382, 0.940717707877865
0.09528733996278907, 0.3403898053658655, 0.93431265326515
0.057290234205660026, 0.37377378199588945, 0.9244197659268675
0.01909674473521799, 0.4063367684924317, 0.9123451133333882
-0.0190967447351761, 0.4063367684919884, 0.9123451133323468
-0.05729023420552679, 0.3737737819945658, 0.9244197659237405
-0.0952873399632294, 0.34038980536704144, 0.9343126532686121
-0.13297050106395136, 0.30569337028100585, 0.940717707876773
-0.17065366216467348, 0.27099693519497015, 0.9471227624849339
-0.20722996280614472, 0.23460695569301965, 0.9475223294580735
-0.24373261998800527, 0.19810429851002048, 0.9475223294556314
-0.27967104396794074, 0.16123287189013308, 0.945521498837401
-0.3143674790524678, 0.12354971078879615, 0.9391164442246862
-0.3490639141369949, 0.08586654968745923, 0.9327113896119716
-0.3819145286200224, 0.04774186183805358, 0.9214011027784986
-0.4144775151165644, 0.009548372367611106, 0.9093264501850195
-0.3981960218676354, -0.028645117102760013, 0.9153637764801943
-0.36563303537021236, -0.0668386065731106, 0.9274384290715884
-0.3317156965955348, -0.10470813023840556, 0.9359139169206522
-0.2970192615094988, -0.14239129133912734, 0.9423189715288133
-0.2619839485802705, -0.1798529699197446, 0.9475223294599053
-0.22548129139727102, -0.21635562710160494, 0.9475223294574637
-0.18897863421427186, -0.2528582842834649, 0.9475223294550222
-0.1518120816147996, -0.288345152739067, 0.943920235184224
-0.11412892051346217, -0.3230415878235941, 0.9375151805715095
-0.07638697894088557, -0.3574922887476099, 0.9304570922236102
-0.03819348947044273, -0.39005527524415184, 0.9183824396301314
1.1102230246251565e-16, -0.42261826174069383, 0.9063077870366526
6.982150666838977e-17, -0.42261826174069383, 0.9063077870366526
0.03819348947034855, -0.39005527524327294, 0.9183824396280454
0.07638697894069935, -0.35749228874585015, 0.9304570922194393
0.11412892051358757, -0.3230415878240193, 0.9375151805726945
0.15181208161430965, -0.28834515273798345, 0.9439202351808552
0.18897863421521185, -0.25285828428451457, 0.9475223294592963
0.22548129139707235, -0.2163556271015154, 0.9475223294568543
0.2619839485789328, -0.1798529699185162, 0.9475223294544125
0.29701926151020164, -0.14239129133945982, 0.9423189715310453
0.3317156965947289, -0.1047081302381228, 0.9359139169183306
0.3656330353717488, -0.06683860657326987, 0.9274384290752393
0.39819602186829095, -0.02864511710282746, 0.9153637764817604
0.4144775151163379, 0.00954837236758804, 0.9093264501845011
0.38191452861891534, 0.047741861837939145, 0.9214011027758946
0.34906391413854454, 0.08586654968804915, 0.9327113896165742
0.314367479052509, 0.12354971078877154, 0.9391164442247346
0.2796710439664735, 0.16123287188949392, 0.945521498832895
0.24373261998876394, 0.198104298510681, 0.947522329458685
0.20722996280576506, 0.23460695569254178, 0.9475223294562427
0.1706536621654624, 0.2709969351968108, 0.94712276249058
0.1329705010641256, 0.30569337028133836, 0.940717707877865
0.09528733996278886, 0.3403898053658657, 0.93431265326515
0.05729023420565985, 0.3737737819958896, 0.9244197659268674
0.019096744735217764, 0.40633676849243194, 0.9123451133333882
-0.01909674473517573, 0.4063367684919887, 0.9123451133323466
-0.05729023420552648, 0.37377378199456607, 0.9244197659237405
-0.09528733996322905, 0.3403898053670418, 0.934312653268612
-0.1329705010639511, 0.30569337028100607, 0.9407177078767729
-0.17065366216467315, 0.2709969351949704, 0.9471227624849338
-0.20722996280614459, 0.2346069556930198, 0.9475223294580735
-0.24373261998800508, 0.19810429851002065, 0.9475223294556314
-0.27967104396794057, 0.16123287189013324, 0.945521498837401
-0.3143674790524677, 0.12354971078879627, 0.9391164442246864
-0.34906391413699495, 0.0858665496874592, 0.9327113896119716
-0.3819145286200223, 0.0477418618380536, 0.9214011027784985
-0.4144775151165644, 0.009548372367611153, 0.9093264501850195
-0.39819602186763436, -0.02864511710276131, 0.9153637764801947
-0.3656330353702115, -0.06683860657311158, 0.9274384290715888
-0.3317156965955337, -0.10470813023840675, 0.9359139169206525
-0.29701926150949787, -0.14239129133912837, 0.9423189715288136
-0.26198394858026935, -0.17985296991974578, 0.9475223294599053
-0.22548129139726983, -0.21635562710160613, 0.9475223294574637
-0.18897863421427058, -0.2528582842834662, 0.9475223294550222
-0.15181208161479823, -0.28834515273906824, 0.9439202351842239
-0.11412892051346105, -0.32304158782359504, 0.9375151805715094
-0.07638697894088406, -0.3574922887476112, 0.9304570922236096
-0.03819348947044146, -0.39005527524415295, 0.918382439630131
1.4432899320127035e-15, -0.42261826174069494, 0.9063077870366522
6.982150666838977e-17, -0.42261826174069383, 0.9063077870366526
0.038193489470349756, -0.39005527524327194, 0.9183824396280461
0.07638697894070046, -0.35749228874584915, 0.9304570922194398
0.11412892051358858, -0.32304158782401843, 0.9375151805726948
0.15181208161431053, -0.2883451527379826, 0.9439202351808554
0.18897863421521263, -0.25285828428451373, 0.9475223294592962
0.22548129139707304, -0.21635562710151462, 0.9475223294568542
0.26198394857893337, -0.17985296991851557, 0.9475223294544123
0.2970192615102022, -0.14239129133945924, 0.9423189715310452
0.3317156965947293, -0.10470813023812224, 0.9359139169183305
0.3656330353717491, -0.06683860657326944, 0.9274384290752392
0.3981960218682912, -0.028645117102827126, 0.9153637764817603
0.41447751511633685, 0.009548372367589335, 0.9093264501845015
0.3819145286189143, 0.04774186183794036, 0.921401102775895
0.34906391413854354, 0.08586654968805024, 0.9327113896165744
0.3143674790525081, 0.12354971078877255, 0.9391164442247348
0.27967104396647263, 0.16123287188949484, 0.9455214988328953
0.2437326199887631, 0.19810429851068187, 0.947522329458685
0.20722996280576428, 0.23460695569254253, 0.9475223294562428
0.17065366216546168, 0.27099693519681145, 0.94712276249058
0.13297050106412506, 0.3056933702813388, 0.940717707877865
0.09528733996278828, 0.34038980536586627, 0.9343126532651498
0.057290234205659464, 0.37377378199588995, 0.9244197659268673
0.01909674473521735, 0.4063367684924323, 0.9123451133333881
-0.019096744735176564, 0.406336768491988, 0.9123451133323469
-0.05729023420552725, 0.37377378199456546, 0.9244197659237408
-0.09528733996322984, 0.34038980536704105, 0.9343126532686121
-0.1329705010639518, 0.3056933702810054, 0.9407177078767731
-0.17065366216467392, 0.2709969351949697, 0.947122762484934
-0.20722996280614528, 0.23460695569301906, 0.9475223294580735
-0.24373261998800566, 0.1981042985100201, 0.9475223294556314
-0.279671043967941, 0.1612328718901327, 0.9455214988374008
-0.3143674790524682, 0.12354971078879574, 0.9391164442246862
-0.3490639141369955, 0.08586654968745863, 0.9327113896119716
-0.3819145286200228, 0.04774186183805306, 0.9214011027784983
-0.4144775151165646, 0.009548372367610787, 0.9093264501850195
-0.39819602186763475, -0.028645117102760784, 0.9153637764801945
-0.3656330353702119, -0.06683860657311114, 0.9274384290715886
-0.33171569659553407, -0.10470813023840632, 0.9359139169206524
-0.2970192615094983, -0.1423912913391278, 0.9423189715288134
-0.2619839485802702, -0.17985296991974495, 0.9475223294599053
-0.22548129139727074, -0.21635562710160525, 0.9475223294574638
-0.1889786342142713, -0.2528582842834656, 0.9475223294550223
-0.1518120816147993, -0.2883451527390673, 0.943920235184224
-0.11412892051346218, -0.32304158782359405, 0.9375151805715096
-0.07638697894088525, -0.3574922887476102, 0.9304570922236101
-0.03819348947044241, -0.3900552752441521, 0.9183824396301313
1.1102230246251565e-16, -0.42261826174069383, 0.9063077870366526
6.982150666838977e-17, -0.42261826174069383, 0.9063077870366526
0.038193489470349735, -0.39005527524327194, 0.9183824396280461
0.07638697894070041, -0.3574922887458492, 0.9304570922194398
0.11412892051358853, -0.3230415878240185, 0.9375151805726948
0.15181208161431048, -0.2883451527379828, 0.9439202351808554
0.18897863421521255, -0.2528582842845139, 0.9475223294592963
0.22548129139707296, -0.2163556271015148, 0.9475223294568543
0.2619839485789333, -0.17985296991851568, 0.9475223294544124
0.297019261510202, -0.1423912913394594, 0.9423189715310453
0.3317156965947292, -0.10470813023812245, 0.9359139169183306
0.36563303537174896, -0.06683860657326962, 0.9274384290752392
0.398196021868291, -0.028645117102827283, 0.9153637764817604
0.41447751511633696, 0.009548372367589174, 0.9093264501845015
0.3819145286189144, 0.04774186183794023, 0.9214011027758949
0.3490639141385436, 0.08586654968805019, 0.9327113896165744
0.3143674790525082, 0.12354971078877239, 0.9391164442247348
0.27967104396647274, 0.16123287188949467, 0.9455214988328953
0.24373261998876325, 0.1981042985106817, 0.947522329458685
0.20722996280576453, 0.23460695569254228, 0.9475223294562428
0.17065366216546185, 0.2709969351968113, 0.94712276249058
0.13297050106412528, 0.30569337028133864, 0.940717707877865
0.09528733996278847, 0.3403898053658661, 0.93431265326515
0.05729023420565966, 0.3737737819958898, 0.9244197659268674
0.01909674473521744, 0.4063367684924322, 0.9123451133333881
-0.01909674473517696, 0.4063367684919877, 0.912345113332347
-0.05729023420552766, 0.3737737819945651, 0.924419765923741
-0.0952873399632303, 0.3403898053670406, 0.9343126532686122
-0.1329705010639523, 0.30569337028100496, 0.9407177078767732
-0.17065366216467442, 0.27099693519496926, 0.9471227624849341
-0.20722996280614564, 0.23460695569301873, 0.9475223294580735
-0.243732619988006, 0.1981042985100197, 0.9475223294556314
-0.27967104396794146, 0.1612328718901322, 0.9455214988374007
-0.31436747905246865, 0.12354971078879524, 0.9391164442246862
-0.34906391413699583, 0.08586654968745823, 0.9327113896119716
-0.38191452862002323, 0.047741861838052554, 0.9214011027784982
-0.41447751511656516, 0.009548372367610209, 0.9093264501850192
-0.3981960218676347, -0.028645117102760846, 0.9153637764801945
-0.36563303537021175, -0.06683860657311132, 0.9274384290715887
-0.331715696595534, -0.10470813023840637, 0.9359139169206524
-0.297019261509498, -0.1423912913391282, 0.9423189715288135
-0.2619839485802699, -0.17985296991974525, 0.9475223294599053
-0.22548129139727033, -0.21635562710160566, 0.9475223294574637
-0.18897863421427105, -0.2528582842834657, 0.9475223294550222
-0.15181208161479878, -0.28834515273906774, 0.9439202351842239
-0.11412892051346164, -0.3230415878235945, 0.9375151805715094
-0.07638697894088467, -0.3574922887476107, 0.9304570922236098
-0.0381934894704418, -0.3900552752441526, 0.918382439630131
7.494005416219807e-16, -0.4226182617406943, 0.9063077870366523
6.982150666838977e-17, -0.42261826174069383, 0.9063077870366526
0.03819348947034975, -0.39005527524327194, 0.9183824396280461
0.07638697894070046, -0.35749228874584915, 0.9304570922194398
0.11412892051358854, -0.3230415878240185, 0.9375151805726948
0.15181208161431053, -0.28834515273798267, 0.9439202351808554
0.1889786342152126, -0.25285828428451385, 0.9475223294592963
0.225481291397073, -0.21635562710151474, 0.9475223294568543
0.2619839485789334, -0.17985296991851563, 0.9475223294544125
0.29701926151020214, -0.14239129133945927, 0.9423189715310452
0.3317156965947293, -0.10470813023812228, 0.9359139169183305
0.3656330353717492, -0.06683860657326945, 0.9274384290752392
0.3981960218682912, -0.028645117102827126, 0.9153637764817603
0.41447751511633685, 0.009548372367589276, 0.9093264501845015
0.3819145286189143, 0.04774186183794037, 0.921401102775895
0.3490639141385435, 0.0858665496880503, 0.9327113896165744
0.31436747905250806, 0.12354971078877254, 0.9391164442247348
0.2796710439664726, 0.16123287188949487, 0.9455214988328953
0.24373261998876306, 0.1981042985106819, 0.947522329458685
0.20722996280576428, 0.23460695569254256, 0.9475223294562428
0.17065366216546166, 0.27099693519681145, 0.9471227624905799
0.13297050106412497, 0.3056933702813389, 0.940717707877865
0.09528733996278825, 0.34038980536586627, 0.9343126532651498
0.05729023420565934, 0.37377378199589006, 0.9244197659268671
0.019096744735217195, 0.40633676849243244, 0.912345113333388
-0.019096744735177272, 0.4063367684919874, 0.912345113332347
-0.05729023420552802, 0.37377378199456474, 0.924419765923741
-0.09528733996323055, 0.3403898053670404, 0.9343126532686123
-0.13297050106395258, 0.3056933702810047, 0.9407177078767732
-0.17065366216467454, 0.27099693519496915, 0.9471227624849339
-0.20722996280614583, 0.23460695569301854, 0.9475223294580735
-0.24373261998800627, 0.19810429851001946, 0.9475223294556314
-0.2796710439679417, 0.16123287189013205, 0.9455214988374009
-0.3143674790524688, 0.12354971078879509, 0.9391164442246862
-0.349063914136996, 0.08586654968745802, 0.9327113896119714
-0.3819145286200234, 0.04774186183805243, 0.9214011027784982
-0.4144775151165653, 0.009548372367610039, 0.9093264501850191
-0.3981960218676344, -0.028645117102761165, 0.9153637764801945
-0.36563303537021175, -0.06683860657311132, 0.9274384290715887
-0.33171569659553396, -0.10470813023840644, 0.9359139169206524
-0.29701926150949814, -0.14239129133912803, 0.9423189715288134
-0.26198394858026985, -0.17985296991974536, 0.9475223294599053
-0.22548129139727027, -0.21635562710160572, 0.9475223294574637
-0.18897863421427102, -0.25285828428346574, 0.9475223294550222
-0.15181208161479873, -0.2883451527390678, 0.9439202351842237
-0.1141289205134616, -0.32304158782359454, 0.9375151805715094
-0.07638697894088464, -0.3574922887476107, 0.9304570922236098
-0.038193489470442106, -0.39005527524415234, 0.9183824396301311
7.494005416219807e-16, -0.4226182617406943, 0.9063077870366523
6.982150666838977e-17, -0.42261826174069383, 0.9063077870366526
0.038193489470349756, -0.39005527524327194, 0.9183824396280461
0.07638697894070046, -0.35749228874584915, 0.9304570922194398
0.11412892051358858, -0.3230415878240185, 0.9375151805726948
0.15181208161431056, -0.28834515273798267, 0.9439202351808554
0.18897863421521266, -0.2528582842845138, 0.9475223294592963
0.22548129139707307, -0.21635562710151465, 0.9475223294568543
0.2619839485789334, -0.17985296991851563, 0.9475223294544125
0.2970192615102022, -0.14239129133945921, 0.9423189715310452
0.3317156965947294, -0.10470813023812221, 0.9359139169183305
0.3656330353717492, -0.0668386065732694, 0.9274384290752392
0.3981960218682912, -0.02864511710282709, 0.9153637764817603
0.4144775151163368, 0.009548372367589356, 0.9093264501845015
0.38191452861891423, 0.04774186183794041, 0.921401102775895
0.3490639141385435, 0.0858665496880503, 0.9327113896165744
0.314367479052508, 0.12354971078877261, 0.9391164442247348
0.2796710439664725, 0.16123287188949492, 0.9455214988328953
0.24373261998876303, 0.19810429851068195, 0.947522329458685
0.2072299628057642, 0.23460695569254264, 0.9475223294562428
0.1706536621654616, 0.2709969351968115, 0.94712276249058
0.13297050106412492, 0.30569337028133897, 0.940717707877865
0.09528733996278821, 0.34038980536586627, 0.9343126532651498
0.05729023420565932, 0.37377378199589006, 0.9244197659268671
0.01909674473521719, 0.40633676849243244, 0.912345113333388
-0.019096744735177265, 0.4063367684919874, 0.912345113332347
-0.05729023420552799, 0.37377378199456474, 0.924419765923741
-0.09528733996323052, 0.3403898053670404, 0.9343126532686123
-0.13297050106395256, 0.30569337028100474, 0.9407177078767732
-0.17065366216467454, 0.27099693519496915, 0.947122762484934
-0.20722996280614578, 0.2346069556930186, 0.9475223294580735
-0.24373261998800616, 0.19810429851001954, 0.9475223294556314
-0.2796710439679416, 0.16123287189013205, 0.9455214988374008
-0.31436747905246876, 0.12354971078879509, 0.9391164442246861
-0.34906391413699595, 0.0858665496874581, 0.9327113896119715
-0.3819145286200233, 0.047741861838052436, 0.9214011027784982
-0.4144775151165653, 0.00954837236761005, 0.9093264501850191
-0.39819602186763453, -0.028645117102761023, 0.9153637764801945
-0.3656330353702117, -0.0668386065731114, 0.9274384290715887
-0.33171569659553396, -0.10470813023840644, 0.9359139169206524
-0.2970192615094979, -0.14239129133912826, 0.9423189715288136
-0.26198394858026974, -0.17985296991974536, 0.9475223294599053
-0.22548129139727024, -0.2163556271016057, 0.9475223294574637
-0.18897863421427102, -0.25285828428346574, 0.9475223294550222
-0.15181208161479873, -0.2883451527390678, 0.9439202351842237
-0.1141289205134616, -0.32304158782359454, 0.9375151805715094
-0.07638697894088464, -0.3574922887476107, 0.9304570922236098
-0.038193489470441794, -0.3900552752441526, 0.918382439630131
7.494005416219807e-16, -0.4226182617406943, 0.9063077870366523
6.982150666838977e-17, -0.42261826174069383, 0.9063077870366526
0.03819348947034975, -0.39005527524327194, 0.9183824396280461
0.07638697894070044, -0.35749228874584915, 0.9304570922194398
0.11412892051358854, -0.3230415878240185, 0.9375151805726948
0.15181208161431053, -0.28834515273798267, 0.9439202351808554
0.18897863421521258, -0.25285828428451385, 0.9475223294592963
0.22548129139707299, -0.21635562710151474, 0.9475223294568543
0.2619839485789334, -0.17985296991851563, 0.9475223294544124
0.2970192615102021, -0.14239129133945927, 0.9423189715310452
0.33171569659472927, -0.10470813023812234, 0.9359139169183305
0.3656330353717491, -0.06683860657326951, 0.9274384290752392
0.3981960218682912, -0.028645117102827185, 0.9153637764817603
0.4144775151163369, 0.009548372367589212, 0.9093264501845015
0.3819145286189144, 0.0477418618379403, 0.921401102775895
0.34906391413854354, 0.08586654968805024, 0.9327113896165744
0.3143674790525082, 0.12354971078877242, 0.9391164442247348
0.2796710439664727, 0.16123287188949473, 0.9455214988328953
0.2437326199887632, 0.1981042985106818, 0.947522329458685
0.20722996280576447, 0.23460695569254236, 0.9475223294562428
0.17065366216546182, 0.27099693519681134, 0.94712276249058
0.13297050106412522, 0.3056933702813387, 0.940717707877865
0.09528733996278846, 0.34038980536586605, 0.9343126532651499
0.057290234205659644, 0.37377378199588984, 0.9244197659268674
0.019096744735217434, 0.4063367684924322, 0.9123451133333881
-0.01909674473517694, 0.4063367684919877, 0.912345113332347
-0.057290234205527577, 0.3737737819945651, 0.9244197659237409
-0.0952873399632302, 0.3403898053670407, 0.9343126532686123
-0.1329705010639521, 0.30569337028100513, 0.940717707876773
-0.17065366216467423, 0.27099693519496937, 0.9471227624849339
-0.20722996280614545, 0.23460695569301893, 0.9475223294580735
-0.24373261998800577, 0.19810429851001998, 0.9475223294556314
-0.2796710439679412, 0.16123287189013258, 0.9455214988374009
-0.3143674790524683, 0.12354971078879565, 0.9391164442246862
-0.34906391413699545, 0.0858665496874586, 0.9327113896119716
-0.3819145286200228, 0.047741861838053026, 0.9214011027784984
-0.41447751511656467, 0.009548372367610787, 0.9093264501850193
-0.39819602186763414, -0.028645117102761495, 0.9153637764801947
-0.3656330353702112, -0.06683860657311194, 0.9274384290715889
-0.33171569659553335, -0.10470813023840714, 0.9359139169206525
-0.2970192615094974, -0.1423912913391288, 0.9423189715288136
-0.26198394858026924, -0.17985296991974592, 0.9475223294599053
-0.2254812913972697, -0.21635562710160625, 0.9475223294574637
-0.1889786342142702, -0.2528582842834665, 0.9475223294550222
-0.15181208161479814, -0.2883451527390683, 0.9439202351842237
-0.114128920513461, -0.3230415878235951, 0.9375151805715094
-0.07638697894088402, -0.35749228874761124, 0.9304570922236096
-0.03819348947044113, -0.39005527524415323, 0.9183824396301309
1.4432899320127035e-15, -0.42261826174069494, 0.9063077870366522
6.982150666838977e-17, -0.42261826174069383, 0.9063077870366526
0.03819348947034971, -0.390055275243272, 0.9183824396280461
0.07638697894070036, -0.35749228874584926, 0.9304570922194398
0.11412892051358844, -0.3230415878240186, 0.9375151805726948
0.15181208161431037, -0.2883451527379829, 0.9439202351808554
0.18897863421521238, -0.252858284284514, 0.9475223294592963
0.2254812913970728, -0.21635562710151493, 0.9475223294568543
0.2619839485789332, -0.17985296991851588, 0.9475223294544125
0.29701926151020186, -0.1423912913394596, 0.9423189715310452
0.33171569659472894, -0.10470813023812267, 0.9359139169183306
0.36563303537174874, -0.0668386065732699, 0.9274384290752393
0.39819602186829084, -0.028645117102827574, 0.9153637764817605
0.4144775151163371, 0.009548372367589007, 0.9093264501845015
0.38191452861891456, 0.047741861837940006, 0.9214011027758948
0.34906391413854376, 0.08586654968804996, 0.9327113896165743
0.31436747905250845, 0.12354971078877215, 0.9391164442247348
0.279671043966473, 0.16123287188949442, 0.9455214988328953
0.24373261998876355, 0.1981042985106814, 0.947522329458685
0.20722996280576483, 0.23460695569254197, 0.9475223294562428
0.17065366216546213, 0.270996935196811, 0.94712276249058
0.1329705010641256, 0.3056933702813383, 0.940717707877865
0.09528733996278883, 0.3403898053658657, 0.93431265326515
0.05729023420565997, 0.3737737819958895, 0.9244197659268674
0.019096744735217927, 0.40633676849243183, 0.9123451133333882
-0.01909674473517661, 0.40633676849198797, 0.9123451133323468
-0.05729023420552726, 0.3737737819945654, 0.9244197659237408
-0.09528733996322972, 0.34038980536704116, 0.9343126532686121
-0.13297050106395175, 0.3056933702810055, 0.940717707876773
-0.17065366216467387, 0.27099693519496976, 0.9471227624849339
-0.20722996280614514, 0.2346069556930192, 0.9475223294580735
-0.24373261998800544, 0.19810429851002032, 0.9475223294556314
-0.2796710439679408, 0.16123287189013297, 0.945521498837401
-0.31436747905246804, 0.1235497107887959, 0.9391164442246864
-0.3490639141369952, 0.08586654968745891, 0.9327113896119716
-0.3819145286200225, 0.04774186183805338, 0.9214011027784985
-0.4144775151165644, 0.009548372367611161, 0.9093264501850196
-0.3981960218676342, -0.02864511710276153, 0.9153637764801947
-0.3656330353702111, -0.06683860657311208, 0.9274384290715889
-0.3317156965955333, -0.10470813023840717, 0.9359139169206525
-0.2970192615094973, -0.14239129133912892, 0.9423189715288136
-0.26198394858026913, -0.179852969919746, 0.9475223294599053
-0.2254812913972696, -0.21635562710160633, 0.9475223294574637
-0.18897863421427036, -0.2528582842834664, 0.9475223294550222
-0.1518120816147981, -0.28834515273906836, 0.9439202351842237
-0.11412892051346067, -0.32304158782359543, 0.9375151805715093
-0.07638697894088399, -0.3574922887476113, 0.9304570922236096
-0.038193489470441426, -0.39005527524415295, 0.918382439630131
1.4432899320127035e-15, -0.42261826174069494, 0.9063077870366522
6.982150666838977e-17, -0.42261826174069383, 0.9063077870366526
0.03819348947034846, -0.390055275243273, 0.9183824396280456
0.0763869789406992, -0.35749228874585026, 0.9304570922194394
0.11412892051358733, -0.32304158782401954, 0.9375151805726946
0.1518120816143093, -0.2883451527379838, 0.9439202351808552
0.18897863421521144, -0.25285828428451496, 0.9475223294592963
0.22548129139707193, -0.2163556271015158, 0.9475223294568543
0.26198394857893237, -0.17985296991851668, 0.9475223294544125
0.29701926151020114, -0.14239129133946035, 0.9423189715310453
0.33171569659472827, -0.10470813023812338, 0.9359139169183307
0.3656330353717483, -0.06683860657327051, 0.9274384290752395
0.3981960218682904, -0.028645117102828074, 0.9153637764817607
0.41447751511633724, 0.009548372367588829, 0.9093264501845014
0.38191452861891473, 0.04774186183793982, 0.9214011027758948
0.3490639141385439, 0.08586654968804985, 0.9327113896165742
0.3143674790525085, 0.12354971078877211, 0.9391164442247348
0.27967104396647297, 0.16123287188949442, 0.9455214988328953
0.2437326199887635, 0.19810429851068148, 0.947522329458685
0.20722996280576472, 0.23460695569254209, 0.9475223294562428
0.170653662165462, 0.2709969351968112, 0.94712276249058
0.13297050106412533, 0.3056933702813386, 0.9407177078778649
0.09528733996278863, 0.34038980536586594, 0.93431265326515
0.05729023420565961, 0.37377378199588984, 0.9244197659268674
0.01909674473521762, 0.40633676849243205, 0.9123451133333882
-0.019096744735177036, 0.40633676849198763, 0.912345113332347
-0.05729023420552779, 0.3737737819945649, 0.9244197659237409
-0.09528733996323022, 0.34038980536704067, 0.9343126532686121
-0.13297050106395233, 0.30569337028100496, 0.9407177078767731
-0.17065366216467437, 0.27099693519496926, 0.947122762484934
-0.2072299628061457, 0.23460695569301865, 0.9475223294580735
-0.24373261998800616, 0.19810429851001954, 0.9475223294556314
-0.27967104396794157, 0.16123287189013216, 0.9455214988374008
-0.31436747905246876, 0.12354971078879512, 0.9391164442246862
-0.3490639141369959, 0.08586654968745816, 0.9327113896119714
-0.3819145286200233, 0.047741861838052464, 0.9214011027784981
-0.4144775151165653, 0.0095483723676101, 0.9093264501850191
-0.3981960218676342, -0.028645117102761464, 0.9153637764801947
-0.3656330353702111, -0.06683860657311208, 0.9274384290715889
-0.33171569659553335, -0.1047081302384071, 0.9359139169206525
-0.29701926150949726, -0.14239129133912898, 0.9423189715288136
-0.2619839485802692, -0.17985296991974603, 0.9475223294599054
-0.22548129139726988, -0.21635562710160605, 0.9475223294574638
-0.18897863421427039, -0.25285828428346635, 0.9475223294550222
-0.1518120816147984, -0.28834515273906813, 0.9439202351842237
-0.11412892051346094, -0.32304158782359516, 0.9375151805715093
-0.07638697894088399, -0.3574922887476113, 0.9304570922236096
-0.03819348947044144, -0.390055275244153, 0.918382439630131
1.4432899320127035e-15, -0.42261826174069494, 0.9063077870366522
6.982150666838977e-17, -0.42261826174069383, 0.9063077870366526
0.03819348947034977, -0.39005527524327194, 0.9183824396280461
0.07638697894070048, -0.35749228874584915, 0.9304570922194398
0.11412892051358862, -0.3230415878240184, 0.9375151805726948
0.15181208161431062, -0.2883451527379826, 0.9439202351808554
0.18897863421521272, -0.2528582842845137, 0.9475223294592963
0.22548129139707312, -0.2163556271015146, 0.9475223294568543
0.26198394857893353, -0.17985296991851552, 0.9475223294544125
0.29701926151020225, -0.14239129133945913, 0.9423189715310452
0.33171569659472944, -0.10470813023812216, 0.9359139169183305
0.3656330353717493, -0.06683860657326929, 0.9274384290752392
0.39819602186829134, -0.028645117102826967, 0.9153637764817601
0.4144775151163366, 0.009548372367589479, 0.9093264501845018
0.3819145286189142, 0.04774186183794052, 0.921401102775895
0.3490639141385433, 0.08586654968805048, 0.9327113896165744
0.3143674790525079, 0.12354971078877276, 0.9391164442247348
0.2796710439664724, 0.16123287188949503, 0.9455214988328954
0.24373261998876292, 0.19810429851068206, 0.947522329458685
0.20722996280576417, 0.2346069556925427, 0.9475223294562428
0.17065366216546146, 0.2709969351968116, 0.94712276249058
0.1329705010641248, 0.3056933702813391, 0.9407177078778648
0.09528733996278813, 0.3403898053658664, 0.9343126532651498
0.05729023420565923, 0.3737737819958902, 0.9244197659268671
0.019096744735217108, 0.4063367684924325, 0.912345113333388
-0.01909674473517735, 0.40633676849198735, 0.9123451133323471
-0.05729023420552807, 0.3737737819945647, 0.924419765923741
-0.0952873399632306, 0.34038980536704033, 0.9343126532686123
-0.13297050106395264, 0.3056933702810047, 0.9407177078767732
-0.17065366216467465, 0.27099693519496904, 0.9471227624849341
-0.20722996280614586, 0.23460695569301854, 0.9475223294580735
-0.2437326199880063, 0.19810429851001943, 0.9475223294556314
-0.27967104396794173, 0.16123287189013194, 0.9455214988374007
-0.31436747905246887, 0.12354971078879498, 0.939116444224686
-0.349063914136996, 0.08586654968745806, 0.9327113896119715
-0.3819145286200234, 0.047741861838052346, 0.9214011027784981
-0.4144775151165654, 0.009548372367609968, 0.9093264501850191
-0.3981960218676345, -0.028645117102761075, 0.9153637764801946
-0.3656330353702115, -0.06683860657311157, 0.9274384290715887
-0.33171569659553385, -0.10470813023840657, 0.9359139169206524
-0.29701926150949776, -0.14239129133912842, 0.9423189715288135
-0.26198394858026974, -0.17985296991974545, 0.9475223294599053
-0.22548129139727024, -0.21635562710160577, 0.9475223294574638
-0.18897863421427102, -0.2528582842834658, 0.9475223294550223
-0.15181208161479876, -0.2883451527390678, 0.9439202351842237
-0.11412892051346159, -0.3230415878235946, 0.9375151805715094
-0.07638697894088461, -0.35749228874761074, 0.9304570922236098
-0.03819348947044178, -0.3900552752441526, 0.918382439630131
7.494005416219807e-16, -0.4226182617406943, 0.9063077870366523
6.982150666838977e-17, -0.42261826174069383, 0.9063077870366526
0.03819348947034974, -0.3900552752432719, 0.918382439628046
0.07638697894070044, -0.35749228874584915, 0.9304570922194397
0.11412892051358853, -0.3230415878240184, 0.9375151805726947
0.15181208161431053, -0.28834515273798267, 0.9439202351808554
0.18897863421521263, -0.2528582842845138, 0.9475223294592963
0.22548129139707304, -0.21635562710151474, 0.9475223294568543
0.2619839485789334, -0.17985296991851557, 0.9475223294544125
0.29701926151020214, -0.14239129133945924, 0.9423189715310452
0.3317156965947293, -0.10470813023812231, 0.9359139169183306
0.3656330353717491, -0.06683860657326945, 0.9274384290752392
0.39819602186829123, -0.02864511710282711, 0.9153637764817603
0.4144775151163369, 0.00954837236758915, 0.9093264501845015
0.38191452861891434, 0.047741861837940235, 0.921401102775895
0.3490639141385436, 0.08586654968805019, 0.9327113896165743
0.31436747905250817, 0.12354971078877239, 0.9391164442247348
0.2796710439664727, 0.16123287188949476, 0.9455214988328953
0.24373261998876322, 0.19810429851068176, 0.947522329458685
0.20722996280576444, 0.23460695569254236, 0.9475223294562428
0.17065366216546185, 0.2709969351968113, 0.94712276249058
0.13297050106412517, 0.30569337028133875, 0.940717707877865
0.09528733996278846, 0.34038980536586605, 0.9343126532651499
0.05729023420565957, 0.3737737819958899, 0.9244197659268674
0.019096744735217358, 0.4063367684924323, 0.9123451133333881
-0.019096744735177047, 0.40633676849198763, 0.912345113332347
-0.057290234205527826, 0.37377378199456496, 0.924419765923741
-0.09528733996323038, 0.3403898053670406, 0.9343126532686123
-0.1329705010639523, 0.30569337028100496, 0.9407177078767732
-0.17065366216467448, 0.2709969351949692, 0.9471227624849341
-0.2072299628061457, 0.23460695569301868, 0.9475223294580735
-0.2437326199880061, 0.1981042985100196, 0.9475223294556314
-0.27967104396794157, 0.16123287189013213, 0.9455214988374008
-0.31436747905246876, 0.12354971078879509, 0.939116444224686
-0.3490639141369959, 0.08586654968745816, 0.9327113896119715
-0.3819145286200232, 0.047741861838052554, 0.9214011027784983
-0.4144775151165653, 0.009548372367610053, 0.9093264501850191
-0.39819602186763453, -0.028645117102761037, 0.9153637764801945
-0.36563303537021163, -0.06683860657311144, 0.9274384290715887
-0.3317156965955341, -0.10470813023840632, 0.9359139169206524
-0.29701926150949814, -0.14239129133912803, 0.9423189715288135
-0.2619839485802698, -0.17985296991974536, 0.9475223294599053
-0.2254812913972705, -0.21635562710160544, 0.9475223294574637
-0.18897863421427102, -0.25285828428346574, 0.9475223294550222
-0.15181208161479873, -0.2883451527390678, 0.9439202351842237
-0.1141289205134616, -0.32304158782359454, 0.9375151805715094
-0.07638697894088464, -0.3574922887476107, 0.9304570922236098
-0.03819348947044179, -0.3900552752441526, 0.918382439630131
7.494005416219807e-16, -0.4226182617406943, 0.9063077870366523
6.982150666838977e-17, -0.42261826174069383, 0.9063077870366526
0.03819348947034977, -0.39005527524327194, 0.9183824396280461
0.07638697894070047, -0.35749228874584915, 0.9304570922194398
0.11412892051358861, -0.3230415878240184, 0.9375151805726948
0.1518120816143106, -0.28834515273798267, 0.9439202351808554
0.1889786342152127, -0.25285828428451373, 0.9475223294592963
0.22548129139707312, -0.21635562710151465, 0.9475223294568543
0.2619839485789335, -0.17985296991851554, 0.9475223294544125
0.2970192615102022, -0.14239129133945916, 0.9423189715310452
0.33171569659472944, -0.10470813023812216, 0.9359139169183305
0.3656330353717493, -0.0668386065732693, 0.9274384290752392
0.3981960218682914, -0.028645117102826967, 0.9153637764817603
0.414477515116337, 0.009548372367589026, 0.9093264501845013
0.3819145286189145, 0.047741861837940075, 0.9214011027758948
0.34906391413854376, 0.08586654968805002, 0.9327113896165742
0.3143674790525083, 0.12354971078877233, 0.9391164442247348
0.27967104396647274, 0.1612328718894947, 0.9455214988328953
0.24373261998876328, 0.1981042985106817, 0.947522329458685
0.2072299628057644, 0.23460695569254242, 0.9475223294562428
0.17065366216546185, 0.27099693519681134, 0.9471227624905799
0.1329705010641251, 0.30569337028133875, 0.940717707877865
0.0952873399627884, 0.34038980536586616, 0.9343126532651498
0.0572902342056595, 0.3737737819958899, 0.9244197659268674
0.01909674473521736, 0.4063367684924323, 0.9123451133333881
-0.019096744735177196, 0.4063367684919875, 0.912345113332347
-0.05729023420552794, 0.3737737819945648, 0.924419765923741
-0.09528733996323041, 0.34038980536704055, 0.9343126532686123
-0.13297050106395236, 0.30569337028100496, 0.9407177078767732
-0.17065366216467434, 0.27099693519496926, 0.9471227624849339
-0.20722996280614572, 0.23460695569301862, 0.9475223294580735
-0.24373261998800616, 0.19810429851001957, 0.9475223294556314
-0.2796710439679415, 0.16123287189013222, 0.9455214988374009
-0.31436747905246865, 0.1235497107887952, 0.9391164442246862
-0.3490639141369959, 0.08586654968745813, 0.9327113896119714
-0.3819145286200232, 0.0477418618380526, 0.9214011027784983
-0.41447751511656516, 0.009548372367610167, 0.9093264501850191
-0.3981960218676345, -0.028645117102761106, 0.9153637764801945
-0.36563303537021175, -0.06683860657311129, 0.9274384290715887
-0.331715696595534, -0.1047081302384064, 0.9359139169206524
-0.2970192615094982, -0.14239129133912798, 0.9423189715288134
-0.26198394858026985, -0.17985296991974536, 0.9475223294599053
-0.22548129139727033, -0.21635562710160564, 0.9475223294574637
-0.18897863421427102, -0.2528582842834657, 0.9475223294550222
-0.15181208161479876, -0.2883451527390678, 0.9439202351842237
-0.11412892051346162, -0.32304158782359454, 0.9375151805715095
-0.07638697894088464, -0.3574922887476107, 0.9304570922236098
-0.038193489470442106, -0.39005527524415234, 0.9183824396301311
7.494005416219807e-16, -0.4226182617406943, 0.9063077870366523
6.982150666838977e-17, -0.42261826174069383, 0.9063077870366526
0.03819348947034974, -0.3900552752432719, 0.918382439628046
0.07638697894070044, -0.35749228874584915, 0.9304570922194397
0.11412892051358857, -0.32304158782401843, 0.9375151805726947
0.15181208161431056, -0.28834515273798267, 0.9439202351808554
0.18897863421521263, -0.2528582842845138, 0.9475223294592963
0.22548129139707307, -0.21635562710151465, 0.9475223294568543
0.26198394857893337, -0.1798529699185156, 0.9475223294544125
0.2970192615102022, -0.14239129133945924, 0.9423189715310452
0.3317156965947293, -0.10470813023812223, 0.9359139169183305
0.3656330353717491, -0.06683860657326943, 0.9274384290752392
0.3981960218682912, -0.028645117102827116, 0.9153637764817603
0.4144775151163367, 0.009548372367589524, 0.9093264501845016
0.38191452861891406, 0.047741861837940575, 0.921401102775895
0.3490639141385433, 0.08586654968805048, 0.9327113896165744
0.3143674790525079, 0.12354971078877279, 0.9391164442247348
0.2796710439664724, 0.1612328718894951, 0.9455214988328954
0.24373261998876286, 0.1981042985106821, 0.947522329458685
0.20722996280576403, 0.2346069556925428, 0.9475223294562428
0.1706536621654614, 0.27099693519681173, 0.9471227624905799
0.13297050106412478, 0.305693370281339, 0.9407177078778649
0.095287339962788, 0.3403898053658665, 0.9343126532651498
0.05729023420565917, 0.3737737819958902, 0.9244197659268671
0.01909674473521704, 0.4063367684924325, 0.912345113333388
-0.019096744735177522, 0.4063367684919872, 0.9123451133323472
-0.05729023420552817, 0.3737737819945646, 0.9244197659237411
-0.09528733996323073, 0.3403898053670402, 0.9343126532686122
-0.1329705010639527, 0.30569337028100463, 0.9407177078767732
-0.17065366216467476, 0.2709969351949689, 0.947122762484934
-0.20722996280614608, 0.23460695569301826, 0.9475223294580735
-0.24373261998800644, 0.19810429851001932, 0.9475223294556314
-0.27967104396794185, 0.16123287189013188, 0.9455214988374008
-0.314367479052469, 0.12354971078879493, 0.9391164442246861
-0.3490639141369962, 0.08586654968745777, 0.9327113896119716
-0.3819145286200235, 0.04774186183805222, 0.9214011027784981
-0.4144775151165654, 0.009548372367609968, 0.9093264501850191
-0.39819602186763436, -0.028645117102761204, 0.9153637764801945
-0.3656330353702115, -0.06683860657311153, 0.9274384290715888
-0.33171569659553374, -0.10470813023840672, 0.9359139169206525
-0.2970192615094979, -0.14239129133912826, 0.9423189715288135
-0.2619839485802698, -0.17985296991974536, 0.9475223294599053
-0.22548129139727027, -0.21635562710160572, 0.9475223294574638
-0.18897863421427077, -0.252858284283466, 0.9475223294550223
-0.15181208161479878, -0.2883451527390678, 0.9439202351842237
-0.11412892051346163, -0.32304158782359454, 0.9375151805715094
-0.07638697894088464, -0.3574922887476107, 0.9304570922236098
-0.038193489470441794, -0.3900552752441526, 0.918382439630131
7.494005416219807e-16, -0.4226182617406943, 0.9063077870366523
6.982150666838977e-17, -0.42261826174069383, 0.9063077870366526
0.038193489470349735, -0.39005527524327194, 0.9183824396280461
0.07638697894070043, -0.3574922887458492, 0.9304570922194398
0.11412892051358853, -0.3230415878240185, 0.9375151805726948
0.15181208161431048, -0.2883451527379828, 0.9439202351808554
0.18897863421521255, -0.2528582842845139, 0.9475223294592963
0.22548129139707299, -0.2163556271015148, 0.9475223294568543
0.2619839485789333, -0.17985296991851568, 0.9475223294544124
0.2970192615102021, -0.14239129133945938, 0.9423189715310452
0.3317156965947292, -0.1047081302381224, 0.9359139169183306
0.36563303537174907, -0.06683860657326957, 0.9274384290752392
0.3981960218682912, -0.028645117102827224, 0.9153637764817604
0.41447751511633646, 0.009548372367589767, 0.9093264501845018
0.38191452861891395, 0.047741861837940804, 0.9214011027758952
0.3490639141385431, 0.08586654968805071, 0.9327113896165744
0.3143674790525077, 0.12354971078877297, 0.9391164442247348
0.27967104396647224, 0.16123287188949523, 0.9455214988328954
0.24373261998876272, 0.19810429851068223, 0.947522329458685
0.20722996280576395, 0.23460695569254286, 0.9475223294562428
0.1706536621654613, 0.2709969351968118, 0.9471227624905799
0.13297050106412472, 0.30569337028133914, 0.9407177078778648
0.09528733996278796, 0.3403898053658665, 0.9343126532651498
0.05729023420565915, 0.3737737819958902, 0.9244197659268671
0.01909674473521703, 0.40633676849243255, 0.912345113333388
-0.01909674473517751, 0.4063367684919872, 0.9123451133323472
-0.05729023420552816, 0.3737737819945646, 0.9244197659237411
-0.09528733996323069, 0.3403898053670402, 0.9343126532686123
-0.13297050106395264, 0.3056933702810047, 0.9407177078767732
-0.1706536621646746, 0.27099693519496904, 0.947122762484934
-0.20722996280614597, 0.23460695569301837, 0.9475223294580735
-0.24373261998800633, 0.19810429851001943, 0.9475223294556314
-0.2796710439679417, 0.16123287189013205, 0.9455214988374009
-0.31436747905246876, 0.12354971078879509, 0.9391164442246862
-0.34906391413699606, 0.08586654968745798, 0.9327113896119714
-0.3819145286200233, 0.04774186183805246, 0.9214011027784983
-0.4144775151165652, 0.009548372367610124, 0.9093264501850191
-0.3981960218676344, -0.028645117102761145, 0.9153637764801945
-0.36563303537021175, -0.06683860657311132, 0.9274384290715887
-0.3317156965955339, -0.1047081302384065, 0.9359139169206524
-0.29701926150949814, -0.14239129133912803, 0.9423189715288134
-0.26198394858026985, -0.17985296991974536, 0.9475223294599053
-0.22548129139727027, -0.21635562710160572, 0.9475223294574637
-0.188978634214271, -0.2528582842834658, 0.9475223294550222
-0.15181208161479873, -0.2883451527390678, 0.9439202351842237
-0.1141289205134616, -0.32304158782359454, 0.9375151805715094
-0.07638697894088464, -0.3574922887476107, 0.9304570922236098
-0.038193489470442106, -0.39005527524415234, 0.9183824396301311
7.494005416219807e-16, -0.4226182617406943, 0.9063077870366523
6.982150666838977e-17, -0.42261826174069383, 0.9063077870366526
0.038193489470349756, -0.39005527524327194, 0.9183824396280461
0.07638697894070046, -0.35749228874584915, 0.9304570922194398
0.11412892051358858, -0.3230415878240185, 0.9375151805726948
0.15181208161431056, -0.28834515273798267, 0.9439202351808554
0.18897863421521263, -0.2528582842845138, 0.9475223294592963
0.22548129139707307, -0.21635562710151465, 0.9475223294568543
0.2619839485789334, -0.17985296991851563, 0.9475223294544125
0.2970192615102022, -0.14239129133945924, 0.9423189715310452
0.3317156965947293, -0.10470813023812223, 0.9359139169183305
0.3656330353717491, -0.06683860657326943, 0.9274384290752392
0.3981960218682912, -0.02864511710282712, 0.9153637764817603
0.4144775151163367, 0.009548372367589503, 0.9093264501845016
0.3819145286189141, 0.04774186183794055, 0.921401102775895
0.3490639141385433, 0.08586654968805045, 0.9327113896165744
0.3143674790525079, 0.12354971078877275, 0.9391164442247348
0.27967104396647247, 0.16123287188949503, 0.9455214988328954
0.2437326199887629, 0.19810429851068206, 0.947522329458685
0.20722996280576406, 0.23460695569254275, 0.9475223294562427
0.17065366216546143, 0.2709969351968117, 0.9471227624905799
0.13297050106412484, 0.305693370281339, 0.940717707877865
0.09528733996278807, 0.3403898053658664, 0.9343126532651498
0.05729023420565924, 0.3737737819958902, 0.9244197659268671
0.019096744735217115, 0.4063367684924325, 0.912345113333388
-0.01909674473517744, 0.4063367684919873, 0.9123451133323472
-0.05729023420552808, 0.3737737819945647, 0.924419765923741
-0.09528733996323065, 0.34038980536704033, 0.9343126532686122
-0.13297050106395258, 0.3056933702810047, 0.9407177078767732
-0.17065366216467465, 0.27099693519496904, 0.947122762484934
-0.207229962806146, 0.23460695569301834, 0.9475223294580735
-0.24373261998800633, 0.1981042985100194, 0.9475223294556314
-0.27967104396794173, 0.161232871890132, 0.9455214988374008
-0.31436747905246887, 0.12354971078879504, 0.9391164442246862
-0.34906391413699617, 0.0858665496874579, 0.9327113896119716
-0.3819145286200234, 0.047741861838052346, 0.9214011027784982
-0.4144775151165653, 0.009548372367610082, 0.9093264501850191
-0.3981960218676345, -0.02864511710276112, 0.9153637764801945
-0.3656330353702116, -0.06683860657311151, 0.9274384290715887
-0.33171569659553374, -0.10470813023840672, 0.9359139169206525
-0.2970192615094979, -0.14239129133912826, 0.9423189715288135
-0.2619839485802698, -0.17985296991974536, 0.9475223294599053
-0.22548129139727024, -0.21635562710160572, 0.9475223294574637
-0.18897863421427072, -0.252858284283466, 0.9475223294550222
-0.15181208161479876, -0.2883451527390678, 0.9439202351842237
-0.1141289205134616, -0.3230415878235946, 0.9375151805715094
-0.07638697894088466, -0.35749228874761074, 0.9304570922236098
-0.038193489470441794, -0.3900552752441527, 0.918382439630131
7.494005416219807e-16, -0.4226182617406943, 0.9063077870366523
6.982150666838977e-17, -0.42261826174069383, 0.9063077870366526
0.038193489470349735, -0.39005527524327194, 0.9183824396280461
0.07638697894070041, -0.3574922887458492, 0.9304570922194398
0.11412892051358853, -0.3230415878240185, 0.9375151805726948
0.15181208161431048, -0.2883451527379828, 0.9439202351808554
0.18897863421521255, -0.2528582842845139, 0.9475223294592963
0.22548129139707296, -0.21635562710151476, 0.9475223294568543
0.26198394857893337, -0.17985296991851568, 0.9475223294544125
0.297019261510202, -0.14239129133945935, 0.9423189715310452
0.3317156965947292, -0.10470813023812241, 0.9359139169183306
0.36563303537174907, -0.0668386065732696, 0.9274384290752392
0.3981960218682911, -0.028645117102827255, 0.9153637764817604
0.41447751511633646, 0.009548372367589663, 0.9093264501845018
0.381914528618914, 0.0477418618379407, 0.921401102775895
0.3490639141385432, 0.08586654968805064, 0.9327113896165744
0.3143674790525078, 0.12354971078877285, 0.9391164442247348
0.27967104396647235, 0.16123287188949514, 0.9455214988328953
0.24373261998876278, 0.19810429851068218, 0.947522329458685
0.20722996280576408, 0.23460695569254275, 0.9475223294562427
0.1706536621654614, 0.2709969351968118, 0.9471227624905799
0.13297050106412484, 0.305693370281339, 0.940717707877865
0.0952873399627881, 0.3403898053658664, 0.9343126532651499
0.057290234205659304, 0.37377378199589006, 0.9244197659268671
0.0190967447352171, 0.4063367684924325, 0.912345113333388
-0.019096744735177282, 0.4063367684919874, 0.9123451133323471
-0.057290234205527965, 0.3737737819945648, 0.924419765923741
-0.0952873399632306, 0.34038980536704033, 0.9343126532686123
-0.13297050106395258, 0.30569337028100474, 0.9407177078767732
-0.1706536621646747, 0.27099693519496904, 0.9471227624849341
-0.20722996280614586, 0.23460695569301848, 0.9475223294580735
-0.24373261998800622, 0.19810429851001948, 0.9475223294556314
-0.2796710439679417, 0.16123287189013197, 0.9455214988374007
-0.31436747905246887, 0.12354971078879504, 0.9391164442246862
-0.34906391413699606, 0.08586654968745802, 0.9327113896119716
-0.3819145286200234, 0.04774186183805236, 0.9214011027784982
-0.4144775151165653, 0.009548372367610039, 0.9093264501850191
-0.3981960218676346, -0.028645117102761, 0.9153637764801945
-0.36563303537021163, -0.06683860657311146, 0.9274384290715887
-0.3317156965955339, -0.1047081302384065, 0.9359139169206524
-0.29701926150949787, -0.1423912913391283, 0.9423189715288135
-0.2619839485802698, -0.17985296991974536, 0.9475223294599053
-0.22548129139727024, -0.21635562710160572, 0.9475223294574637
-0.188978634214271, -0.2528582842834658, 0.9475223294550222
-0.15181208161479873, -0.2883451527390678, 0.9439202351842237
-0.1141289205134616, -0.32304158782359454, 0.9375151805715094
-0.07638697894088464, -0.3574922887476107, 0.9304570922236098
-0.03819348947044179, -0.3900552752441526, 0.918382439630131
7.494005416219807e-16, -0.4226182617406943, 0.9063077870366523
6.982150666838977e-17, -0.42261826174069383, 0.9063077870366526
0.03819348947034975, -0.39005527524327194, 0.9183824396280461
0.07638697894070044, -0.35749228874584915, 0.9304570922194398
0.11412892051358853, -0.3230415878240185, 0.9375151805726948
0.15181208161431053, -0.28834515273798267, 0.9439202351808554
0.18897863421521258, -0.25285828428451385, 0.9475223294592963
0.22548129139707296, -0.21635562710151476, 0.9475223294568543
0.26198394857893337, -0.17985296991851565, 0.9475223294544124
0.2970192615102021, -0.14239129133945932, 0.9423189715310452
0.33171569659472927, -0.10470813023812238, 0.9359139169183305
0.36563303537174907, -0.06683860657326955, 0.9274384290752392
0.3981960218682911, -0.028645117102827237, 0.9153637764817604
0.4144775151163365, 0.009548372367589632, 0.9093264501845016
0.38191452861891395, 0.04774186183794073, 0.921401102775895
0.34906391413854315, 0.08586654968805066, 0.9327113896165744
0.3143674790525077, 0.12354971078877297, 0.9391164442247348
0.27967104396647224, 0.1612328718894953, 0.9455214988328953
0.24373261998876267, 0.1981042985106823, 0.947522329458685
0.2072299628057639, 0.23460695569254295, 0.9475223294562428
0.17065366216546124, 0.2709969351968119, 0.9471227624905798
0.13297050106412459, 0.3056933702813393, 0.9407177078778649
0.09528733996278786, 0.3403898053658666, 0.9343126532651498
0.057290234205658944, 0.3737737819958904, 0.9244197659268671
0.019096744735216872, 0.4063367684924327, 0.912345113333388
-0.01909674473517763, 0.40633676849198713, 0.9123451133323472
-0.05729023420552834, 0.3737737819945645, 0.9244197659237412
-0.09528733996323091, 0.3403898053670401, 0.9343126532686123
-0.13297050106395297, 0.3056933702810044, 0.9407177078767732
-0.17065366216467495, 0.2709969351949688, 0.9471227624849341
-0.20722996280614617, 0.23460695569301818, 0.9475223294580735
-0.24373261998800672, 0.19810429851001898, 0.9475223294556314
-0.279671043967942, 0.1612328718901316, 0.9455214988374007
-0.3143674790524692, 0.12354971078879465, 0.9391164442246861
-0.34906391413699633, 0.08586654968745769, 0.9327113896119714
-0.3819145286200235, 0.047741861838052194, 0.9214011027784981
-0.4144775151165655, 0.009548372367609801, 0.9093264501850191
-0.39819602186763414, -0.02864511710276146, 0.9153637764801947
-0.3656330353702113, -0.0668386065731118, 0.9274384290715888
-0.3317156965955336, -0.10470813023840685, 0.9359139169206525
-0.29701926150949765, -0.1423912913391286, 0.9423189715288136
-0.2619839485802695, -0.17985296991974567, 0.9475223294599053
-0.22548129139727, -0.216355627101606, 0.9475223294574638
-0.18897863421427077, -0.252858284283466, 0.9475223294550223
-0.15181208161479878, -0.2883451527390678, 0.9439202351842237
-0.11412892051346132, -0.3230415878235949, 0.9375151805715094
-0.07638697894088434, -0.35749228874761096, 0.9304570922236097
-0.038193489470442106, -0.39005527524415234, 0.9183824396301311
7.494005416219807e-16, -0.4226182617406943, 0.9063077870366523
6.982150666838977e-17, -0.42261826174069383, 0.9063077870366526
0.03819348947034971, -0.39005527524327194, 0.918382439628046
0.07638697894070037, -0.35749228874584926, 0.9304570922194397
0.11412892051358846, -0.3230415878240185, 0.9375151805726948
0.15181208161431037, -0.2883451527379828, 0.9439202351808554
0.18897863421521244, -0.25285828428451396, 0.9475223294592963
0.22548129139707285, -0.2163556271015149, 0.9475223294568543
0.26198394857893315, -0.17985296991851588, 0.9475223294544125
0.2970192615102019, -0.1423912913394595, 0.9423189715310453
0.3317156965947291, -0.10470813023812255, 0.9359139169183306
0.3656330353717489, -0.06683860657326977, 0.9274384290752393
0.39819602186829095, -0.028645117102827425, 0.9153637764817604
0.4144775151163359, 0.009548372367590437, 0.9093264501845018
0.38191452861891345, 0.04774186183794135, 0.9214011027758953
0.3490639141385427, 0.08586654968805116, 0.9327113896165744
0.3143674790525072, 0.1235497107887735, 0.9391164442247351
0.2796710439664718, 0.16123287188949573, 0.9455214988328955
0.2437326199887624, 0.1981042985106826, 0.947522329458685
0.2072299628057635, 0.2346069556925433, 0.9475223294562428
0.17065366216546096, 0.2709969351968121, 0.9471227624905798
0.13297050106412436, 0.30569337028133947, 0.9407177078778648
0.09528733996278768, 0.3403898053658668, 0.9343126532651498
0.0572902342056588, 0.3737737819958905, 0.9244197659268671
0.01909674473521686, 0.4063367684924327, 0.912345113333388
-0.01909674473517775, 0.40633676849198697, 0.9123451133323472
-0.05729023420552839, 0.37377378199456446, 0.9244197659237412
-0.09528733996323083, 0.3403898053670401, 0.9343126532686123
-0.13297050106395286, 0.3056933702810045, 0.9407177078767732
-0.1706536621646747, 0.270996935194969, 0.947122762484934
-0.20722996280614606, 0.23460695569301834, 0.9475223294580735
-0.2437326199880065, 0.19810429851001926, 0.9475223294556314
-0.2796710439679418, 0.16123287189013194, 0.9455214988374008
-0.31436747905246887, 0.123549710788795, 0.9391164442246862
-0.34906391413699606, 0.08586654968745794, 0.9327113896119714
-0.3819145286200233, 0.047741861838052464, 0.9214011027784983
-0.4144775151165653, 0.009548372367610082, 0.9093264501850191
-0.39819602186763436, -0.028645117102761235, 0.9153637764801946
-0.3656330353702117, -0.06683860657311139, 0.9274384290715887
-0.33171569659553385, -0.10470813023840653, 0.9359139169206524
-0.2970192615094981, -0.1423912913391281, 0.9423189715288135
-0.26198394858026974, -0.1798529699197454, 0.9475223294599053
-0.22548129139727022, -0.21635562710160577, 0.9475223294574637
-0.188978634214271, -0.2528582842834658, 0.9475223294550222
-0.15181208161479873, -0.2883451527390678, 0.9439202351842237
-0.11412892051346157, -0.32304158782359454, 0.9375151805715094
-0.07638697894088463, -0.3574922887476107, 0.9304570922236098
-0.03819348947044211, -0.39005527524415234, 0.9183824396301311
7.494005416219807e-16, -0.4226182617406943, 0.9063077870366523
6.982150666838977e-17, -0.42261826174069383, 0.9063077870366526
0.038193489470349756, -0.39005527524327194, 0.9183824396280461
0.07638697894070046, -0.35749228874584915, 0.9304570922194398
0.11412892051358858, -0.3230415878240185, 0.9375151805726948
0.15181208161431056, -0.28834515273798267, 0.9439202351808554
0.18897863421521263, -0.2528582842845138, 0.9475223294592963
0.22548129139707307, -0.21635562710151465, 0.9475223294568543
0.26198394857893337, -0.17985296991851563, 0.9475223294544125
0.2970192615102022, -0.14239129133945921, 0.9423189715310452
0.3317156965947293, -0.10470813023812223, 0.9359139169183305
0.3656330353717491, -0.06683860657326941, 0.9274384290752392
0.39819602186829123, -0.02864511710282708, 0.9153637764817603
0.4144775151163367, 0.009548372367589524, 0.9093264501845016
0.3819145286189142, 0.04774186183794054, 0.921401102775895
0.3490639141385433, 0.08586654968805046, 0.9327113896165744
0.3143674790525079, 0.12354971078877278, 0.9391164442247348
0.2796710439664724, 0.1612328718894951, 0.9455214988328954
0.2437326199887629, 0.19810429851068206, 0.947522329458685
0.20722996280576406, 0.23460695569254275, 0.9475223294562428
0.17065366216546143, 0.2709969351968117, 0.9471227624905799
0.13297050106412478, 0.305693370281339, 0.9407177078778649
0.09528733996278807, 0.3403898053658664, 0.9343126532651498
0.057290234205659096, 0.3737737819958903, 0.9244197659268671
0.019096744735217115, 0.4063367684924325, 0.912345113333388
-0.0190967447351775, 0.4063367684919872, 0.9123451133323472
-0.0572902342055282, 0.3737737819945645, 0.924419765923741
-0.09528733996323058, 0.34038980536704033, 0.9343126532686122
-0.1329705010639527, 0.30569337028100463, 0.9407177078767732
-0.17065366216467465, 0.27099693519496904, 0.947122762484934
-0.20722996280614597, 0.23460695569301843, 0.9475223294580735
-0.24373261998800627, 0.19810429851001948, 0.9475223294556314
-0.2796710439679417, 0.1612328718901321, 0.945521498837401
-0.31436747905246887, 0.12354971078879504, 0.9391164442246861
-0.349063914136996, 0.08586654968745802, 0.9327113896119714
-0.3819145286200233, 0.047741861838052485, 0.9214011027784982
-0.41447751511656516, 0.009548372367610206, 0.9093264501850191
-0.3981960218676346, -0.028645117102761, 0.9153637764801945
-0.3656330353702116, -0.06683860657311151, 0.9274384290715887
-0.33171569659553385, -0.10470813023840658, 0.9359139169206524
-0.2970192615094979, -0.14239129133912826, 0.9423189715288135
-0.2619839485802698, -0.17985296991974536, 0.9475223294599053
-0.22548129139727024, -0.21635562710160572, 0.9475223294574637
-0.18897863421427102, -0.25285828428346574, 0.9475223294550222
-0.15181208161479873, -0.2883451527390678, 0.9439202351842237
-0.11412892051346131, -0.3230415878235949, 0.9375151805715094
-0.07638697894088464, -0.3574922887476107, 0.9304570922236098
-0.03819348947044211, -0.39005527524415234, 0.9183824396301311
7.494005416219807e-16, -0.4226182617406943, 0.9063077870366523
6.982150666838977e-17, -0.42261826174069383, 0.9063077870366526
0.03819348947034975, -0.39005527524327194, 0.9183824396280461
0.07638697894070043, -0.3574922887458492, 0.9304570922194398
0.11412892051358854, -0.3230415878240185, 0.9375151805726948
0.15181208161431053, -0.2883451527379827, 0.9439202351808554
0.18897863421521252, -0.25285828428451385, 0.9475223294592962
0.22548129139707296, -0.21635562710151468, 0.9475223294568542
0.2619839485789333, -0.17985296991851557, 0.9475223294544123
0.2970192615102021, -0.14239129133945927, 0.9423189715310452
0.3317156965947292, -0.10470813023812238, 0.9359139169183305
0.36563303537174907, -0.06683860657326954, 0.9274384290752392
0.39819602186829123, -0.028645117102827126, 0.9153637764817604
0.41447751511633646, 0.009548372367589724, 0.9093264501845018
0.38191452861891406, 0.04774186183794066, 0.921401102775895
0.3490639141385431, 0.08586654968805067, 0.9327113896165744
0.31436747905250784, 0.12354971078877285, 0.9391164442247348
0.27967104396647235, 0.16123287188949517, 0.9455214988328954
0.24373261998876286, 0.19810429851068206, 0.947522329458685
0.20722996280576417, 0.2346069556925427, 0.9475223294562428
0.17065366216546146, 0.2709969351968117, 0.94712276249058
0.13297050106412486, 0.305693370281339, 0.9407177078778648
0.09528733996278818, 0.3403898053658663, 0.9343126532651498
0.05729023420565914, 0.37377378199589023, 0.9244197659268671
0.019096744735217268, 0.4063367684924324, 0.912345113333388
-0.019096744735177328, 0.40633676849198735, 0.9123451133323471
-0.057290234205528014, 0.3737737819945647, 0.924419765923741
-0.09528733996323029, 0.3403898053670406, 0.9343126532686123
-0.13297050106395245, 0.30569337028100485, 0.940717707876773
-0.17065366216467448, 0.27099693519496926, 0.9471227624849339
-0.2072299628061457, 0.23460695569301868, 0.9475223294580735
-0.24373261998800594, 0.19810429851001982, 0.9475223294556314
-0.27967104396794135, 0.16123287189013247, 0.945521498837401
-0.31436747905246853, 0.12354971078879538, 0.9391164442246862
-0.34906391413699567, 0.08586654968745842, 0.9327113896119715
-0.38191452862002295, 0.04774186183805291, 0.9214011027784984
-0.4144775151165648, 0.009548372367610691, 0.9093264501850192
-0.39819602186763503, -0.028645117102760458, 0.9153637764801943
-0.36563303537021197, -0.06683860657311107, 0.9274384290715886
-0.3317156965955343, -0.10470813023840608, 0.9359139169206523
-0.29701926150949837, -0.14239129133912776, 0.9423189715288134
-0.2619839485802703, -0.17985296991974487, 0.9475223294599053
-0.2254812913972708, -0.21635562710160516, 0.9475223294574637
-0.18897863421427158, -0.2528582842834652, 0.9475223294550222
-0.15181208161479934, -0.2883451527390673, 0.943920235184224
-0.11412892051346189, -0.32304158782359427, 0.9375151805715095
-0.07638697894088528, -0.35749228874761013, 0.9304570922236101
-0.038193489470442744, -0.39005527524415184, 0.9183824396301314
1.1102230246251565e-16, -0.42261826174069383, 0.9063077870366526
6.982150666838977e-17, -0.42261826174069383, 0.9063077870366526
0.03819348947034975, -0.39005527524327194, 0.9183824396280461
0.07638697894070043, -0.3574922887458492, 0.9304570922194398
0.11412892051358854, -0.32304158782401843, 0.9375151805726948
0.15181208161431053, -0.2883451527379827, 0.9439202351808554
0.18897863421521255, -0.25285828428451385, 0.9475223294592963
0.22548129139707299, -0.21635562710151474, 0.9475223294568543
0.26198394857893337, -0.17985296991851563, 0.9475223294544125
0.29701926151020214, -0.1423912913394593, 0.9423189715310452
0.3317156965947292, -0.1047081302381224, 0.9359139169183306
0.365633035371749, -0.06683860657326955, 0.9274384290752392
0.39819602186829123, -0.028645117102827137, 0.9153637764817603
0.4144775151163367, 0.009548372367589424, 0.9093264501845016
0.3819145286189143, 0.04774186183794039, 0.921401102775895
0.3490639141385433, 0.08586654968805042, 0.9327113896165744
0.314367479052508, 0.12354971078877264, 0.9391164442247348
0.27967104396647247, 0.161232871889495, 0.9455214988328954
0.24373261998876303, 0.19810429851068195, 0.947522329458685
0.20722996280576428, 0.23460695569254253, 0.9475223294562428
0.17065366216546157, 0.2709969351968116, 0.9471227624905798
0.13297050106412495, 0.3056933702813389, 0.9407177078778649
0.09528733996278824, 0.34038980536586627, 0.9343126532651498
0.05729023420565918, 0.37377378199589023, 0.9244197659268671
0.01909674473521728, 0.4063367684924324, 0.912345113333388
-0.01909674473517734, 0.40633676849198735, 0.9123451133323471
-0.057290234205528055, 0.3737737819945647, 0.924419765923741
-0.09528733996323036, 0.34038980536704055, 0.9343126532686122
-0.13297050106395253, 0.30569337028100474, 0.9407177078767731
-0.1706536621646746, 0.27099693519496915, 0.947122762484934
-0.20722996280614586, 0.23460695569301854, 0.9475223294580735
-0.2437326199880061, 0.19810429851001965, 0.9475223294556314
-0.2796710439679415, 0.16123287189013227, 0.945521498837401
-0.31436747905246876, 0.12354971078879513, 0.9391164442246861
-0.3490639141369959, 0.08586654968745817, 0.9327113896119714
-0.38191452862002323, 0.04774186183805262, 0.9214011027784983
-0.414477515116565, 0.009548372367610372, 0.9093264501850192
-0.3981960218676347, -0.028645117102760805, 0.9153637764801945
-0.36563303537021163, -0.06683860657311144, 0.9274384290715887
-0.3317156965955339, -0.10470813023840649, 0.9359139169206524
-0.297019261509498, -0.1423912913391282, 0.9423189715288135
-0.2619839485802699, -0.17985296991974525, 0.9475223294599053
-0.22548129139727036, -0.21635562710160566, 0.9475223294574638
-0.18897863421427114, -0.2528582842834657, 0.9475223294550223
-0.15181208161479884, -0.28834515273906774, 0.9439202351842239
-0.11412892051346134, -0.3230415878235949, 0.9375151805715094
-0.07638697894088467, -0.3574922887476107, 0.9304570922236098
-0.03819348947044213, -0.39005527524415234, 0.9183824396301311
7.494005416219807e-16, -0.4226182617406943, 0.9063077870366523
6.982150666838977e-17, -0.42261826174069383, 0.9063077870366526
0.038193489470349735, -0.39005527524327194, 0.918382439628046
0.07638697894070041, -0.35749228874584915, 0.9304570922194397
0.11412892051358853, -0.32304158782401843, 0.9375151805726947
0.15181208161431053, -0.28834515273798267, 0.9439202351808554
0.18897863421521255, -0.25285828428451385, 0.9475223294592962
0.22548129139707296, -0.21635562710151468, 0.9475223294568542
0.2619839485789333, -0.17985296991851557, 0.9475223294544123
0.2970192615102021, -0.14239129133945927, 0.9423189715310452
0.3317156965947292, -0.10470813023812238, 0.9359139169183305
0.36563303537174907, -0.06683860657326957, 0.9274384290752392
0.39819602186829123, -0.02864511710282716, 0.9153637764817604
0.41447751511633646, 0.009548372367589764, 0.9093264501845018
0.38191452861891395, 0.04774186183794071, 0.921401102775895
0.3490639141385431, 0.08586654968805069, 0.9327113896165744
0.3143674790525078, 0.12354971078877286, 0.9391164442247348
0.2796710439664723, 0.16123287188949517, 0.9455214988328953
0.24373261998876286, 0.19810429851068212, 0.947522329458685
0.20722996280576414, 0.2346069556925427, 0.9475223294562428
0.17065366216546146, 0.2709969351968117, 0.9471227624905798
0.1329705010641249, 0.3056933702813389, 0.9407177078778648
0.09528733996278818, 0.3403898053658663, 0.9343126532651498
0.05729023420565929, 0.3737737819958901, 0.9244197659268671
0.019096744735217268, 0.4063367684924324, 0.912345113333388
-0.019096744735177265, 0.4063367684919874, 0.9123451133323471
-0.057290234205527896, 0.37377378199456485, 0.924419765923741
-0.09528733996323036, 0.34038980536704055, 0.9343126532686123
-0.13297050106395236, 0.30569337028100496, 0.9407177078767732
-0.17065366216467448, 0.2709969351949692, 0.9471227624849341
-0.20722996280614575, 0.23460695569301862, 0.9475223294580735
-0.243732619988006, 0.19810429851001973, 0.9475223294556314
-0.2796710439679414, 0.16123287189013236, 0.9455214988374008
-0.31436747905246853, 0.12354971078879538, 0.9391164442246862
-0.3490639141369958, 0.08586654968745833, 0.9327113896119716
-0.38191452862002306, 0.04774186183805279, 0.9214011027784983
-0.41447751511656483, 0.009548372367610579, 0.9093264501850193
-0.3981960218676349, -0.028645117102760582, 0.9153637764801945
-0.36563303537021197, -0.06683860657311107, 0.9274384290715886
-0.3317156965955341, -0.10470813023840622, 0.9359139169206524
-0.29701926150949837, -0.14239129133912776, 0.9423189715288134
-0.2619839485802703, -0.17985296991974487, 0.9475223294599053
-0.22548129139727083, -0.21635562710160516, 0.9475223294574638
-0.18897863421427138, -0.25285828428346546, 0.9475223294550223
-0.15181208161479937, -0.28834515273906725, 0.943920235184224
-0.1141289205134622, -0.323041587823594, 0.9375151805715096
-0.07638697894088528, -0.35749228874761013, 0.9304570922236101
-0.038193489470442425, -0.3900552752441521, 0.9183824396301313
1.1102230246251565e-16, -0.42261826174069383, 0.9063077870366526
