-2.2560709267376876e-16, -0.16614297813328452, 0.9861016736711297
0.0344979806921724, -0.15078072167747464, 0.9840070318526162
0.06909265792317712, -0.1293032841882003, 0.9819812415192987
0.10132210426652186, -0.10152784006926703, 0.9805088807379353
0.13068984941513556, -0.0717138269975309, 0.9791567042573354
0.15865654348376082, -0.043620200293379596, 0.9772365112984089
0.18196400813640973, -0.015716024435649983, 0.9752434307467768
0.19800814778620215, 0.010461878979675068, 0.9735734380896763
0.208013142539898, 0.03215898935035229, 0.9719578649591605
0.21424963611351072, 0.048494750972300604, 0.9701388465025778
0.2132068019433404, 0.05864964214698932, 0.9686055809617422
0.2049454089811505, 0.061036499499873546, 0.9670397706714302
0.1919461389773572, 0.0566529537986693, 0.9650152326295719
0.17461810440329248, 0.047357436997193525, 0.9628578208932799
0.1509133938111598, 0.031385627744467265, 0.9613634157701205
0.1221663802489441, 0.007926958058784461, 0.9603835421523481
0.09932270446338516, -0.02755960549690209, 0.9586985326789415
0.08532962444830672, -0.07434697116203358, 0.9564128095745303
0.06640045383665526, -0.11716716610359512, 0.9544063642302569
0.042716448178535565, -0.15443740376494206, 0.9530062178274536
0.01506791391509064, -0.18584564975534418, 0.951919822704657
-0.01582130945675357, -0.21253211561717142, 0.9502107289492904
-0.04946114898297228, -0.23401252141786888, 0.9477806200872945
-0.08484502169891109, -0.24772682271448554, 0.9456021119938576
-0.12046535580900299, -0.25229457023910906, 0.9441879810321039
-0.15519173833871974, -0.2480537404160969, 0.9432842645735406
-0.196786326637123, -0.22921285863628652, 0.9416806226828278
-0.2410230955951142, -0.1988193412354112, 0.9389782812009568
-0.27892323727956414, -0.15939542629780623, 0.9366340579657647
-0.30773657943044924, -0.11240746564801707, 0.9352932711412297
-0.32740789472485426, -0.060840899843491156, 0.9345457187007168
-0.339253448924479, -0.00602645081182559, 0.9331892959596243
-0.3440739227269197, 0.051182855129256466, 0.9305489544958716
-0.3391772792854931, 0.10892438984220586, 0.9279797812648188
-0.32327930750628986, 0.16478928966154852, 0.9263659856389546
-0.2960864597671475, 0.2164499939563278, 0.9258126736348524
-0.2605989199770405, 0.26378065461586664, 0.9249116454037184
-0.22027134362582138, 0.3083243199023544, 0.9221528606523831
-0.17360682420704002, 0.3469305271089892, 0.9191648566629089
-0.11985844853258736, 0.3755007859069497, 0.9174302186863603
-0.061071285318309014, 0.39189149474393153, 0.917143795132878
0.0, 0.3997598880949637, 0.9166198949784486
0.0, 0.3997598880949637, 0.9166198949784486
0.06285881333812689, 0.4006115422276489, 0.9137164943026166
0.1268624862389242, 0.3918874371095517, 0.9105254173829894
0.18881600338261087, 0.3688934791044749, 0.9088985627025321
0.24598495477036836, 0.3329084919910028, 0.9085911122473475
0.29829339721046577, 0.28745207443789744, 0.9077491507182386
0.3461648420463423, 0.23524502253199106, 0.9050982491952844
0.38490119828010066, 0.17456299970152664, 0.9024476721353107
0.4102166567956978, 0.10572986705442829, 0.9008225872138387
0.4218058645049819, 0.03157369437086524, 0.8996097196055841
0.419656344508039, -0.04474179327393053, 0.8986652553659029
0.4054213003261937, -0.12020633256759847, 0.8970118996639994
0.3779047508197123, -0.19274049208323954, 0.894506911563131
0.3361080858309755, -0.2602336618424643, 0.891876490062367
0.27970509611853706, -0.31781179277047306, 0.8906446407162029
0.21177259670532494, -0.36185197461030316, 0.8905613338079055
0.15519172572403903, -0.37770396481118673, 0.8891046663167022
0.12046535216231515, -0.359436078709047, 0.8866221586555462
0.08484502434683706, -0.3287582238479657, 0.8846500621093922
0.04946115052251465, -0.2853324113221382, 0.8834423450658134
0.015821309610844984, -0.23053909709245962, 0.8824862307136665
-0.015067913768336893, -0.1669383196141751, 0.880809097140292
-0.04271644684893072, -0.09501437470552791, 0.8785092689163385
-0.06640045176436528, -0.013627044066070543, 0.876523190173328
-0.08532962703137718, 0.0769116335650914, 0.8751434087206195
-0.09932271253678066, 0.17501888132119164, 0.874042907545339
-0.1481425735963822, 0.2378347536740173, 0.8717767885340898
-0.22551442281279754, 0.2608710837216516, 0.8681485416337993
-0.29778556353639263, 0.2645475129201549, 0.866456892536159
-0.3615193840462013, 0.2507911243112275, 0.8664481765186828
-0.4177093894926997, 0.22294222487801138, 0.8646748208671262
-0.46245581061699154, 0.1786671974256829, 0.8615811047966268
-0.4906300905632863, 0.1182161840282218, 0.8601326758800015
-0.5010509414672523, 0.04533627509152094, 0.8599343908670349
-0.49731488553259007, -0.037010681573083015, 0.8573987205203668
-0.4740881722165693, -0.12535393610500067, 0.85440933672766
-0.4300568823587582, -0.2140545443979491, 0.8536666736825429
-0.3685411318859454, -0.29911793023930444, 0.8537105132091066
-0.2939720767503552, -0.37972604887455386, 0.850469047959857
-0.2056715796317818, -0.4488438961998575, 0.8473375288094257
-0.10599893410760325, -0.499581365042432, 0.8469151017428995
0.0, -0.5311681118253925, 0.8472664498136624
0.0, 0.5311681118253933, 0.847266449813662
0.10684092516677725, 0.5244540123294665, 0.8435300674684993
0.20899338045268712, 0.4970870831094142, 0.8405665369984702
0.30130012473676404, 0.4476955290771689, 0.8403135430826039
0.38128695389527967, 0.3814434826533731, 0.8401701459362644
0.44936185341364887, 0.30433973284503907, 0.8367470401306134
0.5005514130748511, 0.21675017396793245, 0.834100567212842
0.5311777069685725, 0.12139081444145053, 0.8337006552360084
0.5424294288604897, 0.022962999182711556, 0.8328530458365736
0.5394343937230742, -0.07500615483531721, 0.8296663293410917
0.5180023692042053, -0.16902456845181751, 0.8277403903103293
0.47832444296288457, -0.2547629031266287, 0.8274436708620172
0.4252486345514437, -0.33112767917017066, 0.8258236135177093
0.36291987920074487, -0.3987270032697287, 0.8224497036829244
0.2902947607022848, -0.4520945521081204, 0.820755636989129
0.21029630182883724, -0.48775031064127267, 0.8210135510432719
0.15582724102475026, -0.4847157874210405, 0.8198908278265755
0.1332319376462383, -0.4450437214759243, 0.8175929216287394
0.10332973790671243, -0.40749175763904266, 0.8155901541693047
0.06649392093141061, -0.3704309219482503, 0.8141892305697992
0.0235026070474976, -0.33277769003345337, 0.8131218938966233
-0.024677736321992542, -0.294162699064451, 0.8114146637195792
-0.07699295668839402, -0.25360423683765737, 0.8089665130871957
-0.13203243704751125, -0.20933801646461395, 0.8067911840525597
-0.18809215665379245, -0.16027981971371805, 0.8053744066649549
-0.24348009872935736, -0.10619747411320721, 0.804492040116036
-0.3195057274331218, -0.07133499670359295, 0.802571738502486
-0.404638653286876, -0.0509763415921245, 0.7992440419991285
-0.4763975104824466, -0.02876834296312228, 0.7970917606956351
-0.5319173238206693, -0.0014062062337164977, 0.7963308628871384
-0.570735293900309, 0.033422658790723585, 0.7954724138481795
-0.5918507705062265, 0.07463395005060368, 0.793759082584075
-0.5953324943391314, 0.12206198846973769, 0.7912849275879117
-0.5809032185544017, 0.17600469286390932, 0.789112005210857
-0.5493780702454194, 0.23528345177138413, 0.7873427525617883
-0.5005339580257248, 0.2978998074531484, 0.7866304555340865
-0.43728928926553856, 0.3626013680139857, 0.7859278388953737
-0.363883959825785, 0.42860297951687854, 0.7833427052910603
-0.2816380484426143, 0.4920533786703031, 0.7802621410857111
-0.19163764198000002, 0.5488547949937777, 0.7784910629688828
-0.09653843651513729, 0.5942943000953588, 0.7783151308930372
1.3877787807814457e-17, 0.6284068269652113, 0.7778848628322285
0.0, 0.6284068269652122, 0.7778848628322278
0.09737450182305289, 0.5901944922650927, 0.7749606836105376
0.1949091954178591, 0.5412408079617854, 0.7718232823916306
0.28885074223666796, 0.48173727612107275, 0.7701867569232271
0.37619854708360073, 0.41690062214067625, 0.7698079273300295
0.45499836659780574, 0.35154371145087376, 0.7691757184274992
0.5238752460023732, 0.28929171089767264, 0.7666270629140891
0.5785203733978812, 0.23089575003374452, 0.7638053263823028
0.6147573948509335, 0.1777370463226751, 0.762067746961439
0.6316614636322111, 0.13146974253504884, 0.7611673966790874
0.6290868689686295, 0.09300323534961846, 0.7604200996407928
0.6073183737175762, 0.061917043852613055, 0.7584451506428007
0.5649515581434054, 0.03714081233362779, 0.7558023948950605
0.5026414156329353, 0.01861706721694112, 0.7536409895434588
0.42190791587616117, 0.004653442200860225, 0.7525695067408377
0.32568114147700195, -0.00837727766357732, 0.7520326055380311
0.2434800641011729, -0.04501276012708566, 0.7503023271856966
0.18809214726527812, -0.10971746501159055, 0.7477978396704689
0.1320324428807996, -0.17109760188507714, 0.745827755724698
0.07699296107847572, -0.22938531725049052, 0.7446162272299643
0.024677737399872682, -0.28566484517426954, 0.7436775245093435
-0.023502606020945133, -0.34170043839011416, 0.7419978929578224
-0.06649391713997656, -0.39847388609952816, 0.7396783759811436
-0.10332973334153045, -0.4563545143596952, 0.7376924420400491
-0.1332319442964363, -0.5164258579982832, 0.7363083493402819
-0.15582726318678872, -0.5803168704738884, 0.7352194006178976
-0.22100036508123655, -0.5968770222229516, 0.7334124112351926
-0.323599857526073, -0.5593805263451809, 0.7307404654869594
-0.4194454590678526, -0.5007878133622682, 0.7288634011822933
-0.5050818192321299, -0.42428290252903217, 0.7278797756953337
-0.5780969857797021, -0.33247484886652473, 0.726460258479696
-0.6334345650891849, -0.2259693785568839, 0.7243896376893503
-0.6686046840274834, -0.10845605139293349, 0.7225817605329136
-0.6820788551230941, 0.015816712544871797, 0.721295381778705
-0.6727271985430093, 0.14270182684193283, 0.7193759085684601
-0.6367099256625223, 0.26696320774722354, 0.7174142329047176
-0.5768678446757294, 0.3839541340503558, 0.7161320137593548
-0.4951979241098357, 0.4896887560160184, 0.7149733774879523
-0.3926618674572218, 0.5783639782111003, 0.7126917818159709
-0.2727892628960649, 0.6455572174953045, 0.7105446273536047
-0.140282936784994, 0.6884495466159904, 0.7093523759088763
0.0, 0.705805863817819, 0.7084053095512359
-8.862673362585434e-16, -0.7058058638178181, 0.7084053095512369
0.1416841079396707, -0.6915862185585725, 0.7060109390546839
0.2781766670252397, -0.6505158075885509, 0.7039593050743777
0.4041734496899264, -0.5831037847132434, 0.702771459522441
0.5141006544916606, -0.49124224832829577, 0.7015570490238514
0.6029125156153987, -0.37843573030630945, 0.6993051537816912
0.6684512817088993, -0.25044264998092536, 0.6974133756706842
0.7077037253341925, -0.11165175516747676, 0.6961745288210134
0.7159113437165256, 0.03265182309675694, 0.6947404910696728
0.696141708740008, 0.17608577251872765, 0.6926384803187483
0.6488708747171745, 0.3132799231726865, 0.6908674493047042
0.5743853547053394, 0.43824554141056216, 0.6895361304334389
0.47476561837533815, 0.544720343683404, 0.6879556281163285
0.35673748992138976, 0.6307473450832525, 0.686010917623731
0.22385144305267596, 0.6923608401758832, 0.6843215254030874
0.08038616978560137, 0.7232889933106946, 0.6828619492465968
0.0, 0.6638176956111987, 0.6812630459560477
0.0, 0.5173800968049627, 0.6795666544813486
0.0, 0.37032681533419953, 0.6778702630066495
0.0, 0.22265785119890913, 0.6761738715319505
0.0, 0.07437320439909181, 0.6744774800572514
0.0, -0.07452712506525275, 0.6727810885825523
0.0, -0.2240431371941236, 0.6710846971078532
0.0, -0.37417483198752216, 0.6693883056331542
0.0, -0.5249222094454475, 0.6676919141584551
0.0, -0.6762852695679, 0.665995522683756
-0.08194987493069739, -0.7400266582624595, 0.6644118151449552
-0.22953601061999435, -0.7109608525702171, 0.6630472666375139
-0.3675781913156885, -0.6504522483574534, 0.6613433226513199
-0.4916875656702839, -0.5645736762075438, 0.6593190240520367
-0.5971959073678625, -0.4561442984327192, 0.6577429938204872
-0.6769395137372594, -0.3272368835106594, 0.6565013432600704
-0.7295710468699813, -0.18480031514548048, 0.6547023965918082
-0.754316627598409, -0.034683981455490905, 0.6525288001694367
-0.7484065901719432, 0.11767318949015002, 0.6511128896831915
-0.7090333227060022, 0.265321255508015, 0.6499554161395588
-0.6425200838166516, 0.4031408285472789, 0.6480223594265279
-0.5510489140440222, 0.5262937319231196, 0.6457068813099291
-0.4346641920856423, 0.6265621375654433, 0.644529323273806
-0.29996360613462764, 0.7011314808519298, 0.6434094883107752
-0.15342133300210917, 0.7493249838984678, 0.6413032144329638
-8.881784197001252e-16, 0.7693286120715357, 0.6388532590885675
-9.64500034999629e-16, -0.7693286120715355, 0.6388532590885678
0.15397150246276795, -0.7520335039855383, 0.6379963162504492
0.30211680430418886, -0.70613397388689, 0.6368993687573954
0.4394467330408699, -0.6333778227457904, 0.6345747409532672
0.5592467707449985, -0.5340721791595571, 0.6321754012684766
0.6542030247646242, -0.41043177099495404, 0.6315443496152066
0.7243848705843224, -0.2709501952126056, 0.6304250597973831
0.7677191430822361, -0.12053103667583488, 0.6278064601883417
0.7768112587803693, 0.03587025181147391, 0.6255393427497649
0.7534939898827543, 0.19102899381483723, 0.6251436450775438
0.7013785319261148, 0.33938730013302854, 0.6239507521366137
0.6213617418832491, 0.4751025693119488, 0.6210081339586743
0.5135540860754897, 0.5902148873925964, 0.6189450872589114
0.38476675080084777, 0.6816689142193546, 0.6187941955025719
0.24073200698932667, 0.7475839581759687, 0.6174764326539504
0.08585907146477031, 0.7817946503620393, 0.6141809986885822
0.0, 0.7168764785108995, 0.6117225805642345
0.0, 0.5584663335025046, 0.6100269131564638
0.0, 0.3995443375768859, 0.6083312457486932
0.0, 0.24011049073404303, 0.6066355783409225
0.0, 0.08016479297397648, 0.6049399109331519
0.0, -0.08029275570331432, 0.6032442435253813
0.0, -0.2412621552978283, 0.6015485761176107
0.0, -0.40274340580956636, 0.5998529087098401
0.0, -0.5647365072385288, 0.5981572413020695
0.0, -0.7272414595847148, 0.5964615738942988
-0.08716211044474685, -0.7956868462832705, 0.5957952007222282
-0.24544372176506296, -0.7629911152726933, 0.596434917006207
-0.3937590026587574, -0.697983240785783, 0.5943666437648725
-0.5276097093546701, -0.6066866040472196, 0.5903852808662517
-0.6402921761109436, -0.48994991653559344, 0.5893501489921196
-0.724631831102817, -0.3509462147019857, 0.5899606168219664
-0.7812010616744431, -0.19823218556523206, 0.5875406971568846
-0.8087016973420718, -0.037545188315045754, 0.5834089792134814
-0.8015075537560041, 0.12553272721246062, 0.5829718712745234
-0.758001977666023, 0.2832781315912958, 0.5834862970078598
-0.687029690440929, 0.43093051592981074, 0.5806634831399332
-0.5899308289756506, 0.5631928852654841, 0.5763908586400768
-0.46475230178975935, 0.6694357969981968, 0.5766800834618956
-0.3201640313318414, 0.7480644217707014, 0.5770119737831452
-0.1636908863661445, 0.7999270220417799, 0.5737350117538033
0.0, 0.8221084670390116, 0.5693308953699653
-1.0329584622566392e-15, -0.8221084670390109, 0.5693308953699664
0.16314891417076421, -0.8024299167964993, 0.5704178358967985
0.3181386898060809, -0.7537813692682186, 0.5705703962039606
0.4606983672991173, -0.6797148480556999, 0.5670669313710283
0.5841517582980389, -0.580204541433516, 0.5632453193162088
0.6810282757229231, -0.4572528310710828, 0.5636756464035229
0.7534821632981171, -0.32063073809553655, 0.5634402249334156
0.8009505617820283, -0.17537793724460338, 0.5604520891323337
0.8169181967433929, -0.025985117002909678, 0.5578746079479365
0.8037410998888085, 0.12102054725366308, 0.5578830807482371
0.7667729848030853, 0.26148421526128407, 0.5560008295989805
0.7065067381515667, 0.39127902278985804, 0.552692752609315
0.6228845298681814, 0.5039560421128788, 0.5517125478015972
0.5226313176472062, 0.5977264821635397, 0.5525740679298294
0.4114571706108293, 0.6731627656211658, 0.5503953803491092
0.2920687282442813, 0.7267214154305273, 0.5453438397490706
0.21424147071087812, 0.7143253013983465, 0.5431544003945206
0.18225401550642503, 0.6458097509999319, 0.5432448743599896
0.1408376824814887, 0.5818823001746398, 0.5424742216905256
0.09062610548924781, 0.5213628779353803, 0.5399184786359347
0.03210841762974941, 0.46201825782911654, 0.5363904131880504
-0.03371384143836787, 0.40014537198297073, 0.534743384428908
-0.10493549394964868, 0.3340686541303219, 0.5352744194183068
-0.1799592651203514, 0.2647035133693082, 0.5350140385786899
-0.2572997799213979, 0.19197685155100266, 0.5325035617890312
-0.3347522579765107, 0.1147100794906214, 0.5284301181302289
-0.4410305083757436, 0.06618326143234826, 0.5267320052560489
-0.5609007395325981, 0.04194508795277152, 0.5286859033816929
-0.6623377919835772, 0.014141473579440289, 0.528779386420842
-0.7438014016637798, -0.01999040328892493, 0.5254859419727319
-0.8019466570195719, -0.06151224620709557, 0.5210334437523197
-0.8320158959720658, -0.1118231513583921, 0.5186754943006625
-0.8336361357928228, -0.17176743798950223, 0.5196943337319703
-0.8107040967920875, -0.24105310861558932, 0.5202099929061206
-0.7650134981899355, -0.3193285660183121, 0.5184246027089007
-0.6980189992474015, -0.40518297111046897, 0.5134896941343146
-0.6109926490753728, -0.4940408047866707, 0.5092320225443288
-0.5057902363056602, -0.5808497477386402, 0.510579144316341
-0.38809682164478254, -0.6651604463368248, 0.5128080916998166
-0.2626226082974351, -0.744411283278819, 0.5112885763506627
-0.13229263952955853, -0.813068657457155, 0.5053092884054275
0.0, -0.8660253957974255, 0.5000000138339121
-1.0942552123306034e-15, -0.8660253957974257, 0.5000000138339122
0.13150173315938038, -0.8117924697530695, 0.5036396377759259
0.25962153224852574, -0.7409619997975475, 0.5080838129170767
0.38187463769883595, -0.6579705463963037, 0.5081576476335056
0.496294163070963, -0.5673645305177566, 0.5041946115767638
0.5996963308879839, -0.4710255172020542, 0.5004506267198175
0.6865397943924783, -0.37038498974428957, 0.5031545049563908
0.7556950191763923, -0.2707813349854748, 0.5075273455421295
0.8087204555503583, -0.1769850493729169, 0.50815807580856
0.8453416241369326, -0.09173544194122568, 0.5047491925456034
0.8630814681789395, -0.0168571433289695, 0.5009011688685882
0.8571926484896033, 0.045755208493216355, 0.5027034885891902
0.8291539167462285, 0.09436748769915392, 0.50697084714145
0.7834243712307754, 0.12853424083860632, 0.5081584855388076
0.7218472704862356, 0.14836148119021672, 0.5053037851041795
0.6441555904826066, 0.15409664924982713, 0.5013515913735466
0.5489866159224416, 0.14606126935417157, 0.5022525960397098
0.43955514217586855, 0.12612892188655872, 0.5064143375882477
0.320801238376495, 0.09707085311278418, 0.5081589040085484
0.19556334149633547, 0.061254816711200644, 0.5058583951063045
0.06582141625963159, 0.020989989179930613, 0.5018018722355095
-0.06582137448917477, -0.020967595187581345, 0.5018018205222452
-0.195563617371031, -0.061269843328192186, 0.5058578276060285
-0.32080243115006224, -0.09709452708284594, 0.5081593329786589
-0.4395556940177481, -0.12613438890544737, 0.5064130156909137
-0.5489826002953511, -0.14603994606434983, 0.5022520168718632
-0.6441521562934578, -0.15408568977161902, 0.5013511690026949
-0.7218539563185177, -0.14837416980501705, 0.5053013050127408
-0.783433005998066, -0.1285441170378595, 0.5081597661178798
-0.829152773324612, -0.09436687237641445, 0.5069676550771682
-0.8571770537061069, -0.04575261661964741, 0.5027020265935761
-0.8630757176542874, 0.01685627892720637, 0.5009006319544167
-0.8453599847132673, 0.09174357440222541, 0.5047447766357578
-0.8087348953044036, 0.17699471843341183, 0.5081602092785825
-0.7556882992832279, 0.270775119083256, 0.5075223078367365
-0.6865186541983519, 0.37035939679963115, 0.5031519028833323
-0.5996935575882245, 0.47102124453667005, 0.5004502273138781
-0.49631197065997346, 0.5674012517757114, 0.504188238010355
-0.38188315044633286, 0.6579941226876613, 0.5081606384497986
-0.2596170284720071, 0.7409415445961517, 0.5080769537993203
-0.13151363364907384, 0.811842973349767, 0.5036320609318138
0.0, 0.8660254037844353, 0.5000000000000058
0.0, 0.8660254037844353, 0.5000000000000058
0.132512424926625, 0.8532227125349438, 0.503666314512975
0.26343047884548537, 0.8194850581563108, 0.5080808448735528
0.38991381379081, 0.7661810382299288, 0.5078830061656734
0.5089013547949633, 0.6944017130398372, 0.5038326203126388
0.6153981333780428, 0.6027089514665496, 0.5010934085611785
0.703789966012349, 0.49095228905676225, 0.5038850167269047
0.7723161286422364, 0.3637269887163957, 0.5068657620396445
0.8192091107875085, 0.22576901121002296, 0.5067832995780677
0.8426947946183749, 0.08118017027277916, 0.5051077373085283
0.8412485655365372, -0.06662528140204138, 0.5026721332348958
0.8110430233443983, -0.21311479696514501, 0.5028068741934799
0.752070338259504, -0.35159098780855236, 0.5054100842105038
0.6688747753641713, -0.47748211478719593, 0.5078196349118345
0.565184788467766, -0.5881706176150073, 0.5062771874945223
0.4425510418533237, -0.6779823692575653, 0.50178743670927
0.3347411217760848, -0.7120660080713899, 0.5013725519338201
0.2573016784638527, -0.6856390964968392, 0.5037520789843126
0.17996474893568296, -0.6380723718235304, 0.5045780522705279
0.10493751160297002, -0.5705352487499594, 0.503141291749192
0.03371295663581414, -0.4831018061340208, 0.5009223537233922
-0.032107575306363635, -0.3748910341730733, 0.5008784363541149
-0.09062784864724768, -0.24757575168846913, 0.5027129298046975
-0.14084197466376558, -0.10482723251686735, 0.5035828213056457
-0.18225535896173134, 0.051118396487414286, 0.5026577283109797
-0.2142343393218459, 0.21907196828280934, 0.5008784352873813
-0.29471369602633296, 0.3337464251965884, 0.5021077566090266
-0.41969966370888334, 0.38025173253261835, 0.5071858399550557
-0.5366836879415157, 0.4002203088340784, 0.5074259322490208
-0.6428715912592785, 0.39403354039864125, 0.5032067736240685
-0.7313729792619295, 0.3577096830040004, 0.5029893914958831
-0.7954177209641073, 0.29170369491085424, 0.5063926611666468
-0.835865889646131, 0.20109188694147345, 0.5060397434407689
-0.8519271949310745, 0.08906605266267463, 0.5024785081126691
-0.836459589424977, -0.04029754287569828, 0.5043386020264393
-0.7872903013639466, -0.1798213017733549, 0.5074307725166233
-0.7127702988443203, -0.3251851713757339, 0.5050810112552376
-0.6127468895588876, -0.46984077676601965, 0.5009052879080127
-0.48359710015591645, -0.5996004874634275, 0.5046415146550947
-0.3339843734790828, -0.7105372225139429, 0.5081601189039038
-0.1714525440916742, -0.8017607172328375, 0.505009492855145
0.0, -0.8660254037844349, 0.5000000000000064
0.0, 0.8660254037844353, 0.5000000000000058
0.17145318060056514, 0.8433961832985231, 0.505009086105055
0.33398388316832994, 0.7906371140826988, 0.5081593563688739
0.48359857720015353, 0.7124026739874573, 0.5046420300799416
0.6127513594233354, 0.6073991591851753, 0.5009036717249401
0.712769363937087, 0.4771265727777057, 0.5050808867326412
0.7872812847409147, 0.3330672861984727, 0.5074296472699547
0.8364561387925458, 0.18069788540533763, 0.5043359050733853
0.8519365451383998, 0.024213160421050678, 0.5024798789552242
0.8358808367038679, -0.12929024515469245, 0.5060361379153697
0.7954120568918297, -0.2756503427292551, 0.5063921422571692
0.7313543954823678, -0.41068574408258773, 0.5029876195101696
0.6428702117095917, -0.5272572882349198, 0.5032021140402545
0.5366988590370521, -0.6230309939932592, 0.5074281693248798
0.41971475948162196, -0.6998265483220595, 0.5071802822116225
0.2947040582031007, -0.7539827709749277, 0.502106557730096
0.21421968684106624, -0.7383374648897636, 0.500876276621985
0.18225833277674958, -0.6637651353674581, 0.5026510839681292
0.14085068655641464, -0.5941996816320152, 0.5035859350637328
0.0906315701530806, -0.5284356569610487, 0.5027054503764457
0.032105830552684574, -0.4642284259145556, 0.500876276021274
-0.03371112016911025, -0.3979736340341397, 0.5009200930984796
-0.10494181649164297, -0.32800428160077844, 0.5031326235554912
-0.17997587474812943, -0.25512868760940965, 0.5045820260470368
-0.25730588369713303, -0.17927394244637257, 0.5037427123558577
-0.33471828358019745, -0.09928631772744989, 0.5013691853232128
-0.44253439273243744, -0.05042729254273598, 0.5017853092958081
-0.5652140019908556, -0.028152235135394776, 0.5062664625261543
-0.6689075968570326, -0.002417813068922303, 0.507824497902574
-0.7520672402495361, 0.029633607272160578, 0.5053988820511639
-0.8109927120800082, 0.06863463594095016, 0.5028020019820714
-0.8412313372328849, 0.11639066914822235, 0.5026703990555237
-0.8427482661373745, 0.17411454524574407, 0.5050949331742364
-0.8192480057447376, 0.24150772149877975, 0.5067890549322133
-0.7722997346727202, 0.3182174945573126, 0.5068527481443701
-0.7037377948813787, 0.4029825656386199, 0.5038783712674529
-0.6153916935933239, 0.4912690917188519, 0.5010923641971129
-0.5089428984688412, 0.578013278158545, 0.5038177004971682
-0.3899326313018776, 0.6626466155850952, 0.5078896162418938
-0.2634209698938162, 0.7424627912125634, 0.508066015810182
-0.13253784719584005, 0.812195950712226, 0.5036500314792501
0.0, 0.8660254037844354, 0.5000000000000057
0.0, 0.8660254037844354, 0.5000000000000057
0.13154036662924135, 0.8535807795447611, 0.5036149761191987
0.259606490234207, 0.8210023468897324, 0.5080605606078343
0.3819048241447927, 0.7708405829011615, 0.508168204509071
0.4963622851761246, 0.7050287101438159, 0.504170056016686
0.5996850028874006, 0.6229547144771517, 0.5004490563063853
0.6864481053089233, 0.5235601532401036, 0.5031430687946611
0.7556647314160616, 0.41116524818338407, 0.5075038308505874
0.8087922596794692, 0.2902897043899413, 0.5081686313887657
0.8454431450833975, 0.16355864642107187, 0.5047247430865565
0.8630469510966634, 0.03290824047218752, 0.5008979350878956
0.8570893559352217, -0.09872466883990055, 0.5026936269669875
0.8291468079469961, -0.2275899415328208, 0.5069470959021531
0.7834961067747189, -0.3513685358309606, 0.5081690783819277
0.7219133398134463, -0.46796683684445656, 0.5052794555790323
0.6441162083828901, -0.5743075135263032, 0.5013466541629954
0.5489304394204811, -0.6652781850212091, 0.5022443229313611
0.4395658568491028, -0.7387887496756779, 0.5063903464886562
0.32083098344464156, -0.7961487130455052, 0.5081695281689089
0.19557537291591431, -0.8372992501036081, 0.5058341852381609
0.06581604702435043, -0.8600629383970746, 0.5017952301238284
-0.06581599831647666, -0.8600623259686407, 0.5017951791964499
-0.19557568374439838, -0.8373004746456553, 0.5058335653698913
-0.3208322070823356, -0.7961516746117472, 0.5081699594995899
-0.43956653591766326, -0.7387899012654595, 0.5063889367446186
-0.5489262491301563, -0.6652732827029336, 0.5022436888801398
-0.6441126205893719, -0.574304447950911, 0.501346154134549
-0.7219207739119862, -0.4679712792408114, 0.5052767611566225
-0.7835050918403237, -0.35137228909974505, 0.5081704081136263
-0.8291461869884462, -0.22758981622786173, 0.50694372012046
-0.8570731267187945, -0.09872339820998642, 0.5026919882542072
-0.8630410774002905, 0.03290778149039558, 0.5008972724307844
-0.8454632924250103, 0.16356370495197098, 0.5047199395590841
-0.8088073049188154, 0.2902958467509548, 0.5081708537981571
-0.7556584481543397, 0.41116141610201995, 0.5074985181170373
-0.6864259938120134, 0.5235412562150532, 0.5031401497956393
-0.5996822262354392, 0.622951469280881, 0.5004485492405792
-0.49638155175741994, 0.7050608624312403, 0.5041630926950967
-0.38191363639958575, 0.7708614296989214, 0.5081712817791589
-0.2596019712189261, 0.8209839289899986, 0.5080533234898388
-0.13155328457007992, 0.8536323911126895, 0.5036066399341143
0.0, 0.8660254037844355, 0.5000000000000056
0.0, 0.8660254037844355, 0.5000000000000056
0.131553971729508, 0.8536351294618723, 0.5036062104840882
0.25960146120527006, 0.8209818512097378, 0.5080525168070628
0.38191510606585366, 0.7708649029696983, 0.5081717734670574
0.4963861808780225, 0.7050685937105841, 0.5041613619926625
0.5996811564994744, 0.6229502120576512, 0.5004484661029167
0.6864165019512719, 0.5235331573382358, 0.503138968957932
0.7556549774583221, 0.4111592995660185, 0.5074956765699368
0.8088167396176354, 0.2902996956214048, 0.5081722032335261
0.8454789985590765, 0.1635676536998203, 0.5047161083459702
0.8630350983692125, 0.03290730806166017, 0.5008967552983433
0.857053759541589, -0.09872186782456203, 0.5026900986117435
0.8291451226000235, -0.22758959734193074, 0.5069388242200269
0.7835205253148148, -0.35137873951187065, 0.5081726497940466
0.72193685361144, -0.46798088226330814, 0.505270883698731
0.6441026035707369, -0.5742958948855736, 0.5013448825484041
0.5489110670640504, -0.6652555005044494, 0.5022413719645062
0.4395699267397086, -0.7387956668718987, 0.5063819519645982
0.320841094379094, -0.7961731947527847, 0.5081730986671581
0.19557974414597365, -0.8373164735977443, 0.5058256811936901
0.06581416819867364, -0.8600390979323393, 0.5017928616650054
-0.06581411895161896, -0.860038481194506, 0.5017928077100334
-0.19558006960870017, -0.8373177510342928, 0.5058250456681403
-0.32084233102054494, -0.7961761878037573, 0.5081735322173453
-0.43957064924610867, -0.7387968952032888, 0.5063805044061787
-0.5489067951367081, -0.6652504972669675, 0.5022407149193129
-0.6440989432941145, -0.5742927706629165, 0.5013443707740076
-0.7219445241546144, -0.46798545674617714, 0.5052681124817955
-0.7835295844176339, -0.3513825234990044, 0.5081739800108176
-0.8291446185680391, -0.22758950380735604, 0.5069353618193096
-0.8570371956994458, -0.09872056196865596, 0.5026884066206424
-0.8630290875736742, 0.03290683481695085, 0.500896082154996
-0.8454996937701016, 0.16357286878439686, 0.5047111569546475
-0.8088319046845457, 0.29030588761472137, 0.508174425359429
-0.7556487608499253, 0.41115550855784944, 0.5074902392819829
-0.6863939396652918, 0.5235138955974524, 0.5031359546025894
-0.5996783075056135, 0.6229468779018434, 0.5004479543272802
-0.49640591899546094, 0.7051015963285191, 0.504154172600316
-0.38192399570606445, 0.7708859368580432, 0.5081748561894373
-0.2595969297206807, 0.8209634164052845, 0.5080451309105194
-0.13156726433596044, 0.8536880498129185, 0.50359759458722
0.0, 0.8660254037844356, 0.5000000000000052
0.0, 0.8660254037844356, 0.5000000000000052
0.13156796851242503, 0.8536908463227054, 0.5035971495815378
0.2595964225065949, 0.8209613538729874, 0.5080443109718228
0.3819254877802245, 0.7708894644255502, 0.5081753554721287
0.4964106819218027, 0.7051095668750955, 0.5041523884257629
0.5996772418029217, 0.6229456250422084, 0.5004478553196873
0.6863843061731661, 0.523505683008953, 0.503134724302208
0.7556453731243649, 0.41115344273010734, 0.5074873426740419
0.8088414613413797, 0.2903097871658816, 0.5081757881392208
0.8455158845499405, 0.163576954796896, 0.5047072094687862
0.863023029633045, 0.032906352605583174, 0.5008955338167631
0.8570175124519879, -0.09871899748323339, 0.502686445549017
0.8291437824745411, -0.22758934525013141, 0.5069303552737027
0.783545186695899, -0.3513890436656156, 0.5081762343812772
0.7219611522452443, -0.46799536637487604, 0.5052620632778535
0.6440887442724685, -0.5742840708641042, 0.5013430480234523
0.5488913512898449, -0.6652323905733354, 0.5022383166419161
0.4395742632937849, -0.7388030538944406, 0.5063733422650359
0.3208513060121855, -0.7961979194522285, 0.5081766822129075
0.1955843102869354, -0.8373343921862987, 0.5058169443079406
0.06581224277321412, -0.8600148210679492, 0.5017904093989833
-0.0658121929534082, -0.8600141997492898, 0.5017903523489398
-0.19558465093994748, -0.8373357242617254, 0.5058162923647864
-0.3208525558970994, -0.796200944612705, 0.5081771180190764
-0.4395750317478999, -0.7388043636026251, 0.5063718554959511
-0.5488869959354501, -0.6652272839483817, 0.5022376355779643
-0.6440850085215052, -0.5742808855944221, 0.5013425244275613
-0.7219690672335382, -0.46800007700145624, 0.505259211657578
-0.7835543206294362, -0.35139285873080117, 0.5081775647923616
-0.8291434040210997, -0.22758928603102846, 0.5069268031293972
-0.8570006050535406, -0.0987176551189816, 0.5026846981799286
-0.8630168757171983, 0.03290586443941071, 0.5008948503456128
-0.8455371459922456, 0.1635823324365092, 0.5047021032883073
-0.8088567471383551, 0.2903160291641332, 0.5081780093462697
-0.7556392312705036, 0.41114969729799966, 0.5074817763541896
-0.6863612792572653, 0.5234860460224297, 0.503131611300863
-0.5996743162559682, 0.622942196723448, 0.5004473395710172
-0.49643090605972484, 0.7051434484976624, 0.5041449622138867
-0.3819344548417917, 0.7709106856612031, 0.5081784424962268
-0.2595918803069092, 0.8209429089104539, 0.5080367710441582
-0.13158165061890398, 0.8537451213745485, 0.5035882407553155
0.0, 0.8660254037844357, 0.5000000000000051
0.0, 0.8660254037844357, 0.5000000000000051
0.1315823723174179, 0.8537479774977862, 0.5035877793922047
0.2595913763582469, 0.8209408634651754, 0.5080359374986017
0.3819359704042039, 0.7709142702459123, 0.5081789500899371
0.49643580946106847, 0.7051516707065993, 0.5041431224176349
0.5996732581122917, 0.6229409523981921, 0.5004472226899261
0.6863515028480426, 0.5234777188584958, 0.5031303294884153
0.7556359319801503, 0.4111476852484713, 0.5074788227553498
0.8088664282265209, 0.2903199805111575, 0.5081793858160973
0.8455538418313858, 0.16358656208523023, 0.5046980344607869
0.8630107396306623, 0.03290537335157533, 0.5008942689589198
0.8569805973849087, -0.0987160554250573, 0.5026826633600701
0.8291428064445703, -0.22758919092395224, 0.5069216813216209
0.7835700934457603, -0.3513994492900683, 0.5081798315679513
0.7219862664562683, -0.4680103050712453, 0.5052529832698089
0.6440746231002717, -0.5742720358363553, 0.5013411485812419
0.5488712828104653, -0.6652088429873124, 0.5022351532594141
0.43957887802997153, -0.7388109325870462, 0.5063645083727977
0.3208616194974445, -0.7962228899047155, 0.5081802783074081
0.1955890804303802, -0.8373530349028271, 0.5058079646708092
0.06581026916352606, -0.8599900964665308, 0.5017878702980252
-0.06581021868298209, -0.8599894697382825, 0.5017878101705093
-0.19558943678726373, -0.8373544231169037, 0.5058072954027766
-0.3208628826504518, -0.7962259472555175, 0.5081807162312341
-0.4395796947768551, -0.738812328049276, 0.5063629810211916
-0.5488668428770593, -0.6652036313193641, 0.5022344472731259
-0.6440708097809635, -0.5742687879021406, 0.5013406123183386
-0.7219944359994064, -0.4680151570741814, 0.5052500474116887
-0.7835793045186924, -0.35140329639165685, 0.5081811623473151
-0.8291425646944999, -0.22758916919584526, 0.5069180367507481
-0.8569633420638562, -0.09871467573756845, 0.5026808579809435
-0.8630044413988717, 0.03290487002847348, 0.5008935734819491
-0.8455756934884064, 0.1635921098331769, 0.5046927664143022
-0.8088818398750987, 0.2903262746754468, 0.5081816067884235
-0.7556298784096467, 0.4111439931407291, 0.5074731239139766
-0.6863280044948361, 0.5234577018624751, 0.5031271130568482
-0.5996702577506118, 0.6229374318645303, 0.5004467007054418
-0.4964565389869162, 0.7051864685587, 0.5041354486359044
-0.38194501800606406, 0.7709356866397096, 0.5081820426169735
-0.25958682711071096, 0.8209224227485598, 0.5080282393867986
-0.13159645847296725, 0.8538036513197529, 0.5035785632681696
0.0, 0.8660254037844358, 0.5000000000000047
0.0, 0.8660254037844358, 0.5000000000000047
0.13159719907961545, 0.853806571823785, 0.5035780849959393
0.2595863254547698, 0.8209203903423684, 0.5080273907195579
0.38194655435876085, 0.7709393217563661, 0.5081825563266421
0.49646158203727625, 0.7051949422849774, 0.5041335497035226
0.5996691997413823, 0.6229361870720403, 0.5004465693424978
0.6863180697069855, 0.5234492477455663, 0.5031257801835363
0.7556266635894135, 0.4111420321901684, 0.507470108900187
0.8088916388630106, 0.290330275137186, 0.5081829944235754
0.8455929044898114, 0.1635964869063264, 0.5046885702039153
0.8629982169012469, 0.03290436897468339, 0.5008929611492631
0.8569429908885908, -0.09871303856492965, 0.502678747997081
0.8291422113628186, -0.22758913964048744, 0.5069127933996989
0.7835952459015714, -0.3514099564995537, 0.508183440051702
0.7220122263239127, -0.4680257136986881, 0.5052436319547183
0.6440602311412649, -0.5742597829184433, 0.5013391829558196
0.5488508512141215, -0.6651848440395263, 0.5022318779032109
0.43958378277328, -0.7388193255472781, 0.5063554405397774
0.32087203597369396, -0.7962481088668835, 0.5081838864131059
0.19559406418534672, -0.8373724323367668, 0.505798731869485
0.06580824574850025, -0.8599649127444424, 0.5017852411554912
-0.06580819449204865, -0.8599642795062696, 0.5017851780068604
-0.19559443667843945, -0.8373738778013295, 0.5057980442049271
-0.3208733122460279, -0.7962511980484861, 0.5081843261726332
-0.4395846503105452, -0.7388208114162025, 0.5063538713648528
-0.5488463262808829, -0.6651795266098707, 0.5022311461997424
-0.6440563393123233, -0.574256471707883, 0.5013386322920976
-0.7220206631801186, -0.468030713807123, 0.5052406078435212
-0.7836045382625882, -0.3514138373331349, 0.5081847719437451
-0.8291421200236293, -0.22758915924799128, 0.5069090541120238
-0.856925386497637, -0.0987116210725991, 0.5026768815781228
-0.8629917768162106, 0.03290385057051734, 0.5008922505987566
-0.845615375270648, 0.16360221368894237, 0.5046831330596612
-0.8089071838280781, 0.29033662462447757, 0.5081852165794385
-0.755620714133414, 0.4111384024953899, 0.5074642742369073
-0.6862940945782032, 0.5234288472068186, 0.503122455055542
-0.599666127687284, 0.6229325779206163, 0.5004460381552295
-0.4964828380028132, 0.7052306967618889, 0.5041256171260227
-0.3819556851410634, 0.7709609399871605, 0.5081856551882471
-0.2595817724286317, 0.8209019665102829, 0.5080195295582438
-0.1316117047744092, 0.8538636912936645, 0.503568546402447
0.0, 0.8660254037844362, 0.5000000000000044
0.0, 0.8660254037844362, 0.5000000000000044
0.13161203566663096, 0.8538642336078315, 0.5035681548174713
0.2595812729227965, 0.8208999464940981, 0.5080186648546884
0.3819572415325304, 0.7709646238949993, 0.5081861742929323
0.4964880239441263, 0.7052394287788335, 0.5041236559833822
0.5996650678822422, 0.6229313302743661, 0.5004458929520985
0.6862839931546671, 0.523420259668332, 0.5031210701208845
0.7556175854955643, 0.41113649339271485, 0.5074611945420238
0.8089170990578897, 0.2903406735720473, 0.508186614367263
0.8456331180491925, 0.16360674373413586, 0.5046788034038989
0.8629854594173465, 0.03290333897989764, 0.5008916072495494
0.8569046785529347, -0.098709944721386, 0.5026746942631829
0.8291420209375644, -0.22758919842743278, 0.5069036835928306
0.7836206487569521, -0.35142056715177755, 0.5081870598618721
0.7220390679381554, -0.46804161093263286, 0.5052339969171609
0.6440455622743972, -0.5742473076359584, 0.5013371477415256
0.5488300481767371, -0.6651603825946142, 0.5022284866854803
0.4395889906885928, -0.7388282577377543, 0.5063461292334558
0.3208825564457281, -0.7962735786477179, 0.5081875058198051
0.195599271334865, -0.8373926149919566, 0.5057892343800295
0.06580617061328714, -0.8599392558256636, 0.5017825190036853
-0.06580611852623333, -0.8599386156200333, 0.5017824527810553
-0.19559966066411227, -0.837394119880107, 0.505788527423114
-0.3208838459996999, -0.7962767000649628, 0.5081879473693516
-0.43958991164525074, -0.7388298389444253, 0.5063445166168106
-0.5488254368015316, -0.6651549573490332, 0.502227728164829
-0.6440415895804064, -0.5742439313220217, 0.5013365820667308
-0.7220477826429592, -0.46804676452667415, 0.5052308803711438
-0.7836300235536116, -0.3514244821997242, 0.5081883926550773
-0.8291420900988559, -0.22758926238650068, 0.506899846020786
-0.8568867171442892, -0.09870848819617878, 0.5026727642567945
-0.8629788728150245, 0.03290280492250063, 0.5008908811484857
-0.8456562303408532, 0.1636126568916978, 0.5046731890624775
-0.8089327781602347, 0.290347078736448, 0.5081888369952241
-0.7556117496685996, 0.4111329312997045, 0.5074552188339073
-0.6862595272400653, 0.5233994650437219, 0.5031176323382497
-0.5996619199690605, 0.6229276272934315, 0.5004453531758297
-0.4965098224603546, 0.705276172214429, 0.5041154517863393
-0.38196645467672374, 0.7709864421269312, 0.5081892775840301
-0.25957671768227175, 0.8208815449780904, 0.5080106339795087
-0.1316102338653357, 0.8538275138410912, 0.5035623487185344
0.0, 0.8660254037844363, 0.5000000000000041
0.0, 0.8660254037844363, 0.5000000000000041
0.13161008141113395, 0.8538252730571881, 0.5035620618941391
0.2595762207302054, 0.8208795388661299, 0.5080097526895628
0.38196803157613896, 0.7709901760411756, 0.5081898022972957
0.49651515665330936, 0.7052851729448028, 0.5041134254718586
0.5996608591745213, 0.6229263776831793, 0.5004451934160103
0.6862492539174883, 0.5233907400615959, 0.5031161936968688
0.7556087118096689, 0.4111310765037125, 0.5074520716639555
0.8089428101326305, 0.2903511764407054, 0.5081902445861634
0.8456745242780381, 0.1636173462515479, 0.50466871961993
0.86297245921875, 0.03290228231239936, 0.5008902061559872
0.856865639693321, -0.09870677099921966, 0.5026704972600986
0.8291422562092913, -0.22758937379104283, 0.5068943424832951
0.783646303698338, -0.3514312819087524, 0.5081906900377733
0.7220668261073803, -0.4680580145411829, 0.5052240650529332
0.6440306079617879, -0.5742346035012719, 0.501335040925479
0.5488088635399131, -0.665135445125775, 0.5022249752798892
0.4395945151903688, -0.7388377548699427, 0.5063365637880607
0.32089318210132445, -0.7962993021103636, 0.5081911359505874
0.19560471251044223, -0.8374136163014109, 0.5057794604517114
0.06580404197752095, -0.8599131134165401, 0.5017797003848826
-0.06580398879774883, -0.8599124636675743, 0.501779631368787
-0.1956051192417126, -0.8374151820275477, 0.5057787329178122
-0.32089448493837636, -0.7963024556635778, 0.5081915790821976
-0.43959549227504036, -0.7388394364529376, 0.5063349064059774
-0.5488041648052757, -0.6651299107603879, 0.5022241894186954
-0.644026554175065, -0.5742311621047869, 0.501334457902674
-0.7220758336824429, -0.4680633294826287, 0.5052208515155309
-0.7836557668319963, -0.35143523350761496, 0.5081920250362884
-0.8291425026230499, -0.22758948675694257, 0.5068904045227928
-0.8568473217814889, -0.09870527513352918, 0.5026685004235792
-0.862965733003249, 0.03290173306405091, 0.5008894597895621
-0.8456983135831091, 0.1636234567215436, 0.5046629201509619
-0.8089586353092204, 0.2903576423988993, 0.5081924705667465
-0.7556030110435512, 0.41112759439372526, 0.5074459521764392
-0.6862242953736823, 0.5233695507336625, 0.5031126369773878
-0.5996576434484039, 0.6229225904137066, 0.5004446396351406
-0.4965375240111218, 0.7053229554563409, 0.5041049375133344
-0.3819773325273597, 0.7710122079892547, 0.5081929130663696
-0.2595716687849722, 0.820861181149735, 0.5080015480966138
-0.13160598012052419, 0.8537750733245576, 0.503556601650212
0.0, 0.8660254037844365, 0.5000000000000037
0.0, 0.8660254037844365, 0.5000000000000037
0.13160576581058295, 0.8537724616277855, 0.5035563187002001
0.2595711715169654, 0.8208591770971096, 0.5080006470314731
0.3819789236563409, 0.7710159765392041, 0.5081934382385999
0.496543000047358, 0.705332215402641, 0.5041028409786751
0.5996565631999633, 0.6229213165042137, 0.5004444738368069
0.6862138210094874, 0.5233606649642207, 0.5031111470951025
0.7556000478100753, 0.41112578372578923, 0.5074427294381662
0.8089687641415632, 0.29036178043244826, 0.5081938809535378
0.8457171567331979, 0.16362830618080354, 0.5046583029451789
0.8629591956081162, 0.03290119675026268, 0.5008887609701673
0.8568258412432054, -0.09870351310912587, 0.5026661530044108
0.829142931593326, -0.2275896707870731, 0.5068847580804662
0.7836722067926978, -0.35144209923848635, 0.5081943277653498
0.7220955328994322, -0.4680749405826944, 0.5052138225656961
0.6440153561555789, -0.5742216610901953, 0.5013328624877438
0.5487872847997025, -0.6651100150601702, 0.5022213388998668
0.43960036936038394, -0.7388478425189553, 0.5063267320917969
0.3209039138395212, -0.7963252816402391, 0.5081947760251811
0.19561039904688152, -0.8374354721284339, 0.5057693980846957
0.06580185830195845, -0.8598864760569633, 0.5017767811764924
-0.06580180321252237, -0.859885808541355, 0.5017767105421153
-0.19561082323982618, -0.8374370974491037, 0.505768647578444
-0.32090522993699355, -0.7963284667120136, 0.5081952203780961
-0.4396014066354177, -0.738849631505746, 0.5063250301123841
-0.5487825020009113, -0.6651043756960475, 0.5022205258887612
-0.6440112276932961, -0.57421816031455, 0.5013322552810731
-0.7221048579734801, -0.46808043004154787, 0.5052105068598839
-0.7836817756624403, -0.351446094152141, 0.5081956699899624
-0.829143388634332, -0.22758984140043492, 0.5068807217392652
-0.8568071915767077, -0.09870198022958036, 0.502664083711819
-0.8629523619303394, 0.03290063504142548, 0.5008879809070194
-0.8457416806658432, 0.16363463093609315, 0.5046523110344274
-0.8089847668662802, 0.29036832070340196, 0.5081961195974967
-0.7555945250672012, 0.4111224070031144, 0.5074364683045613
-0.6861883914011891, 0.5233390993100294, 0.50310746069097
-0.5996533032852259, 0.6229174732346557, 0.500443893290157
-0.4965659712377668, 0.7053711023544824, 0.5040940575495119
-0.3819883222948668, 0.771038246901643, 0.5081965631354216
-0.25956663107369293, 0.8208408953890584, 0.507992266366895
-0.13160155827904557, 0.8537213108206156, 0.5035506630117268
0.0, 0.8660254037844368, 0.5000000000000033
0.0, 0.8660254037844368, 0.5000000000000033
0.131601336243626, 0.8537186274633768, 0.5035503733967818
0.2595661271184938, 0.820838867169163, 0.5079913394431116
0.38198991610060096, 0.7710420215215307, 0.50819707923381
0.4965715761981521, 0.7053806007993112, 0.5040918844611585
0.5996521774445757, 0.622916143412644, 0.500443733531194
0.6861776771974222, 0.523330021653772, 0.5031059235810269
0.755591614619228, 0.41112062674714456, 0.5074331601589557
0.8089949681395783, 0.29037248860872394, 0.508197524157275
0.8457610690088375, 0.16363964072820936, 0.5046475374625896
0.8629456723157581, 0.032900082241935705, 0.5008872661685781
0.8567852743021992, -0.09870016934573339, 0.5026616550098532
0.8291440822453182, -0.22759009958816945, 0.5068749228734125
0.7836983679444761, -0.35145302302019743, 0.5081979746419975
0.7221252332556914, -0.46809241218994846, 0.5052032542437718
0.643999802669479, -0.5742084777830269, 0.5013306064886439
0.5487653040034406, -0.665084081729118, 0.5022175739037217
0.43960656947132326, -0.73885855156453, 0.5063166238597429
0.3209147521318322, -0.7963515180744846, 0.508198424739281
0.19561634169800837, -0.8374582145735379, 0.5057590327281121
0.06579961712486762, -0.8598593252817994, 0.5017737584742822
-0.06579956016300544, -0.8598586405699635, 0.5017736859836692
-0.1956167858244744, -0.8374599085671277, 0.5057582595380039
-0.3209160822647551, -0.7963547366576429, 0.5081988707665787
-0.4396076676846026, -0.7388604499593214, 0.5063148734709244
-0.5487604316267228, -0.6650783299325775, 0.502216731786026
-0.6439955917887747, -0.5742049111310834, 0.5013299784253233
-0.7221348820982276, -0.4680980790085272, 0.5051998324089642
-0.783708029123265, -0.35145705593069854, 0.5081993191428857
-0.8291447392901647, -0.227590325978783, 0.5068707782876739
-0.8567662557025342, -0.09869859494123455, 0.5026595132144578
-0.8629386991833135, 0.032899505066061006, 0.5008864612215164
-0.8457863329291033, 0.16364618302180006, 0.504641342607901
-0.809011123307388, 0.29037909261705297, 0.508199766255066
-0.7555862540525452, 0.4111173451026171, 0.5074267447259952
-0.6861517349966592, 0.5233080470386067, 0.503102107860468
-0.5996488545204294, 0.6229122213780569, 0.5004431335916745
-0.49659516407905446, 0.7054206204570572, 0.5040827894358453
-0.3819994062370483, 0.7710645157207565, 0.5082002121134237
-0.2595615984615514, 0.8208206614897594, 0.5079827735925928
-0.13159701813668323, 0.8536664946132145, 0.5035445158524458
0.0, 0.866025403784437, 0.5000000000000029
0.0, 0.866025403784437, 0.5000000000000029
0.13159679064535842, 0.8536637635840132, 0.5035442151436658
0.2595611017588715, 0.8208186651710624, 0.5079818306725379
0.382001028697982, 0.7710683601738988, 0.5082007396622451
0.49660094014281647, 0.7054304307498727, 0.5040805417950918
0.5996477388650767, 0.6229109026225824, 0.500442952774894
0.6861408491167801, 0.5232988329670111, 0.5031005084224843
0.7555834767296224, 0.411115643485247, 0.5074233659017379
0.8090214667259121, 0.29038332016646135, 0.5082011872349006
0.8458063521696921, 0.16365137740710536, 0.5046364082193174
0.8629319193463602, 0.0328989410834243, 0.5008857066239012
0.8567439459954664, -0.09869673972739611, 0.5026569954164166
0.8291457558601051, -0.22759067344630457, 0.5068648316279263
0.7837248049667357, -0.35146406014185255, 0.5082016348114076
0.7221559798730928, -0.468110456602885, 0.5051923441370763
0.6439839435581048, -0.5741950511497584, 0.5013282662797343
0.5487429119013892, -0.6650576326424301, 0.5022136766802584
0.43961313264149626, -0.7388699143981209, 0.5063062278225681
0.320925699537841, -0.7963780169515637, 0.5082020823069675
0.19562255356680122, -0.8374818836396594, 0.5057483495931663
0.06579731532226259, -0.8598316365007255, 0.501770630112754
-0.06579725769226455, -0.8598309470481651, 0.5017705536296057
-0.19562301913985075, -0.8374836527921652, 0.5057475544830636
-0.32092704303334463, -0.7963812683546396, 0.5082025295351277
-0.4396142913775367, -0.7388719228637811, 0.5063044240911494
-0.5487379418506937, -0.6650517579409219, 0.5022128032770291
-0.6439796381427769, -0.574191408673461, 0.5013276227600338
-0.7221659541172735, -0.4681163010538638, 0.5051888114543385
-0.7837345446068651, -0.35146812580110326, 0.5082029764958776
-0.8291466015942, -0.22759095383992672, 0.5068605682290329
-0.8567245184376785, -0.09869511908514617, 0.5026547810056574
-0.862924769581263, 0.032898344767433606, 0.5008848873170864
-0.8458323561107544, 0.1636581390027485, 0.5046299987518313
-0.8090377484704301, 0.29038997672683164, 0.5082034232344124
-0.755578258015425, 0.4111124435810286, 0.5074167817489367
-0.6861143441942017, 0.5232764096949272, 0.5030965647660111
-0.5996443226366646, 0.6229068648475875, 0.5004423463689515
-0.49662514833039917, 0.7054715954100756, 0.5040711164062835
-0.38201059869995824, 0.7710910493145539, 0.5082038696659595
-0.25955657877314325, 0.8208005084935225, 0.5079730646097766
-0.13159235395803184, 0.8536105814291796, 0.503538154653358
0.0, 0.8660254037844373, 0.5000000000000023
0.0, 0.8660254037844373, 0.5000000000000023
0.13159212335411785, 0.8536078271579924, 0.5035378383531148
0.2595560906502226, 0.8207985503239089, 0.5079721059581379
0.38201224673524065, 0.7710949571205542, 0.5082044063705023
0.49663109548382517, 0.7054817199697136, 0.5040687894357129
0.5996432079577287, 0.6229055464500748, 0.5004421483743038
0.6861032656382307, 0.5232670428463353, 0.5030949037756843
0.7555756013405779, 0.4111108128843685, 0.5074133245023693
0.8090482177449362, 0.2903942573434467, 0.5082048547776232
0.8458530151841295, 0.1636635222075309, 0.5046248946552295
0.8629178864282269, 0.03289776845300639, 0.5008840955832117
0.856701800312159, -0.0986932171307735, 0.5026521710343119
0.8291479514258626, -0.22759139397673792, 0.506854465770479
0.7837515032397103, -0.3514752047511767, 0.5082053018892992
0.7221878041128691, -0.46812908881775817, 0.5051810760613025
0.6439677653124711, -0.5741813704707416, 0.5013258432104271
0.5487200983015817, -0.6650306535949209, 0.5022096402058637
0.43962007314131, -0.7388819592693374, 0.5062955293515272
0.32093675695413804, -0.7964047804110239, 0.5082057477492677
0.19562904765470357, -0.8375065193563851, 0.5057373341078386
0.06579495135403995, -0.8598034013776936, 0.5017673910917437
-0.06579489398115501, -0.8598027166532004, 0.5017673089602035
-0.19562953483125883, -0.8375083646373069, 0.5057365165637402
-0.3209381117569846, -0.7964080605366268, 0.5082061945731028
-0.43962129278986095, -0.7388840797471017, 0.5062936687951769
-0.5487150259986403, -0.665024650195521, 0.5022087349082698
-0.6439633657529401, -0.5741776527615511, 0.5013251827858916
-0.7221981121856458, -0.46813511497906357, 0.5051774266240978
-0.7837613170278828, -0.3514793016479315, 0.5082066386198426
-0.8291489968702744, -0.2275917320392079, 0.5068500785927131
-0.8566819599152229, -0.0986915494445887, 0.502649880376862
-0.8629105650916025, 0.032897153209785736, 0.500883258471337
-0.8458797808204004, 0.16367051064588048, 0.504618259051418
-0.8090646218915245, 0.29040096453305564, 0.5082070820137238
-0.7555705402254514, 0.4111077032042112, 0.5074065655647918
-0.6860761937985451, 0.5232441685566545, 0.5030908249580668
-0.5996397018792301, 0.6229013968095098, 0.5004415325983105
-0.4966559376115527, 0.7055240592727781, 0.5040590151557589
-0.3820218922635554, 0.7711178304547869, 0.5082075283028584
-0.2595515770124243, 0.8207804553417323, 0.5079631318864691
-0.1315875652924906, 0.8535535809024338, 0.5035315649921667
0.0, 0.8660254037844377, 0.5000000000000019
0.0, 0.8660254037844377, 0.5000000000000019
0.13158733246647036, 0.8535508129251799, 0.5035312309655179
0.2595511035581222, 0.8207785595963307, 0.5079621611881394
0.38202357551952576, 0.7711218256228101, 0.5082080819983983
0.49666207143523655, 0.7055345267478785, 0.504056606185007
0.5996385886959639, 0.6229000790650471, 0.5004413164885207
0.6860649304632684, 0.5232346557019996, 0.5030890974575627
0.7555680263563753, 0.4111061563172326, 0.5074030299362837
0.8090752291617935, 0.2904053035307049, 0.5082085276132989
0.8459011089749835, 0.1636760922619367, 0.5046129767167222
0.8629035585644589, 0.03289656235277046, 0.5008824331479437
0.8566588190542308, -0.0986895986583348, 0.5026471743060652
0.8291506956481037, -0.2275922699562266, 0.5068438123882297
0.7837784566304534, -0.3514864546022787, 0.508208972081899
0.7222207408203092, -0.4681483257925564, 0.5051694319513145
0.6439512443085514, -0.574167417033048, 0.5013233411173162
0.5486968483795399, -0.6650031247380437, 0.5022054574467805
0.4396274056057814, -0.7388947163465045, 0.5062845117086248
0.3209479236473061, -0.7964318079887678, 0.5082094191336187
0.1956358381846358, -0.8375321671687685, 0.505725972371872
0.06579252449219515, -0.8597746201603034, 0.5017640348031056
-0.0657924657661208, -0.8597739249872374, 0.5017639492723964
-0.19563634728464524, -0.8375340876856159, 0.505725128968632
-0.3209492917385651, -0.7964351207644156, 0.5082098666789321
-0.43962869390418524, -0.7388969622586216, 0.5062825948602404
-0.5486916741491141, -0.6649969930450904, 0.5022045202933392
-0.6439467476339406, -0.5741636221742771, 0.5013226601445065
-0.7222314120952742, -0.46815454915417565, 0.5051656595789848
-0.783788364712705, -0.35149059060055743, 0.5082103098362344
-0.8291519731067513, -0.22759267444629577, 0.5068393006555301
-0.8566385626114262, -0.09868788314827381, 0.5026448041747046
-0.862896063049466, 0.032895927553818045, 0.5008815747225931
-0.8459286981270197, 0.1636833264493971, 0.5046061052586666
-0.8090917844414907, 0.290412073793956, 0.5082107545767772
-0.7555631548123289, 0.4111031552304589, 0.5073960930523258
-0.6860372736573669, 0.5232113170314323, 0.5030848788364892
-0.5996349890157229, 0.6228958126746885, 0.5004406903235303
-0.49668759408863583, 0.7055781286515148, 0.5040464686526074
-0.3820333116521661, 0.77114492139415, 0.5082112069385682
-0.2595466086645893, 0.8207605626633915, 0.5079529752210221
-0.13158264737900666, 0.853495463096815, 0.5035247382407372
0.0, 0.8660254037844379, 0.5000000000000012
0.0, 0.8660254037844379, 0.5000000000000012
0.13158240494950574, 0.853492607684347, 0.5035243975205175
0.25954612598149984, 0.8207586317758206, 0.507951971965255
0.38203499125153256, 0.7711489071426427, 0.5082117452079365
0.4966938719215512, 0.7055888669847754, 0.504043965512981
0.5996338184850797, 0.622894424621752, 0.500440483502972
0.6860257328963046, 0.5232015838408324, 0.5030830978559637
0.7555607078760098, 0.411101645466824, 0.5073924546711746
0.809102455554025, 0.2904164391728065, 0.508212188635718
0.845950657199483, 0.16368909769000672, 0.5046006322210662
0.8628888769342691, 0.03289531699982623, 0.5008807334214065
0.8566149270500578, -0.09868587498157014, 0.5026420044849677
0.8291539965315291, -0.22759330577619064, 0.5068328520272054
0.7838056601300466, -0.3514978078902143, 0.5082126419375901
0.7222548402876451, -0.46816819296614476, 0.5051573939164297
0.6439343699365594, -0.5741531828236912, 0.5013207570104012
0.5486731432214316, -0.6649750212071551, 0.5022011253612154
0.43963514905022455, -0.7389082224989478, 0.5062731602713098
0.3209592027837558, -0.7964591066589608, 0.5082130970366571
0.19564294037216873, -0.8375588723338129, 0.5057142462261717
0.06579003084746338, -0.859745262051536, 0.501760559300644
-0.06578997057523253, -0.8597445557456999, 0.5017604703150729
-0.19564347219156009, -0.8375608706718882, 0.5057133754964079
-0.32096058423208673, -0.7964624524745045, 0.5082135451994009
-0.4396365098036098, -0.7389106011941002, 0.5062711850319589
-0.5486678677565198, -0.6649687618228372, 0.5022001548815753
-0.6439297762396645, -0.5741493112170142, 0.5013200524700668
-0.7222658920412738, -0.46817462205856464, 0.5051534912748976
-0.7838156739760788, -0.35150198734799654, 0.5082139837782524
-0.82915553676593, -0.22759378498535565, 0.5068282154349706
-0.856594278870217, -0.09868411396164162, 0.5026395492846842
-0.8628812589035273, 0.03289466719085239, 0.5008798342324915
-0.8459791410119817, 0.16369659926371732, 0.5045935143264484
-0.8091192104969799, 0.2904232936536578, 0.5082144305462104
-0.7555560997428081, 0.4110987967238273, 0.5073853474216987
-0.6859975493817568, 0.5231778286849306, 0.5030787224251483
-0.599630224964112, 0.6228901623010203, 0.5004398003614371
-0.49672012416685424, 0.7056338230153808, 0.5040334493370405
-0.3820448325520136, 0.7711722613582797, 0.5082148835728861
-0.25954166246475274, 0.8207407811704104, 0.5079425720626852
-0.13157759157172633, 0.8534361569114198, 0.5035176717406974
0.0, 0.8660254037844383, 0.5000000000000006
0.0, 0.8660254037844383, 0.5000000000000006
0.1315773440230058, 0.853433260041308, 0.5035173163488854
0.25954118782540814, 0.8207388850582791, 0.5079415488259474
0.3820465345286921, 0.7711763027739099, 0.5082154278694305
0.4967265834110042, 0.7056448989981257, 0.5040308521212569
0.5996290178535898, 0.6228887284119217, 0.5004395918567143
0.6859857828731191, 0.5231679172802443, 0.5030768748328747
0.7555537835822848, 0.4110973621598426, 0.5073816160927723
0.8091300024924591, 0.29042770998816136, 0.5082158716150968
0.846001818744214, 0.16370258558426365, 0.504587844287272
0.8628739736906736, 0.03289404392774521, 0.5008789485516691
0.856570202064177, -0.09868205407569966, 0.50263664680656
0.8291579517023941, -0.22759452715295425, 0.5068215893018313
0.7838331602338942, -0.3515092822759113, 0.5082163250307915
0.7222901823118116, -0.46818873154897106, 0.5051449400587605
0.6439171672704692, -0.5741386901936996, 0.5013180686506913
0.548648982394634, -0.6649463421275735, 0.5021966419485546
0.4396433251212678, -0.7389225185447417, 0.5062614640108728
0.32097059422629637, -0.7964866747189916, 0.5082167791289987
0.1956503676216225, -0.8375866721363958, 0.5057021346380343
0.06578746687512513, -0.8597153013657111, 0.5017569615438802
-0.06578740627837695, -0.8597145948672754, 0.5017568671990129
-0.1956509245051079, -0.8375887573029439, 0.5057012373945882
-0.3209719881846398, -0.7964900523312075, 0.5082172272191748
-0.43964475818310844, -0.7389250312299498, 0.5062594244460892
-0.5486435970359328, -0.6649399434062545, 0.5021956357921564
-0.6439124630054001, -0.5741347305213305, 0.5013173460805956
-0.7223016199602272, -0.46819536841658477, 0.5051409011753683
-0.7838432637771182, -0.35151349897038475, 0.5082176649505512
-0.8291597466019356, -0.22759508028045544, 0.506816815840671
-0.8565491205218316, -0.09868024227405614, 0.502634105574496
-0.8628661896416975, 0.032893374917852714, 0.500878020624067
-0.8460312013915516, 0.163710358068771, 0.5045804654840844
-0.8091469220699459, 0.29043463366946226, 0.5082181156237261
-0.755549412743808, 0.4110946486745429, 0.5073743198038305
-0.6859570089648671, 0.5231436957564345, 0.5030723439581459
-0.5996253630447842, 0.6228843881313111, 0.5004388808094788
-0.49675356958482175, 0.7056912252771969, 0.5040199332833233
-0.38205646793459086, 0.7711998838451214, 0.5082185675259053
-0.25953675445997565, 0.8207211730119592, 0.5079319211051493
-0.13157239573960045, 0.853375659587489, 0.5035103514393316
0.0, 0.8660254037844387, 0.5
0.0, 0.8660254037844387, 0.5
0.13157214484698093, 0.8533727397244841, 0.5035099777501928
0.2595362950107828, 0.8207193404027282, 0.507930882316671
0.38205820770456017, 0.7712040193496669, 0.5082191307300852
0.4967602435343883, 0.7057026984689054, 0.5040172413212781
0.5996241985342187, 0.6228830045729028, 0.5004386345696848
0.6859450183387317, 0.5231336072253413, 0.5030704285234436
0.7555472426031604, 0.41109329768091823, 0.507370493390309
0.8091578412943817, 0.2904391036863649, 0.5082195652349198
0.8460546295795103, 0.1637165700696206, 0.5045745879741373
0.8628588095005447, 0.03289273900779587, 0.5008770870394009
0.8565245703260331, -0.09867812691410045, 0.5026311001187624
0.8291625649649679, -0.22759593800347044, 0.5068100016618576
0.7838609394564989, -0.3515208711712261, 0.5082200137922266
0.7223268071145263, -0.4682099608492894, 0.5051320496171541
0.6438996215829935, -0.5741239277019703, 0.5013152770924658
0.548624331864739, -0.66491704368581, 0.5021920047919108
0.4396519473940633, -0.7389376346652949, 0.506249401077737
0.32098209754023377, -0.7965145131352542, 0.5082204637460963
0.19565813780304359, -0.8376156239665589, 0.5056896212570375
0.06578483121591683, -0.8596847354262758, 0.5017532345584894
-0.06578476884269996, -0.8596840102423415, 0.5017531375970243
-0.1956587200255002, -0.8376177918682808, 0.50568869278807
-0.3209835053952189, -0.7965179229380164, 0.508220911803269
-0.43965346207074607, -0.7389402961462261, 0.506247299128438
-0.5486188529021239, -0.6649105255158461, 0.5021909593409769
-0.6438948098388287, -0.5741198830195529, 0.5013145300577411
-0.7223386684518581, -0.46821682508537676, 0.5051278674615951
-0.783871152871495, -0.35152513237476934, 0.5082213578492634
-0.8291646550780152, -0.22759657561014074, 0.5068050918132387
-0.856503081046319, -0.09867626643579816, 0.5026284647487284
-0.8628508745667482, 0.032892051925956046, 0.5008761226601556
-0.8460849685056228, 0.1637246318371778, 0.5045669358242731
-0.8091749388556141, 0.2904461026851081, 0.5082218148850912
-0.7555431362831164, 0.4110907348213212, 0.5073630019358224
-0.6859156460854168, 0.5231089147033086, 0.5030657327454511
-0.5996204356060053, 0.6228785289977811, 0.5004379147604959
-0.4967879806264616, 0.7057504334629177, 0.5040058961705365
-0.3820682280179859, 0.7712278150898814, 0.5082222659305604
-0.25953189470750215, 0.8207017753155216, 0.5079210152973316
-0.1315670554512737, 0.8533139460599234, 0.5035027662391883
0.0, 0.866025403784439, 0.49999999999999944
0.0, 0.866025403784439, 0.49999999999999944
0.1315667949039581, 0.8533109412662276, 0.5035023832753055
0.2595314311091533, 0.8206999269783881, 0.5079199435616463
0.38206997005820287, 0.7712319557525458, 0.5082228175423293
0.4967948227452401, 0.7057622250637349, 0.5040030951993414
0.5996192156099948, 0.6228770768697677, 0.5004376749366537
0.6859033746537592, 0.5230986048681162, 0.5030637529030209
0.7555410844672497, 0.4110894498860018, 0.5073590658052698
0.8091859485368538, 0.29045061048595155, 0.508223259607597
0.8461091307645208, 0.1637310671508711, 0.5045608367461083
0.8628433692955055, 0.03289140091698682, 0.5008751499922615
0.8564779736759156, -0.09867408542011585, 0.5026253607961461
0.8291678571186399, -0.22759754617878764, 0.5067980688233151
0.7838889899562755, -0.35153257142056527, 0.5082237036130122
0.7223647607569423, -0.46823190272392634, 0.5051186998706422
0.6438817143300394, -0.5741088803679878, 0.5013123835097955
0.5485991814294346, -0.6648871103313313, 0.5021872046850882
0.4396610393255377, -0.7389536160230297, 0.5062369530647036
0.3209937159221106, -0.7965426283389803, 0.5082241512143314
0.19566626886570546, -0.8376457794224166, 0.5056766852139228
0.06578212141524437, -0.859653543763651, 0.5017493738919436
-0.06578205359896716, -0.8596527722905241, 0.5017492784542965
-0.19566687907631075, -0.8376480384104785, 0.5056757219864347
-0.3209951415776626, -0.7965460790035499, 0.5082246020477617
-0.43966264421941925, -0.7389564416788912, 0.5062347889063419
-0.5485936077435456, -0.6648804715965786, 0.502186120144761
-0.6438767989447247, -0.5741047545525564, 0.5013116070600454
-0.722377074399849, -0.46823900919244754, 0.5051143673739215
-0.7838993190734332, -0.3515368794302642, 0.5082250531454151
-0.8291702609672607, -0.22759827416032408, 0.506793015900135
-0.8564560542280176, -0.0986721730229559, 0.5026226279261298
-0.8628352397249837, 0.032890691332528685, 0.5008741592012474
-0.8461404504965324, 0.16373942787344942, 0.5045528953026746
-0.8092032135576571, 0.29045768042544323, 0.5082255101068515
-0.7555372472099263, 0.41108703886195624, 0.5073513668260996
-0.685873376929479, 0.5230734208518407, 0.5030588870214467
-0.599615315134475, 0.6228724293659952, 0.5004369561279889
-0.49682335488053725, 0.7058114554137257, 0.5039913027141448
-0.3820800948569289, 0.7712560110538013, 0.5082259618267576
-0.2595270763548196, 0.820682556484605, 0.5079098327486253
-0.13156156065471308, 0.8532509376130137, 0.5034949128668391
0.0, 0.8660254037844394, 0.49999999999999867
0.0, 0.8660254037844394, 0.49999999999999867
0.1325631164244568, 0.8530199188866159, 0.5035277050407514
0.2633543034102257, 0.8191631750250974, 0.5079249165436598
0.39013208965813584, 0.7666754764882989, 0.507928748936814
0.5093522238324815, 0.6951771249578091, 0.5036526441735771
0.6153789772396119, 0.6026585924310207, 0.5010582533844754
0.7033062229636002, 0.4905145684425304, 0.5038147707410131
0.7721782123959152, 0.36366647750772385, 0.5066979415911805
0.8195284234783548, 0.22593207672884194, 0.5068292230566154
0.8433582585481797, 0.08133015071335581, 0.5049160382613392
0.841183443762056, -0.06668327756008806, 0.5026678781631231
0.8103433508342248, -0.21291809517852373, 0.5027228788983954
0.7520053536835969, -0.3514896624904017, 0.5052705612965659
0.6691997404122166, -0.4776067088165945, 0.507807003499062
0.5655211911753713, -0.5882681052848541, 0.5061032924380159
0.4423673842749143, -0.6775771289553147, 0.5017337275671876
0.3345022384435571, -0.711797620649435, 0.5013318347580535
0.25736577333080446, -0.6857610940634411, 0.5036465549018515
0.18007332254481148, -0.6383435818460275, 0.5046147092638774
0.10499405490102046, -0.570756681682665, 0.5030422344303547
0.03369256066654973, -0.4828562380116081, 0.500894989748701
-0.03208815116996112, -0.37465344222900165, 0.5008523730840139
-0.09067668459702567, -0.2477562674528289, 0.5026273838294001
-0.14092694945660478, -0.10502221717005009, 0.5036115128517235
-0.1823007585836084, 0.051055488793509185, 0.5025829774990566
-0.2140814351299126, 0.21927330999538697, 0.5008523732854899
-0.2945986579456241, 0.33338836757716767, 0.502044082977403
-0.4198569899642163, 0.3799383771988417, 0.5070259119330965
-0.5368437574706221, 0.4001393994810889, 0.5073232939969279
-0.6426860201749114, 0.3937731813070651, 0.503118808098894
-0.7307160807459645, 0.35730842577739985, 0.5028987655138524
-0.795722699198442, 0.2918319901426268, 0.5064357027021076
-0.8362169806578039, 0.20116670926943828, 0.5058520168961549
-0.8517775560049115, 0.08906767716016953, 0.5024636133225008
-0.836368706103861, -0.04039011927728149, 0.5041853328815763
-0.7875952321818456, -0.18007903173786072, 0.5074730329190733
-0.7131174989082504, -0.3254174300717457, 0.5049110440670949
-0.6126870263339187, -0.4696745206800811, 0.5008705472155296
-0.4840621242873486, -0.6003453781717408, 0.5044583096068523
-0.3341625816206829, -0.7110064277120954, 0.508214271505238
-0.17162927780020057, -0.8024507643017514, 0.5048136779017949
0.0, -0.86602540378444, 0.49999999999999784
0.0, 0.8660254037844398, 0.499999999999998
0.17162899852822655, 0.8024539391825914, 0.504813273535855
0.3341621179303619, 0.7110082637288094, 0.508213134976129
0.48406387412050106, 0.6003411685906686, 0.5044588478371843
0.6126942767492181, 0.4696620315582761, 0.500867503184543
0.7131162266246103, 0.32541895986017316, 0.5049107904687905
0.7875823938254601, 0.1800897614554581, 0.5074709035341813
0.8363670120283675, 0.04039124729440692, 0.5041811598038533
0.8517887622289992, -0.08907226912271667, 0.5024650547687947
0.8362427085396916, -0.20117362469052216, 0.5058454367330729
0.7957147612954851, -0.2918312889490796, 0.5064346936796544
0.7306899170122736, -0.3573107347685919, 0.5028954287361931
0.6426900913138693, -0.3937719550276633, 0.5031113449954648
0.5368619317969028, -0.4001318221680207, 0.5073256343031189
0.4198850130921328, -0.37992227197064443, 0.5070160581344453
0.29458492418246673, -0.33339987456387404, 0.5020418089621954
0.21406097653945105, -0.2192977309068223, 0.500848332498947
0.18230917522183684, -0.05104061314442698, 0.5025719396056674
0.14093736215364744, 0.10504740931470097, 0.5036147521724864
0.09068495518220339, 0.2477866426594982, 0.5026145290697112
0.03208535092980223, 0.3746217097774449, 0.5008483315982705
-0.03368961975505444, 0.48282292351853695, 0.5008907454697468
-0.10500362934973105, 0.5707918510153968, 0.5030273499603917
-0.1800866252895733, 0.6383757702380812, 0.5046188475248972
-0.2573776533105116, 0.6857820943684427, 0.5036309717728107
-0.33447027325909073, 0.711759467745034, 0.5013255201601499
-0.44234356385263984, 0.6775571742929418, 0.5017297889145291
-0.5655752479158291, 0.5882991744891639, 0.5060842893952091
-0.6692388932555331, 0.47762303376044274, 0.5078120476462183
-0.7520151951121028, 0.3514926278470296, 0.5052525265699831
-0.8102719678664649, 0.2129117958509098, 0.5027137854693945
-0.8411588945756758, 0.06668544472322167, 0.5026647336495742
-0.8434497475383711, -0.08135474326702756, 0.5048926438347198
-0.8195746812961722, -0.22595102553691376, 0.5068351649240975
-0.7721696657826258, -0.3636610356102285, 0.5066777250840949
-0.7032314590931508, -0.49045192910731444, 0.5038023925956876
-0.615369775122734, -0.6026476079945213, 0.5010564322826148
-0.5094190534858716, -0.6952928978595398, 0.5036245895484998
-0.3901544160594233, -0.7667285587033158, 0.5079355991233309
-0.2633453010537411, -0.8191272878862552, 0.5079027904803656
-0.13255191527992335, -0.8528930103005722, 0.5035115359921649
0.0, -0.8660254037844404, 0.49999999999999706
-1.309942193294489e-15, -0.8660254037844404, 0.49999999999999717
0.13154979921367746, -0.811505382474836, 0.5034779348585241
0.2595171474301242, -0.7405819635962144, 0.5078854330950857
0.3821059349216537, -0.6584377844144397, 0.5082338845706827
0.49690462043277495, -0.5681936161765296, 0.5039571698831615
0.5996035498353884, -0.47094307390929474, 0.5004346324129596
0.6857729606104026, -0.3699287082174391, 0.5030422610711356
0.7555252034344548, -0.27071161007420946, 0.5073228157164841
0.8092718944116946, -0.17712174297656844, 0.5082343319758245
0.8462834306269358, -0.09186967658375053, 0.5045163272679744
0.8627947883927906, -0.016845173283956724, 0.5008690008151544
0.8563323264984083, 0.045722833734822124, 0.5026068559726758
0.8291882646465789, 0.09437124527719574, 0.5067600427227948
0.783974816774181, 0.12861731769114992, 0.5082347755587984
0.7224872206266344, 0.14847493543412568, 0.5050756374324663
0.6438255290126406, 0.154024097524932, 0.5013031076748601
0.548520706211183, 0.14594565175237656, 0.5021717231025201
0.4396913775342022, 0.12616252313233706, 0.5061971123643287
0.32102927105077483, 0.09713550155130096, 0.5082352183755117
0.19569301308141646, 0.06128101772353611, 0.5056351034754556
0.0657735077405881, 0.020981534536892943, 0.5017369467850459
-0.06577343553647347, -0.020947971899395512, 0.5017368401741237
-0.19569371435159996, -0.0613158701055081, 0.5056340346717354
-0.3210307394225683, -0.09716461503902801, 0.5082356679755715
-0.43969325100318896, -0.12618199033495614, 0.5061947232489225
-0.548514802933246, -0.14591336517991638, 0.5021705120796163
-0.6438202872897832, -0.15400786069860348, 0.5013022467551076
-0.7225009305999066, -0.14849972931886893, 0.5050708009841078
-0.7839854288404127, -0.12862943145349537, 0.5082361148741288
-0.8291916317623613, -0.09437370195932211, 0.5067544951341069
-0.8563089547264121, -0.04571833284947278, 0.5026038200797076
-0.8627860847333615, 0.016843663541876816, 0.5008679158502718
-0.8463178449482402, 0.09188631300795576, 0.5045074106151076
-0.8092895994483019, 0.17713366802913627, 0.5082365545300044
-0.7555222361201382, 0.27070870766967275, 0.5073144176280592
-0.6857408534707327, 0.3698908097183784, 0.5030368739967574
-0.5995994090939804, 0.4709365586001739, 0.5004338309185064
-0.4969356907805665, 0.5682607830293145, 0.5039438721689171
-0.3821163395385884, 0.6584667914594303, 0.5082370173644599
-0.25951295733264845, 0.7405634598286039, 0.5078745141198255
-0.13154409424631433, 0.8114382429095486, 0.5034696283613015
0.0, 0.8660254037844408, 0.4999999999999963
0.0, 0.8660254037844408, 0.4999999999999964
0.13154379283242298, 0.8114415049826671, 0.5034692015407313
0.25951251093993305, 0.7405652499862108, 0.5078733190785623
0.38211815108774766, 0.6584625579819647, 0.5082375704708197
0.4969433933091445, 0.568247545945648, 0.503940590657894
0.5995981766656746, 0.4709382893867463, 0.5004335172131196
0.6857275636665443, 0.3699020658895452, 0.503034581282103
0.7555208903895951, 0.27070967557280784, 0.5073100264671232
0.8093011081342323, 0.17712901511157592, 0.5082380203100213
0.846345425056172, 0.09187889479477482, 0.5045003052176584
0.8627779457114974, 0.01684442428388765, 0.5008667898629473
0.856281672555564, -0.0457207865529965, 0.5026002457540992
0.8291967057138248, -0.0943721916433218, 0.5067465584323079
0.7840039843355362, -0.12862172315596937, 0.5082384602137127
0.7225311205881009, -0.14848252533247397, 0.5050601851385956
0.6438059680624675, -0.15401989500446145, 0.501299793660743
0.548493486982074, -0.1459388128788906, 0.5021661817869857
0.4397025838963749, -0.12616538486216694, 0.5061829234218517
0.32104135644103815, -0.09713891549539466, 0.5082389021390425
0.1957027811989299, -0.06128286674079819, 0.5056202346833557
0.06577046567498435, -0.02098110697392014, 0.5017325033758677
-0.06577039168816691, 0.020946818142644708, 0.501732391777373
-0.19570351346054185, 0.06131919169962391, 0.5056191262669596
-0.3210428384315644, 0.09716831366602896, 0.5082393510663542
-0.439704556297263, 0.12618593811639967, 0.5061804514746981
-0.5484874304420067, 0.14590577632690904, 0.5021649398998371
-0.6438006438898174, 0.1540033527136966, 0.5012988866247128
-0.7225453765264191, 0.1485081979131056, 0.5050551624163473
-0.784014723765024, 0.12863396268442145, 0.5082398061451209
-0.8292004620183142, 0.09437491795676234, 0.506740839205805
-0.8562578181932212, 0.04571615371100689, 0.5025971040240025
-0.8627691926925956, -0.01684288780962944, 0.5008656265544161
-0.8463810371073498, -0.0918961837942814, 0.5044910308612998
-0.8093190239893019, -0.17714107800428475, 0.5082402543207166
-0.755518320468013, -0.2707071000388753, 0.5073013905571597
-0.6856948131502179, -0.36986345179647845, 0.503028988447887
-0.5995940153096673, -0.4709316971959531, 0.5004326595760283
-0.4969753754642391, -0.568316876894139, 0.5039267316648018
-0.3821286518081483, -0.6584918455648997, 0.5082406979830012
-0.2595083909062051, -0.7405470456940735, 0.507862105272231
-0.13153791578270285, -0.8113729058128334, 0.5034605982024682
0.0, -0.8660254037844414, 0.49999999999999545
-1.3375560473382738e-15, -0.8660254037844414, 0.49999999999999556
0.13153761930343041, -0.8529819162174461, 0.5034601346995947
0.25950795905785695, -0.820606340486192, 0.5078608856617761
0.3821304727071697, -0.7713758439925388, 0.5082412463280923
0.49698325874249394, -0.7060892523821042, 0.5039233027550514
0.5995925501697671, -0.6228452155728873, 0.5004324224772165
0.685681136425986, -0.5229126050697745, 0.5030266228499914
0.7555170896473858, -0.4110740062565341, 0.5072968455302017
0.8093305508654867, -0.2905098639067595, 0.5082416848194853
0.8464093908030077, -0.16381208779653209, 0.5044836241050729
0.8627605815537019, -0.032884045800289995, 0.5008645459800309
0.8562299273367269, 0.09865204482457775, 0.502593388620526
0.8292060394971463, 0.22760904201406654, 0.506732630716592
0.7840334192775325, 0.35159278090880064, 0.5082421335285182
0.7225766471982671, 0.4683533656124952, 0.5050441295461771
0.6437859434993318, 0.5740287520286821, 0.5012963736748258
0.5484657214942025, 0.6647275940963542, 0.502160431839984
0.4397143903587235, 0.7390481875787731, 0.506168240598721
0.3210535662295799, 0.7966874259784977, 0.5082425849661499
0.1957130182367428, 0.8378166033730174, 0.5056048151186657
0.06576733027877583, 0.8594873769332507, 0.501727902586213
-0.06576725853262264, 0.8594865769943663, 0.5017277797336639
-0.19571377656439964, 0.8378193486062007, 0.5056036652389528
-0.3210550551627738, 0.7966910341515261, 0.5082430286519668
-0.43971645758819633, 0.7390518830404612, 0.5061656779907971
-0.5484594770631457, 0.6647201019023943, 0.5021591687944706
-0.6437805810530641, 0.5740242820628338, 0.5012954041498112
-0.7225914546060102, 0.46836179227679786, 0.5050389092168179
-0.7840442655591612, 0.3515973012445337, 0.5082434782182372
-0.8292101854055777, 0.22761028959939578, 0.5067267249915914
-0.856205529695466, 0.09864983042023442, 0.5025901434826617
-0.8627517524740969, -0.03288324430487552, 0.5008633084564431
-0.8464462440914001, -0.16382216029675278, 0.5044739709397961
-0.8093486522934259, -0.29051728531917104, 0.5082439190306222
-0.7555149072868709, -0.4110725088326234, 0.5072879487244141
-0.6856476436266837, -0.5228846872862194, 0.5030208313565467
-0.5995883306740749, -0.6228401513422942, 0.500431521042157
-0.4970162428278325, -0.7061469463296333, 0.5039088586388056
-0.382141080894297, -0.771401102356753, 0.5082443764447754
-0.259503913759411, -0.8205901886087851, 0.507849359241177
-0.1315315565593393, -0.8529151682489424, 0.5034512324030112
0.0, -0.8660254037844417, 0.49999999999999456
-1.3519924266465163e-15, -0.8660254037844417, 0.49999999999999456
0.13153125344722916, -0.8113097868008736, 0.5034507487121995
0.2595034945959309, -0.7405327321606918, 0.5078481090698668
0.38214291932522443, -0.6585128272927963, 0.5082449251577706
0.4970243598834139, -0.5683605826940431, 0.5039052813260094
0.5995869278530472, -0.47092812021303887, 0.5004312355559721
0.6856336306236348, -0.3698470640821836, 0.503018389237629
0.7555138918906871, -0.27070636044083307, 0.5072832666730749
0.8093603130318565, -0.17714373482466872, 0.5082453552649329
0.8464755968842749, -0.09189834738303757, 0.5044662594627565
0.8627429680646475, -0.01684283077724999, 0.5008621827467751
0.8561769954609755, 0.04571649773376833, 0.5025863000645241
0.8292163260638087, 0.09437439479923768, 0.5067182419824898
0.7840631437343397, 0.12863063882954862, 0.5082458018208932
0.7226239215682444, 0.1484984446815109, 0.5050274384270012
0.6437655298533245, 0.15401111669817044, 0.5012928067391031
0.5484373132354767, 0.145924809185133, 0.502154495516552
0.4397268074176538, 0.1261716338873154, 0.5061530309694724
0.32106588540918957, 0.09714588234141125, 0.5082462562738932
0.1957237334322648, 0.06128685892276392, 0.505588813863766
0.06576410418067798, 0.020980096822473926, 0.5017231262913728
-0.06576402545547111, -0.02094429747593063, 0.501723009744025
-0.19572454169057035, -0.06132634114677821, 0.5055876188537922
-0.32106740045586757, -0.09717585330979273, 0.5082467045773799
-0.43972899355649897, -0.1261945392742877, 0.5061503819260633
-0.5484310118952254, -0.14589027532823778, 0.5021531622143356
-0.6437599732706615, -0.15399387103428716, 0.501291826906711
-0.7226393071335786, -0.14852594520225898, 0.5050220088804804
-0.7840741083870183, -0.12864310936023712, 0.5082471479559489
-0.8292208960389258, -0.09437770342292137, 0.5067121413481833
-0.8561521199817361, -0.045711580049105804, 0.5025829258054402
-0.8627338726149352, 0.01684119521867923, 0.5008609178217031
-0.846513764144981, 0.09191704347424351, 0.5044562059542846
-0.8093786425950712, 0.17715607072911635, 0.5082476056573263
-0.7555121751679535, 0.27070447667266706, 0.5072741122061795
-0.6855995320539212, 0.36980690960441, 0.5030123555217278
-0.5995825812176964, 0.47092121920618907, 0.5004303168874163
-0.4970583433232484, 0.5684346585081331, 0.5038902098750372
-0.3821536387732776, 0.6585427512313332, 0.5082480632605534
-0.25949955071409614, 0.7405152668717422, 0.5078362733072477
-0.1315250190066552, 0.8112382121146036, 0.5034415035551665
0.0, 0.8660254037844423, 0.4999999999999938
0.0, 0.8660254037844423, 0.4999999999999938
0.1314647514371201, 0.811634837983415, 0.5041006750590701
0.2592653622860982, 0.7412607900393302, 0.5091139640420593
0.38163529411066327, 0.6595844819785592, 0.510161110136546
0.4961489098504533, 0.5697191949269146, 0.506516933013106
0.5981819081072459, 0.472375197868008, 0.503797746959317
0.6836882021936365, 0.3712707269899521, 0.5069795625685419
0.7531126029681154, 0.2720166900426484, 0.5117638964023692
0.8064602475520015, 0.17819950917001334, 0.5133490841052096
0.8430424979934241, 0.09257910997494387, 0.5103434100430806
0.8587066349885756, 0.01699182453720284, 0.507575328766415
0.8517658108320714, -0.04620867345641253, 0.5098786359946414
0.8246957249156285, -0.0956086615716784, 0.5144394905643777
0.7794837438411472, -0.13070572666528468, 0.5165370556865644
0.71804231684988, -0.1515227841683002, 0.5141442242803038
0.6392593728026266, -0.15801526407076594, 0.5113326925928516
0.5443344461576506, -0.15083882424294004, 0.5127978844146798
0.4363160395006368, -0.1318992738129589, 0.5171407614897392
0.3184655379548591, -0.10363694184757422, 0.5197250464932002
0.19405116924377527, -0.0685728281618408, 0.5179193784637316
0.06516149290786574, -0.02895910386178502, 0.5150698707786865
-0.06513144811852303, 0.012564715237457669, 0.5157373329198499
-0.19378614919982706, 0.05289611456265897, 0.5198676924125083
-0.31774128842382854, 0.08889001102952976, 0.5229130275084654
-0.43490852145991116, 0.11811787094620557, 0.5216688633076705
-0.542036444097278, 0.13819243698712969, 0.5187868703408387
-0.6359644487283361, 0.14704090124090546, 0.5186969819953946
-0.7137583945510491, 0.14271882366282698, 0.5226202865083012
-0.7741762822534086, 0.12418807370540402, 0.5261010134066555
-0.8182805510419175, 0.09139958157170415, 0.5253926869261553
-0.8442144033905954, 0.044360809164816176, 0.5224836958505633
-0.8502588364574688, -0.016375878919296614, 0.5216767769663613
-0.8341334718654575, -0.08954432332839678, 0.5253985499425367
-0.7973220859634672, -0.17283950163326528, 0.5292890098407068
-0.7438590384484884, -0.2643326404955278, 0.5290908528339375
-0.6744847850852514, -0.36130775795341813, 0.5261603126278009
-0.5895020139031367, -0.46045979243734264, 0.5246767627611457
-0.4886120509017518, -0.5564785112641472, 0.5282024667577837
-0.3755773100848598, -0.6453170303719828, 0.5324769678527365
-0.2549370625639271, -0.7259935840952866, 0.5327633332221634
-0.12912111439533494, -0.7954387579648229, 0.5298167614827703
0.0, -0.8494326832143148, 0.5276969932521215
-1.3553969690778226e-15, -0.8494326832143148, 0.5276969932521215
0.12889039900756782, -0.8355247031188786, 0.5321332331890476
0.25403749706256806, -0.803187344222542, 0.5372640838320826
0.3735792875496996, -0.7541907221191326, 0.5392102394593927
0.48508779112821343, -0.6892936522050563, 0.5374407123852813
0.5841139028076202, -0.6067780612541679, 0.5364887720745268
0.6671729577720784, -0.5087350398322705, 0.5400986377780087
0.7346327826961621, -0.39965378924004724, 0.5449026022676489
0.7860658227574676, -0.2821902090545525, 0.5472443129276789
0.8206885153512744, -0.15890516700667223, 0.5461084769870899
0.8347828388819004, -0.03183864562166958, 0.5452351916962895
0.8274204440746042, 0.0953879745362805, 0.5481093988733055
0.8008565018277987, 0.2198963087416025, 0.552600030989903
0.7564685257360537, 0.33920882503277006, 0.5552784066049207
0.6959746617558851, 0.4510143970383984, 0.5547173516934414
0.6186873875298307, 0.5515998960516522, 0.5539362039521274
0.5263361692437084, 0.6379978680841487, 0.5561655244332252
0.4217488575576974, 0.7090161451210519, 0.5603563666574276
0.3077037791542506, 0.7635389657540506, 0.5633125087571185
0.18731903362694083, 0.8014787161641219, 0.5632673302758435
0.0628241023197965, 0.8202934535819655, 0.5625918141292858
-0.06273879323233338, 0.819156264003259, 0.5642670667146334
-0.18656291537327946, 0.798206938548506, 0.5681715915244205
-0.30563981787928135, 0.7584144567779807, 0.5713465994061664
-0.41773768024460145, 0.7023100345343172, 0.5717584072806172
-0.519802634382736, 0.6301068728893949, 0.5712020576376946
-0.6093125319344135, 0.5432204817627297, 0.5724139945696223
-0.683745194075499, 0.44304726748323464, 0.5760457124327435
-0.7413440092893653, 0.3324158947004892, 0.5793806937928765
-0.7825876348801819, 0.21492509651496772, 0.5801905901807087
-0.8059642287749428, 0.09295634557401405, 0.5797669188986869
-0.8107315355862513, -0.030942787354078946, 0.5806062953588551
-0.7952385104916195, -0.1540372933789216, 0.5839787298650033
-0.7600283493542018, -0.2728722151135375, 0.5874147840524442
-0.7082995426902665, -0.3852575241887342, 0.5885638748407381
-0.6410362933193895, -0.4887219366998378, 0.5882863962674951
-0.5593881498691711, -0.58111716417418, 0.5888439880493186
-0.46354910277824357, -0.658820081296411, 0.5919706470567323
-0.3563265947856964, -0.7194810617182116, 0.595448885424819
-0.241723377632215, -0.7640153747559485, 0.5968782673076816
-0.12223539056687537, -0.7917953501776855, 0.5967604846616749
0.0, -0.8021466764146755, 0.5971270463786494
-1.2907796403717762e-15, -0.8021466764146755, 0.5971270463786496
0.12185977852156801, -0.7534513150223269, 0.6000841238755348
0.24025687411716065, -0.6901119700537578, 0.6033578455602493
0.3530701604136791, -0.6152304499040575, 0.6051437559793987
0.4577988575544628, -0.5317397795581092, 0.6052314792760413
0.5506099509447347, -0.4412234636732964, 0.6057515172585177
0.6291344892954616, -0.3477249655792728, 0.608277902877043
0.6932632338034496, -0.2557337621750898, 0.611317791737095
0.7416755123948748, -0.168155823477947, 0.613267737888409
0.77330342207595, -0.08763482768679101, 0.6137186220079682
0.7855218877271585, -0.016142718137126373, 0.6143387351740877
0.7786238910244546, 0.044116116840441075, 0.6165089347305615
0.7541876110633376, 0.09188269008580963, 0.6193265933806297
0.7124690408350638, 0.126540986962999, 0.6213917283029045
0.654735496309313, 0.14807389949066788, 0.6221569173234622
0.5811736789859976, 0.15640052154367187, 0.6228886764128994
0.4942384130271359, 0.15208512395037865, 0.6247772250342831
0.3962863951102833, 0.1367112376973828, 0.6273842483708041
0.28927159173568856, 0.11242904236354423, 0.629515722720399
0.1760119975534723, 0.08180542121558193, 0.6305463632829086
0.05898246955595442, 0.04674327094041952, 0.6314013456914036
-0.058879977714637155, 0.009260028530705233, 0.6330827939500958
-0.1751021691560368, -0.028038921650573534, 0.6354907519942192
-0.28678881249860383, -0.061886884119638275, 0.637639714173255
-0.3914646790045618, -0.08947627265385155, 0.638886957313834
-0.4863919382833438, -0.10891139261016189, 0.639876753670191
-0.5699135250406764, -0.11888792574434906, 0.641425628835591
-0.640027426009318, -0.11786292097220896, 0.6436461040304655
-0.6942763060962129, -0.10421411575988301, 0.6457637050179514
-0.7322231246841477, -0.07745620053495682, 0.6471787018507857
-0.7528560241026332, -0.03781266240737746, 0.6483148966963431
-0.7566332192658781, 0.014041570666219968, 0.6498057280775258
-0.7426968328140398, 0.07719264452907468, 0.6518503071714853
-0.7103601178416267, 0.14976513282393078, 0.6538876980316635
-0.6615990736131074, 0.22946189834505024, 0.6554215973091565
-0.5977456026829648, 0.31374770223393306, 0.6567157728411811
-0.5209102673740862, 0.4004575111553797, 0.6582230915373215
-0.43189745676022107, 0.48620039034829504, 0.6601033620075978
-0.33233057184874404, 0.5663187332179365, 0.6620116942881686
-0.22544006387955845, 0.6379319369251266, 0.6636156433951597
-0.11386513485398682, 0.6982453101561513, 0.6650793817311054
0.0, 0.7453461057048889, 0.6666777202746139
0.0, 0.7453461057048889, 0.6666777202746139
0.11341178689966439, 0.701219865242969, 0.6684200157367329
0.22366675642148112, 0.6435638121135439, 0.6701649368978116
0.32839692534870557, 0.5742411919948892, 0.6718157838846575
0.4249578108059729, 0.49602382435779513, 0.6734399151367847
0.5103345833555805, 0.4114337141080534, 0.6751520640623169
0.5833974270528125, 0.32472977115406226, 0.6767982796409049
0.6434340998641692, 0.23938233164899758, 0.6784036157505977
0.6881794030841216, 0.15771074386803535, 0.6800319408122536
0.7162161553467574, 0.0822654255743942, 0.6817810626457915
0.7262585460878404, 0.015174884118356533, 0.6835991555805729
0.7199037720029445, -0.04155263498931861, 0.6852037959664394
0.6979258726163085, -0.08680389042812653, 0.6866784314135022
0.6593742726196001, -0.11988173256917699, 0.6882480965319134
0.6049958121689676, -0.14066889452528542, 0.6900860722233876
0.5360041895932305, -0.14919101512690505, 0.6920189976528965
0.4555872906377715, -0.1461270220838835, 0.6936365580896313
0.36557180603086603, -0.13280279714561488, 0.6949893869948957
0.2670030771054732, -0.11100297500470674, 0.6964642553221194
0.16234723747496194, -0.08314256367506517, 0.6983549439615211
0.05434665480812379, -0.05107111417426391, 0.7004115864579544
-0.054222485380768105, -0.016604205638878988, 0.7020965773610365
-0.1612431371528607, 0.01800111746724531, 0.7033364802624016
-0.2639898239004702, 0.049669549622748166, 0.7046804137749048
-0.35973174416661996, 0.0755443982652943, 0.7065876778117526
-0.446106196053897, 0.09393551337596931, 0.7087769275217748
-0.5223975565606411, 0.10387518985801694, 0.7105838392824588
-0.5871746646920182, 0.10409071181207835, 0.7117197125327275
-0.6372955547066207, 0.09279521814753905, 0.7128965749045605
-0.6713026959975442, 0.06929238437790765, 0.7147842754602727
-0.6887544476386875, 0.033916141066310204, 0.7171150152770918
-0.6913608723984168, -0.012629390823734626, 0.7190983507002229
-0.6791501283120936, -0.06959803330634651, 0.7201390844150001
-0.6501803351344138, -0.1353798297919236, 0.7211127378349312
-0.6050337283175768, -0.20754834641490127, 0.7229447362695584
-0.5454375980191365, -0.28366197267477133, 0.7254258517063221
-0.47446537086595186, -0.36219385406936044, 0.7276401138145095
-0.39360753938114745, -0.44087177812951706, 0.7285945898482431
-0.3032444322066488, -0.5148775663426335, 0.7293288907478188
-0.2056779138245672, -0.58028754694199, 0.7310690524539046
-0.10372647952905902, -0.6344612183120522, 0.7337094416053964
0.0, -0.6767540871017963, 0.7362091452780346
-1.095171999454596e-15, -0.6767540871017963, 0.7362091452780347
0.10317086117617373, -0.6667012850618417, 0.7370649205794311
0.2034992014800122, -0.6426178399604914, 0.737691837055402
0.2984170646142507, -0.6028440030061865, 0.7392500439482704
0.3851183798014354, -0.547788969341286, 0.7419991859818971
0.46156317666972246, -0.47958409737859986, 0.7445664098150047
0.5278963513259691, -0.40213020165879354, 0.7455842030131371
0.5827456083710693, -0.31669423900025695, 0.7461642634942958
0.6229445556034049, -0.22376266121802116, 0.7475691686552505
0.6467299413533731, -0.12557882482022753, 0.7502483207889534
0.6542905250450309, -0.025101308007878912, 0.752908361874773
0.6484935784562672, 0.07507346177927948, 0.754118794996806
0.6292511017730961, 0.1731217860485851, 0.7546573356238804
0.594432645689649, 0.2664692683529929, 0.7558882911980138
0.5442534807029765, 0.3522532420935451, 0.7584768041590295
0.48099295165611855, 0.42855986415635117, 0.7612350168561131
0.40849314174761253, 0.4956100117475557, 0.762668683619808
0.32801739403594465, 0.5521481189384734, 0.7631710617287557
0.23968972225961327, 0.5947028227663482, 0.7642074147725486
0.14558299461260088, 0.6212531660343155, 0.7666846361534587
0.04866615983471689, 0.6320728663388919, 0.7695463705710995
-0.0485125207951953, 0.6300399991610881, 0.7712338782717515
-0.14421443763911335, 0.6153597302110834, 0.771705437590119
-0.23595293770852807, 0.5854283776445162, 0.7725265372883616
-0.32079859684830253, 0.5400495133855545, 0.7748718163296315
-0.3968168988112333, 0.48148928087037324, 0.7778424265186232
-0.46423622393079134, 0.4135957573052673, 0.7798143630887138
-0.5222190735242591, 0.33793003507642966, 0.780260467313818
-0.5670539795893461, 0.2541853095733713, 0.7808456644262383
-0.5963010337210243, 0.16411710114353922, 0.7830383479614951
-0.6101011109120973, 0.07069455612899331, 0.7861231786015785
-0.6113403942592959, -0.023488026807812735, 0.7884101476328632
-0.6009437432778094, -0.11677715845206273, 0.7888361455154991
-0.5758312120766101, -0.2068680768278035, 0.7891647814214937
-0.5351770513256373, -0.2907544335193894, 0.7911842210957365
-0.48107308753266786, -0.36633428302688287, 0.794388631163089
-0.41743803599155166, -0.4337749730375833, 0.7970212549600002
-0.3464322539359721, -0.49295862129657825, 0.7974324780482779
-0.2672494687161935, -0.5399981379115587, 0.7974839077692564
-0.18118115630085854, -0.5718736010610006, 0.7993094492726778
-0.09118650172771801, -0.5883753404095793, 0.8026387835306774
0.0, -0.5923950301260323, 0.8056476452407575
-9.539790496655071e-16, -0.5923950301260323, 0.8056476452407575
0.09048129561514154, -0.5837780196906563, 0.8060107580796506
0.17840767346733843, -0.5630904897219495, 0.8060177274570727
0.2611125173937482, -0.5276177271982079, 0.8075419573418099
0.3356980695053216, -0.4777335571898059, 0.8109129662430143
0.4011827084073408, -0.41689631971353847, 0.8139391283150123
0.45889626020058333, -0.34939340179126277, 0.8146303567149615
0.5068552169631688, -0.275322332192403, 0.8146792150166503
0.5411859548005153, -0.19443909931890116, 0.8159862949696598
0.5598963521765737, -0.1088698945545953, 0.8191467174063588
0.564608182428545, -0.021724992963646206, 0.8222293098325641
0.5592512844753719, 0.06487653146361809, 0.8232512366113023
0.542924726037097, 0.14950869881815004, 0.8233428823904909
0.5125217177920639, 0.22972378791825968, 0.8244306357580001
0.4678123708938409, 0.30259532616408225, 0.8273782938313856
0.41199809574686935, 0.3669675871296249, 0.8305181936277574
0.34936064030378455, 0.42405977526642846, 0.8318734272094921
0.28060630858933444, 0.47262592682681237, 0.8320087140843115
0.20503537834509009, 0.5086992133295101, 0.8328749692753454
0.12430286786246557, 0.5297755623463238, 0.835607695892831
0.041460360391708306, 0.5370804938753361, 0.838805799927959
-0.041261401064723716, 0.5344655190453984, 0.8404969008415273
-0.12252747967414172, 0.5221556450637226, 0.8406767210739297
-0.20018393100137977, 0.4966599479219833, 0.8413193053599102
-0.27127532585704656, 0.4569618559032297, 0.8438349251695816
-0.33434265468883245, 0.40587631391942286, 0.847092111512711
-0.39044690446118957, 0.34773773897777405, 0.8491216575596106
-0.43932606319366374, 0.28410760444019345, 0.8493469027667042
-0.47697833072513307, 0.21378282622891026, 0.8497636378851461
-0.5002581930743186, 0.13781810956285862, 0.8520599778780878
-0.5098120280326882, 0.05920610612296988, 0.8553771310371652
-0.5094204709320749, -0.01963588857401099, 0.8577477201660139
-0.500783202143262, -0.09746400418587696, 0.8580192575672649
-0.48003237199790233, -0.17249292516669373, 0.8582079741249046
-0.4451819448147517, -0.24173802386467713, 0.8602828600494209
-0.3985309406130025, -0.30330788229308514, 0.8636608610605846
-0.3445246971785585, -0.35805764755872693, 0.8663750589093345
-0.28582622336594804, -0.4069556305207762, 0.8666937839372042
-0.22068143695761158, -0.44602328985898543, 0.86665230363865
-0.14941561358923877, -0.4713442139853563, 0.8685035652683545
-0.07496222977158377, -0.48280277066329214, 0.8719433014857253
0.0, -0.4841162342193288, 0.8750036981437828
