5.684341886080802e-14, 37.960409094372984, -0.09999989999985255
-7.551843998475904, 35.3308326501166, -0.11219502195107207
-14.701100187950269, 31.43494574013225, -0.12439014390229157
-21.201551930674974, 26.50098336799784, -0.13658526585351108
-26.76792294444042, 20.73540767530868, -0.1487803878047306
-31.2244786882811, 14.489882178901782, -0.1609755097559501
-34.511754306419476, 8.131918953641136, -0.17317063170716962
-36.54422695595114, 1.9479423998895808, -0.18536575365838914
-37.1077985072945, -3.7825800836035635, -0.19756087560960867
-36.46131298577847, -8.763928874907656, -0.2097559975608282
-34.65168742453453, -12.808860777430324, -0.22195111951204768
-31.70495015824385, -15.71070698984015, -0.2341462414632672
-27.817384979877687, -17.370420168137922, -0.2463413634144867
-23.225577385576187, -17.821728258544425, -0.2585364853657062
-18.078551873481125, -17.078379909038553, -0.27073160731692575
-12.539361159845287, -15.061066101749308, -0.28292672926814527
-8.984176469323756, -10.136992165289351, -0.29512185121936474
-7.672465319223228, -2.795453847849606, -0.30731697317058426
-5.945984947791531, 4.002992545602652, -0.3195120951218038
-3.825323497336162, 10.169378565717082, -0.3317072170730233
-1.3523104097826406, 15.634191875874423, -0.34390233902424283
1.4199258853599124, 20.346851538554997, -0.35609746097546235
4.429321903984929, 24.247639961366517, -0.3682925829266819
7.597647327600676, 27.265158795109528, -0.3804877048779014
10.831715660653861, 29.349841537476898, -0.3926828268291208
14.037776300939287, 30.487507902504497, -0.40487794878034034
18.66366964948163, 29.037305927932294, -0.41707307073155986
24.011893610512402, 25.303948203820678, -0.42926819268277944
28.501158799981592, 20.5834634952558, -0.44146331463399896
31.9939445427775, 15.147365516285236, -0.4536584365852184
34.40740478185168, 9.212364949691011, -0.46585355853643795
35.68501525657415, 2.974792567007598, -0.4780486804876574
35.82400960828122, -3.347512059958176, -0.490243802438877
34.85728341906271, -9.530339307159977, -0.5024389243900965
32.83110762783561, -15.375826065173893, -0.5146340463413159
29.80421877709633, -20.699479096526503, -0.5268291682925356
25.974082484047965, -25.37823330699713, -0.5390242902437551
21.503606602711425, -29.32836409217046, -0.5512194121949746
16.513664041916222, -32.440517297707544, -0.5634145341461941
11.153311211298114, -34.63544264164999, -0.5756096560974135
5.59465696317461, -35.899713144670216, -0.5878047780486331
-1.7763568394002505e-15, -36.279618601153, -0.5999998999998526
0.0, -36.279618601153, -0.5999998999998526
-5.58201826096547, -35.83776689044215, -0.6121950219510721
-11.10386055765442, -34.52021086562695, -0.6243901439022916
-16.404848835947163, -32.28454211990042, -0.6365852658535112
-21.318392114408113, -29.15208111540632, -0.6487803878047307
-25.706651722798874, -25.21094210811801, -0.6609755097559502
-29.451227177082963, -20.568748612206484, -0.6731706317071696
-32.39128126331718, -15.308731899763591, -0.6853657536583891
-34.34764320195062, -9.555605184135292, -0.6975608756096088
-35.27489915492965, -3.4886795153713717, -0.7097559975608282
-35.12103241781638, 2.6981697513194094, -0.7219511195120477
-33.854875303596486, 8.784370934799298, -0.7341462414632672
-31.49527674046195, 14.568297252119724, -0.7463413634144866
-28.102789598903332, 19.868714506216172, -0.7585364853657062
-23.748376941908973, 24.464472872611488, -0.7707316073169257
-18.56727967097353, 28.08887475870398, -0.7829267292681452
-14.037775733318345, 29.56362426523779, -0.7951218512193647
-10.831715744785713, 28.58635501713938, -0.8073169731705843
-7.5976474332891595, 26.68773215250079, -0.8195120951218038
-4.429321944283959, 23.881936428908933, -0.8317072170730233
-1.4199259302717573, 20.218535060670895, -0.8439023390242428
1.3523103670094525, 15.768924236914847, -0.8560974609754624
3.825323462532448, 10.592824808177351, -0.8682925829266819
5.945984865078795, 4.740815596512153, -0.8804877048779014
7.672465259629822, -1.717590429953983, -0.8926828268291208
8.984176832601145, -8.693424559165999, -0.9048779487803403
12.37228733443056, -13.417119630275057, -0.91707307073156
17.570346105788566, -15.45939355271763, -0.9292681926827795
22.367557695538707, -16.282270610564673, -0.941463314633999
26.61227945833646, -15.971006587173544, -0.9536584365852184
30.19806470264019, -14.543451251760743, -0.965853558536438
32.90335631596903, -11.951329016202369, -0.9780486804876575
34.50894257692208, -8.261995717771786, -0.990243802438877
35.00555616005516, -3.678349761820794, -1.0024389243900966
34.407952628205564, 1.6220707658223894, -1.014634046341316
32.4526662223549, 7.36934873615353, -1.0268291682925355
29.299006356048924, 13.285418406402737, -1.039024290243755
25.05472078009997, 19.104840228967152, -1.0512194121949745
19.823248782482285, 24.525351808888992, -1.063414534146194
13.736826371468062, 29.187984965555795, -1.0756096560974135
7.046302758062666, 32.85307492920061, -1.087804778048633
-8.881784197001252e-16, 35.33225555189509, -1.0999998999998526
0.0, -35.33225555189508, -1.0999998999998526
-7.0402355637034315, -34.563315539323014, -1.1121950219510721
-13.712955097336014, -32.49055045341036, -1.1243901439022916
-19.77049358380535, -29.181081700744485, -1.1365852658535112
-24.962821099349135, -24.763370886142468, -1.1487803878047307
-29.159878209160787, -19.50858066804594, -1.1609755097559502
-32.26223217462524, -13.654003534609199, -1.1731706317071695
-34.16441618165374, -7.404784254507613, -1.185365753658389
-34.70772602584801, -0.9990050216788728, -1.1975608756096088
-34.157219272435015, 5.300043591783451, -1.2097559975608283
-32.503146793139486, 11.290341841338861, -1.2219511195120478
-29.761742212445103, 16.724709045834032, -1.2341462414632671
-26.153696847662175, 21.46961834015339, -1.2463413634144866
-21.89876561017346, 25.474945695835075, -1.2585364853657062
-17.103733780767534, 28.599846862818435, -1.2707316073169257
-11.924612453749491, 30.633268528679594, -1.2829267292681452
-8.577309303826285, 29.99401906062769, -1.2951218512193647
-7.327534009639427, 26.957874498220754, -1.3073169731705843
-5.680199419877386, 24.106603605884466, -1.3195120951218038
-3.6542495111556565, 21.351354418938122, -1.3317072170730233
-1.29163854303945, 18.628873512630786, -1.3439023390242428
1.3562203894994385, 15.899152061999795, -1.3560974609754624
4.231236178069493, 13.106060351335774, -1.3682925829266819
7.258032390981358, 10.17285885397366, -1.3804877048779014
10.3447538090668, 7.04698720275708, -1.392682826829121
13.402046892435793, 3.718555229881842, -1.4048779487803404
17.791312439174526, 1.7524505887567248, -1.41707307073156
22.848487468114033, 0.8778310152200515, -1.4292681926827795
27.09309064479049, -0.0691056485469499, -1.441463314633999
30.387044209302985, -1.2799848408286492, -1.4536584365852185
32.66491709584723, -2.8354858163630863, -1.4658535585364378
33.880395830585506, -4.747230290990847, -1.4780486804876576
34.024344135492086, -7.042706963492625, -1.4902438024388769
33.11910981142667, -9.738485377277097, -1.5024389243900966
31.20840461581496, -12.77873656548779, -1.514634046341316
28.34037601856243, -16.09174146203558, -1.5268291682925355
24.704940312396296, -19.59583001843612, -1.539024290243755
20.468329893485002, -23.189332246106687, -1.5512194121949745
15.736621633655364, -26.68804064928878, -1.563414534146194
10.638372831596437, -29.87981913673642, -1.5756096560974135
5.339330965084997, -32.57185947388897, -1.587804778048633
-8.881784197001252e-16, -34.6314851485462, -1.5999998999998526
0.0, -34.63148514854618, -1.5999998999998526
-5.333234784054035, -32.60167305758455, -1.6121950219510721
-10.614504888631771, -29.935521709512248, -1.6243901439022916
-15.684390456237953, -26.763127923386225, -1.6365852658535112
-20.37970484423261, -23.27382447274151, -1.6487803878047307
-24.57614531466152, -19.676514438554456, -1.66097550975595
-28.169884816847443, -16.15522783529038, -1.6731706317071697
-30.99705313630202, -12.811507820841062, -1.685365753658389
-32.87486109900548, -9.726839083891639, -1.697560875609609
-33.75944466487017, -6.975138262372038, -1.7097559975608283
-33.60744233588246, -4.614389946232732, -1.7219511195120478
-32.3987378725729, -2.6308379239626123, -1.7341462414632671
-30.147135515068666, -1.0030390510586455, -1.7463413634144866
-26.899806087401004, 0.27516828138816507, -1.7585364853657062
-22.719352214740166, 1.2831107324068558, -1.7707316073169257
-17.742902733537182, 2.2075361065148673, -1.7829267292681452
-13.402045787228614, 4.162606139479605, -1.795121851219365
-10.344753895961581, 7.413947071550716, -1.8073169731705845
-7.258032592065576, 10.450391866359109, -1.819512095121804
-4.23123627607499, 13.281831362108571, -1.8317072170730235
-1.3562204701914373, 15.960827089224571, -1.8439023390242428
1.291638466189931, 18.564114843516666, -1.8560974609754624
3.654249426514555, 21.14783020226836, -1.868292582926682
5.680199262507143, 23.751978306089207, -1.8804877048779014
7.327533948088981, 26.439813597916725, -1.892682826829121
8.57731001115891, 29.30018839614882, -1.9048779487803404
11.84070607742704, 29.844452060167217, -1.91707307073156
16.854696278629007, 27.818232680729036, -1.9292681926827795
21.4824726537799, 24.733429244300943, -1.9414633146339992
25.573934014897937, 20.80032993898891, -1.9536584365852185
29.03582356287732, 16.166577231695356, -1.965853558536438
31.65701953410027, 10.878538631720538, -1.9780486804876576
33.21539636302388, 5.05980748721994, -1.9902438024388773
33.70024603791387, -1.0470293289082662, -2.0024389243900966
33.137900941285935, -7.245581557894172, -2.014634046341316
31.26775536863604, -13.283620851219148, -2.0268291682925357
28.23260761859491, -18.927592849872646, -2.039024290243755
24.143099494190402, -23.981723978720574, -2.0512194121949747
19.108943609675045, -28.229870101400703, -2.0634145341461942
13.247557719267144, -31.404233290213813, -2.0756096560974138
6.796400626057329, -33.3706014148051, -2.0878047780486333
0.0, -34.07447953015792, -2.099999899999853
4.973799150320701e-14, 34.07447953015792, -2.099999899999853
-6.831688685461278, 33.33772231453589, -2.1121950219510723
-13.381151927338923, 31.29804660647903, -2.124390143902292
-19.383464897708993, 27.976900822033777, -2.1365852658535114
-24.567101731347712, 23.480729083356387, -2.148780387804731
-28.77533337287959, 18.065449217984145, -2.1609755097559504
-31.846271686282755, 11.941585407410663, -2.17317063170717
-33.61592445728088, 5.318524913811754, -2.1853657536583895
-33.875582450114265, -1.5343281075820685, -2.197560875609609
-32.90562913932184, -8.312390500906497, -2.2097559975608285
-30.62811516607741, -14.76643870770799, -2.221951119512048
-26.99164629985188, -20.563770978927117, -2.2341462414632676
-22.25826546677506, -25.508749805091533, -2.2463413634144866
-16.71638269079983, -29.51468122785988, -2.258536485365706
-10.490996002469178, -32.34709383979771, -2.2707316073169257
-3.7738990126300385, -33.63743242736421, -2.2829267292681457
-5.245629498743926e-17, -30.827934713178244, -2.295121851219365
-1.6798823237274906e-16, -23.9694136130922, -2.3073169731705847
-2.8133115376964497e-16, -17.115389051064465, -2.3195120951218042
-3.924850591781278e-16, -10.265861027095, -2.3317072170730238
-5.014499485981969e-16, -3.4208295411838323, -2.3439023390242433
-6.082258220298519e-16, 3.4197054066690153, -2.3560974609754624
-7.128126794730937e-16, 10.255743816463578, -2.3682925829266823
-8.152105209279217e-16, 17.087285688199845, -2.3804877048779014
-9.15419346394336e-16, 23.914331021877825, -2.392682826829121
-1.0134391558723373e-15, 30.736879817497517, -2.4048779487803404
3.7604387907874233, 33.51597766461185, -2.41707307073156
10.446505383660929, 32.209349180218624, -2.4292681926827795
16.63438622842013, 29.36960922284282, -2.441463314633999
22.134275690656274, 25.36640964090563, -2.4536584365852185
26.823716952439934, 20.435557774012835, -2.465853558536438
30.41784714384424, 14.664840501000569, -2.4780486804876576
32.65806100574149, 8.249709178327338, -2.490243802438877
33.59813432058937, 1.5216068469973987, -2.5024389243900966
33.31889133808355, -5.271747224750564, -2.514634046341316
31.544572529828283, -11.828633749298076, -2.5268291682925357
28.483778020880663, -17.882493235832577, -2.539024290243755
24.301731960222142, -23.22723309755926, -2.5512194121949747
19.161663630572633, -27.65705147147034, -2.5634145341461942
13.2195933530881, -30.920347176768484, -2.5756096560974138
6.744757467609822, -32.913274567195074, -2.5878047780486333
0.0, -33.61781979493006, -2.599999899999853
4.973799150320701e-14, 33.61781979493005, -2.599999899999853
-6.74066496406287, 32.89330606377469, -2.6121950219510723
-13.203555532331297, 30.882831454578174, -2.624390143902292
-19.126816279256946, 27.606745400927547, -2.6365852658535114
-24.242835033567786, 23.170934057248076, -2.648780387804731
-28.397484436747366, 17.82831186844212, -2.66097550975595
-31.42991123845949, 11.78562418571303, -2.67317063170717
-33.17768392193711, 5.2493843170459, -2.6853657536583895
-33.43547974746866, -1.5142589110498457, -2.697560875609609
-32.48018666201385, -8.204797345619127, -2.7097559975608285
-30.233791993446633, -14.576144866279494, -2.721951119512048
-26.645284935524064, -20.299679453343735, -2.7341462414632676
-21.973717669608376, -25.18247062445287, -2.746341363414487
-16.503648238848, -29.1388754498386, -2.758536485365706
-10.35806487135426, -31.9368921885796, -2.770731607316926
-3.7262956505355413, -33.2124259565128, -2.782926729268145
-4.8043950347534364e-17, -30.440005683740967, -2.795121851219365
-1.5689492962155322e-16, -23.66899753634295, -2.8073169731705847
-2.6793488098851894e-16, -16.9017393546021, -2.8195120951218042
-3.8116380444843207e-16, -10.138231138518407, -2.8317072170730238
-4.965817000012917e-16, -3.3784728880919053, -2.8439023390242433
-6.141885676470985e-16, 3.377535396677433, -2.8560974609754624
-7.339844073858524e-16, 10.129793715789601, -2.8682925829266823
-8.559692192175531e-16, 16.878302069244597, -2.8804877048779014
-9.801430031422009e-16, 23.62306045704242, -2.8926828268291214
-1.1065057591597956e-15, 30.364068879183087, -2.9048779487803404
3.7147175695260968, 33.111276133325475, -2.91707307073156
10.320432157305254, 31.82164107020683, -2.9292681926827795
16.43479317479792, 29.017716178313194, -2.941463314633999
21.87025024924133, 25.064230515330472, -2.953658436585219
26.50501352644132, 20.193193740736692, -2.9658535585364385
30.057544199850163, 14.491482240075937, -2.9780486804876576
32.273187028291716, 8.15270398461203, -2.990243802438877
33.20463233598593, 1.504017871799097, -3.002438924390097
32.93005986455264, -5.20990507638658, -3.014634046341316
31.177414153307033, -11.69069628649994, -3.0268291682925357
28.154019567118144, -17.675343372769667, -3.0390242902437556
24.022305159785915, -22.959962960467724, -3.0512194121949747
18.942065114385226, -27.339690595169095, -3.0634145341461942
13.068414422585354, -30.566490023772733, -3.0756096560974138
6.667988543585043, -32.538982177721046, -3.0878047780486333
0.0, -33.23823905040745, -3.099999899999853
4.973799150320701e-14, 33.23823905040745, -3.099999899999853
-6.626322506256192, 32.53061265335899, -3.1121950219510723
-12.909594859020316, 30.593002446312685, -3.124390143902292
-18.61193436207896, 27.480337654404096, -3.1365852658535114
-23.502325414578635, 23.324474159494084, -3.148780387804731
-27.46686163426963, 18.387417433306275, -3.1609755097559504
-30.39997511756533, 12.881163086620878, -3.1731706317071695
-32.195389705934495, 6.9974637558162875, -3.185365753658389
-32.71508789569555, 0.9644933428306244, -3.1975608756096094
-32.214726347633224, -4.971575803092733, -3.2097559975608285
-30.67053193340618, -10.619527113302807, -3.221951119512048
-28.094198080801856, -15.743381671891807, -3.2341462414632676
-24.703564905359137, -20.223151522582977, -3.246341363414487
-20.706200736238987, -24.014689604986952, -3.258536485365706
-16.194572764349545, -26.975833780502093, -3.2707316073169257
-11.31561662962326, -28.9031242668596, -3.282926729268145
-8.153793726322723, -28.322608048968092, -3.295121851219365
-6.965712042793682, -25.4845855289122, -3.3073169731705847
-5.3997110592627156, -22.818934982211992, -3.3195120951218042
-3.473803105457578, -20.24121452303052, -3.3317072170730238
-1.2278586909765967, -17.691274494339975, -3.3439023390242433
1.2892517019805823, -15.13103603383237, -3.3560974609754624
4.022298427938365, -12.507130131116849, -3.3682925829266823
6.899630990223073, -9.746660640600474, -3.3804877048779014
9.833946492069845, -6.799692437778189, -3.392682826829121
12.740301645797398, -3.6568014096785912, -3.4048779487803404
16.90118579905175, -1.7914572869251053, -3.4170730707315604
21.686761099955994, -0.9443145950622682, -3.4292681926827795
25.703598549059247, -0.028233813181413936, -3.441463314633999
28.820889221289605, 1.139692849984839, -3.4536584365852185
30.97941706062693, 2.6384640871070926, -3.465853558536438
32.13404604732445, 4.476264999448397, -3.4780486804876576
32.27231611375309, 6.6761649286347815, -3.4902438024388776
31.416098954340352, 9.254000700082877, -3.5024389243900966
29.609276814443177, 12.15630949264467, -3.514634046341316
26.89484147752162, 15.314087386468449, -3.5268291682925357
23.449940419613284, 18.650195322868925, -3.5390242902437556
19.43301630012815, 22.067649843304256, -3.5512194121949747
14.945156738942565, 25.3906862936787, -3.5634145341461942
10.106572700943282, 28.419389616794987, -3.5756096560974138
5.0740231796533335, 30.971696800755307, -3.5878047780486333
-8.881784197001252e-16, 32.92153908865247, -3.599999899999853
4.973799150320701e-14, 32.92153908865247, -3.599999899999853
-5.033127907666403, 30.978003440750644, -3.6121950219510723
-9.950710899764575, 28.389484173717648, -3.624390143902292
-14.621305198963881, 25.246491966044008, -3.6365852658535114
-18.923446726827923, 21.700852514192785, -3.648780387804731
-22.777656899207447, 17.938824256651067, -3.6609755097559504
-26.135805213235358, 14.129719273356615, -3.6731706317071695
-28.89470648253827, 10.382442538019282, -3.685365753658389
-30.946367724736717, 6.808211931286282, -3.697560875609609
-32.232050524786914, 3.527696192146597, -3.709755997560829
-32.760614918568876, 0.6473587827453895, -3.721951119512048
-32.57255386282732, -1.7587163890795603, -3.734146241463267
-31.644524473164758, -3.640772353962875, -3.746341363414487
-29.949542077101878, -4.964405481298949, -3.758536485365706
-27.517717478833127, -5.720049905574334, -3.7707316073169257
-24.4389369665792, -5.931921562326414, -3.782926729268145
-20.82232659735954, -5.650492103387393, -3.795121851219365
-16.737801657665514, -4.930989614481094, -3.8073169731705843
-12.25106209328454, -3.841420435086519, -3.8195120951218042
-7.465059606301126, -2.4740592708291835, -3.8317072170730238
-2.5061802132627164, -0.9391357013283201, -3.8439023390242433
2.5056337150636234, 0.6509249859631172, -3.8560974609754624
7.460158271496681, 2.1896754782641334, -3.868292582926682
12.237651034631675, 3.5686163048930446, -3.880487704877902
16.712331177307192, 4.679240101229054, -3.8926828268291214
20.781956279450267, 5.426973384554115, -3.9048779487803404
24.381049743058572, 5.739926708787244, -3.91707307073156
27.439983065993104, 5.561785949764726, -3.92926819268278
29.851301988188922, 4.844095313668055, -3.9414633146339995
31.527339057546023, 3.562708188305601, -3.9536584365852185
32.4390996282343, 1.7251060917641057, -3.965853558536438
32.61287511241039, -0.6361553291108518, -3.978048680487658
32.07152892369163, -3.4717898445470086, -3.9902438024388776
30.777411390129657, -6.708579985072289, -4.002438924390097
28.72458069554582, -10.242337668158372, -4.014634046341316
25.97221862065553, -13.953896411621326, -4.026829168292536
22.626375543792058, -17.73082069887821, -4.039024290243756
18.78875505974355, -21.46227895162093, -4.051219412194975
14.50977503249809, -24.982252490601738, -4.063414534146194
9.870264625223772, -28.108623295531775, -4.075609656097414
4.990500220046816, -30.69025685289106, -4.087804778048634
0.0, -32.63286395405765, -4.099999899999853
0.0, -32.63286395405765, -4.099999899999853
-5.025869756956782, -32.256236007376295, -4.112195021951073
-10.004385761256897, -31.091858593117223, -4.124390143902292
-14.786632241656328, -29.089032090487752, -4.136585265853512
-19.219062061981738, -26.266995717741185, -4.148780387804731
-23.181033705009266, -22.713903826038948, -4.16097550975595
-26.572920639645154, -18.532782083511304, -4.17317063170717
-29.243069688181855, -13.790888435181694, -4.185365753658389
-31.018786631052265, -8.59544358155664, -4.197560875609609
-31.856264102860212, -3.1102471318138885, -4.209755997560828
-31.715436756384655, 2.4861835305974584, -4.221951119512048
-30.57581280039097, 7.994227333177523, -4.234146241463267
-28.447799456334053, 13.231599051314141, -4.246341363414487
-25.377210176614554, 18.031613839183358, -4.258536485365706
-21.42701892741446, 22.19154711375213, -4.270731607316926
-16.72502635036044, 25.470580770883394, -4.282926729268145
-12.62816234371918, 26.7941574160497, -4.295121851219365
-9.746619168437244, 25.885410820638764, -4.307316973170584
-6.837939988487094, 24.13965401476318, -4.319512095121804
-3.9863551589817128, 21.567019492565578, -4.331707217073024
-1.2777750171241427, 18.215866915145295, -4.343902339024243
1.2169285250215263, 14.156610336255577, -4.356097460975462
3.4427612086774104, 9.442338371420869, -4.368292582926682
5.3514311673066945, 4.112573612340501, -4.380487704877901
6.90385518078672, -1.77238751269865, -4.392682826829121
8.082024464729558, -8.129693491025712, -4.4048779487803404
11.168497983221291, -12.421969881953814, -4.41707307073156
15.921290531680556, -14.25601353800511, -4.4292681926827795
20.313041971736062, -14.976934494341249, -4.4414633146339995
24.20231132360906, -14.663757233407516, -4.4536584365852185
27.490874786350417, -13.330956460262673, -4.4658535585364385
29.978571318577355, -10.935071171477734, -4.478048680487658
31.466688012030406, -7.539827925706558, -4.4902438024388776
31.942067259460508, -3.3308129692631736, -4.502438924390097
31.413111500408416, 1.5301611988535995, -4.514634046341316
29.639936045865028, 6.795821116731002, -4.526829168292536
26.77123205402625, 12.21163112927583, -4.539024290243755
22.903828990461736, 17.534246153519135, -4.551219412194975
18.128195573109128, 22.486823738366837, -4.563414534146195
12.566093696461417, 26.74345251841088, -4.575609656097414
6.447919133592853, 30.08708618866193, -4.587804778048633
-8.881784197001252e-16, 32.344188819462836, -4.599999899999853
0.0, -32.34418881946283, -4.599999899999853
-6.4457330199713, -31.647268389486104, -4.612195021951072
-12.557396600599386, -29.75630216263678, -4.624390143902292
-18.109075851861977, -26.734139974715657, -4.636585265853512
-22.871174839109965, -22.696311864162208, -4.648780387804731
-26.722430879268916, -17.88869946606109, -4.66097550975595
-29.572241947233724, -12.529030722855973, -4.67317063170717
-31.32489577026646, -6.805563441474948, -4.685365753658389
-31.833932979709097, -0.9362374912190923, -4.697560875609609
-31.341056783410608, 4.837716630485393, -4.709755997560828
-29.83786417864441, 10.332072140691883, -4.721951119512048
-27.33634317599504, 15.320853204085713, -4.734146241463268
-24.036869186603813, 19.68002084614163, -4.746341363414487
-20.142756637463624, 23.36319110699097, -4.758536485365706
-15.753857062220947, 26.243552330624254, -4.770731607316926
-11.010621014903316, 28.12739620549179, -4.782926729268146
-7.938482198114526, 27.561277658858383, -4.795121851219365
-6.780138682099427, 24.79836077456772, -4.807316973170584
-5.254870344468114, 22.204255566069527, -4.819512095121804
-3.380675942979689, 19.69928241715582, -4.831707217073024
-1.1950674980181881, 17.222864522387034, -4.843902339024243
1.2548208240991876, 14.732581930311232, -4.856097460975462
3.914466831524278, 12.175909937999187, -4.868292582926681
6.714556432358952, 9.487405583717697, -4.880487704877902
9.571960411683097, 6.62184555897913, -4.892682826829121
12.403879069538098, 3.5676925802514425, -4.9048779487803404
16.4513752967668, 1.7521579089171695, -4.91707307073156
21.10411677110344, 0.9272771870507146, -4.9292681926827795
25.01044817016226, 0.03109225497841983, -4.9414633146339995
28.047988873554512, -1.1089622986133945, -4.9536584365852185
30.15437404163505, -2.5672363158198808, -4.9658535585364385
31.27925641891547, -4.355480382354518, -4.978048680487658
31.409590535568977, -6.497259154854854, -4.9902438024388776
30.57274712133766, -9.006138600139383, -5.002438924390097
28.814606539069988, -11.83249251854939, -5.014634046341317
26.178051214175554, -14.91093886996774, -5.026829168292536
22.8296754926854, -18.160986386183485, -5.039024290243756
18.917020116773717, -21.48210984032518, -5.051219412194975
14.544453906335864, -24.710304979833484, -5.063414534146194
9.834794318941887, -27.65870808412094, -5.075609656097414
4.938425648943341, -30.15105109653371, -5.087804778048634
0.0, -32.05551368486801, -5.099999899999853
0.0, -32.05551368486801, -5.099999899999853
-4.8986834586854195, -31.68895728789711, -5.112195021951072
-9.683277177775116, -30.58714216043414, -5.124390143902292
-14.229352898581189, -28.739747536514333, -5.136585265853511
-18.42139696454053, -26.193724065301794, -5.148780387804731
-22.17740638239443, -23.042606128103735, -5.16097550975595
-25.441950697142904, -19.386902628843387, -5.17317063170717
-28.11967601365211, -15.285362518742721, -5.18536575365839
-30.115093008300995, -10.815240908386986, -5.197560875609609
-31.373582572755858, -6.086627328203912, -5.209755997560828
-31.89527308139993, -1.2222111685034953, -5.221951119512048
-31.708591223794016, 3.665814268919522, -5.234146241463268
-30.796640094235965, 8.46853493605403, -5.246341363414487
-29.143966370574624, 13.066021696051457, -5.258536485365706
-26.782211785208418, 17.340867025469038, -5.270731607316925
-23.79164391538618, 21.20184058281787, -5.282926729268146
-20.27058804151406, 24.585960943676707, -5.295121851219365
-16.290239426686313, 27.410470881924397, -5.307316973170584
-11.921145841577196, 29.57936724437807, -5.319512095121805
-7.264099374802544, 31.026089217740406, -5.331707217073024
-2.4389574378574137, 31.73514993226007, -5.343902339024243
2.438410803753899, 31.72811893265819, -5.356097460975462
7.259197694648391, 31.005279194468823, -5.368292582926682
11.90773424602849, 29.546097269605987, -5.380487704877901
16.264767636733737, 27.36748704519009, -5.392682826829121
20.230216889794164, 24.536894378439065, -5.4048779487803404
23.73375646395207, 21.150329576732418, -5.4170730707315595
26.704476169385835, 17.290684538351254, -5.4292681926827795
29.045728118930832, 13.02200652593275, -5.4414633146339995
30.679454992428518, 8.436166489413818, -5.4536584365852185
31.57513565919311, 3.650238074784198, -5.4658535585364385
31.74753717639432, -1.2164729288294143, -5.478048680487658
31.21305842714627, -6.05526521282615, -5.4902438024388776
29.94614093568758, -10.75449081126291, -5.502438924390097
27.94955149579629, -15.193099814069653, -5.514634046341316
25.278359294660945, -19.26253685589104, -5.526829168292536
22.026128817752316, -22.885339114744696, -5.539024290243756
18.286699017297618, -26.00169380742855, -5.551219412194975
14.117823512889826, -28.514177085526164, -5.563414534146195
9.602828699111889, -30.333679997038747, -5.575609656097414
4.8560530095553105, -31.415227995558684, -5.587804778048633
8.881784197001252e-16, -31.766838550273185, -5.599999899999853
0.0, -31.766838550273185, -5.599999899999853
-4.8538666365065755, -31.401188111828514, -5.612195021951072
-9.594130728490121, -30.306275256133073, -5.624390143902292
-14.098702034767523, -28.47550262379757, -5.636585265853512
-18.254040134982176, -25.955133342548223, -5.648780387804731
-21.977323921297767, -22.83460114273895, -5.660975509755951
-25.21065777402845, -19.2110678177751, -5.67317063170717
-27.861329601553706, -15.14525428724932, -5.685365753658389
-29.83800070052563, -10.715606226574888, -5.697560875609609
-31.087416586334495, -6.030717730431036, -5.709755997560829
-31.606824470521925, -1.2110069406764286, -5.721951119512048
-31.420594444953682, 3.6322014686465653, -5.734146241463268
-30.51400624732824, 8.390467208185036, -5.746341363414487
-28.875438374410948, 12.945709350409167, -5.758536485365706
-26.53703435212877, 17.182592055677475, -5.770731607316925
-23.57587537339925, 21.00983993903273, -5.782926729268145
-20.086669575219204, 24.362429261324703, -5.795121851219365
-16.14104725909122, 27.158707963980543, -5.807316973170584
-11.811171931668333, 29.306556187112434, -5.819512095121804
-7.197110333486458, 30.741687546185528, -5.831707217073024
-2.4165487528337266, 31.446925694963006, -5.843902339024243
2.416002120016814, 31.439894806103275, -5.856097460975462
7.1922085840886965, 30.720877192076365, -5.868292582926681
11.797760260632595, 29.273286034368418, -5.880487704877902
16.115575070468815, 27.11572345116025, -5.892682826829121
20.046297575111137, 24.31336161587444, -5.9048779487803404
23.517987024015696, 20.958328236527066, -5.91707307073156
26.459296549569878, 17.13240810615227, -5.92926819268278
28.77719868225126, 12.901693624210019, -5.9414633146339995
30.39681875644553, 8.358098084358849, -5.9536584365852185
31.287135036213677, 3.616624821999802, -5.965853558536438
31.45908648472205, -1.2052684734413268, -5.978048680487658
30.92688720846636, -5.999354653749076, -5.990243802438877
29.669046144372146, -10.654854972229547, -6.002438924390097
27.691201968258703, -15.052990000385392, -6.014634046341317
25.047061327450614, -19.086698104639964, -6.026829168292536
21.826045105078087, -22.67733259604723, -6.039024290243755
18.119337784839875, -25.76309694981916, -6.051219412194975
13.98717177405437, -28.249929419388117, -6.063414534146194
9.513681028810483, -30.052810388435628, -6.075609656097414
4.811235095087909, -31.127450727547842, -6.087804778048634
8.881784197001252e-16, -31.478163415678377, -6.099999899999853
0.0, -31.478163415678377, -6.099999899999853
-4.809048695409566, -31.11341084785606, -6.112195021951072
-9.50498307311042, -30.02540598607092, -6.124390143902292
-13.968050554501165, -28.21125546041854, -6.136585265853511
-18.08667865587383, -25.716536309370625, -6.148780387804731
-21.777240826137053, -22.626595323011255, -6.16097550975595
-24.979359118465627, -19.035228666996623, -6.17317063170717
-27.60298010620707, -15.005144680054746, -6.185365753658389
-29.560906335584637, -10.615970466754112, -6.19756087560961
-30.801243618311155, -5.974806955019582, -6.209755997560828
-31.31837382592021, -1.199802432228899, -6.221951119512047
-31.132591559149173, 3.598587820707415, -6.234146241463267
-30.231368492534422, 8.31239827894464, -6.246341363414487
-28.606908221429833, 12.82539624677753, -6.258536485365706
-26.29185170503049, 17.024313537716594, -6.270731607316925
-23.360104383470606, 20.817837442397163, -6.282926729268146
-19.902748010303473, 24.13889347510939, -6.295121851219365
-15.99185262914126, 26.906940887489927, -6.307316973170584
-11.70119710529916, 29.033743023984464, -6.319512095121805
-7.130120096324607, 30.457280405532643, -6.331707217073024
-2.3941394982037725, 31.15869735980062, -6.343902339024243
2.393592866192282, 31.15166657669907, -6.356097460975462
7.125218274069665, 30.436469706736744, -6.368292582926682
11.68778536490454, 29.000472709403738, -6.380487704877901
15.966380051829912, 26.86395571941209, -6.392682826829121
19.862375141573686, 24.089824728340716, -6.4048779487803404
23.302215092671346, 20.766325016717296, -6.4170730707315595
26.21411162481707, 16.974128073695255, -6.42926819268278
28.50866707530068, 12.781379961497326, -6.441463314633999
30.114178612664652, 8.280028477324784, -6.4536584365852185
30.99912820531229, 3.583010709541914, -6.4658535585364385
31.17063367522231, -1.1940637214426506, -6.478048680487658
30.64070883569635, -5.943442873761326, -6.4902438024388776
29.391949259676363, -10.555218034165405, -6.502438924390097
27.432849323662516, -14.912878795236004, -6.514634046341316
24.81575746027947, -18.910854882846966, -6.526829168292536
21.62596068513746, -22.469325141717658, -6.539024290243756
17.95197174499207, -25.524493527872167, -6.551219412194975
13.856519380298904, -27.98567938339791, -6.563414534146195
9.42453211416635, -29.77193831253875, -6.575609656097414
4.766416018256503, -30.839665120499685, -6.587804778048633
8.881784197001252e-16, -31.189488281083555, -6.599999899999853
0.0, -31.189488281083555, -6.599999899999853
-4.764229591735652, -30.82562525482774, -6.612195021951072
-9.415834179028181, -29.74453427815103, -6.624390143902292
-13.837398464058197, -27.947006033717106, -6.636585265853512
-17.919312443080297, -25.47793284764297, -6.648780387804731
-21.57715711553189, -22.41858869037521, -6.660975509755951
-24.748054594261028, -18.859385093087116, -6.67317063170717
-27.344627481770978, -14.865033684462748, -6.685365753658389
-29.28380991350552, -10.51633362172758, -6.69756087560961
-30.515063516876367, -5.918894971761676, -6.709755997560828
-31.029921111845425, -1.1885976355553907, -6.721951119512047
-30.84458240236193, 3.564973291591529, -6.734146241463268
-29.948726728887173, 8.234328114140657, -6.746341363414487
-28.338375857778246, 12.705082366802, -6.758536485365706
-26.046663679661492, 16.86603136960896, -6.770731607316925
-23.144330862300844, 20.62583303597794, -6.782926729268145
-19.718823255759723, 23.915353455925743, -6.795121851219365
-15.842655471448039, 26.655169536008398, -6.807316973170584
-11.591221342705783, 28.760927712165838, -6.819512095121804
-7.0631286272647795, 30.17286765775445, -6.831707217073024
-2.371729652689454, 30.87046482696416, -6.843902339024243
2.37118301962634, 30.863434127144657, -6.856097460975462
7.058226725226877, 30.152056588204267, -6.868292582926681
11.577809524251503, 28.72765721859138, -6.880487704877902
15.817182490714929, 26.612183687037852, -6.892682826829121
19.678449515551513, 23.866283596507813, -6.9048779487803404
23.086440627362066, 20.574319888155422, -6.91707307073156
25.968921310556524, 16.815844387902786, -6.92926819268278
28.240133293441392, 12.661065540973478, -6.9414633146339995
29.831534493357672, 8.20195763626399, -6.9536584365852185
30.7111151326107, 3.5493957046600015, -6.965853558536438
30.88217887381275, -1.1828586843217765, -6.9780486804876585
30.354523359040005, -5.887529891264199, -6.9902438024388776
29.11485043666249, -10.45558005558174, -7.002438924390097
27.174493642718893, -14.772766276365529, -7.014634046341316
24.58444775458868, -18.735007295396976, -7.026829168292536
21.425875764587506, -22.261317008572426, -7.039024290243755
17.78460099230548, -25.285883720160225, -7.051219412194975
13.725866452508662, -27.721427258184026, -7.063414534146195
9.335381980349688, -29.491063966195, -7.075609656097414
4.721595741409393, -30.55187106895997, -7.087804778048634
8.881784197001252e-16, -30.900813146488733, -7.099999899999853
0.0, -30.900813146488737, -7.099999899999853
-4.71940927865425, -30.537831105996865, -7.112195021951072
-9.326684017783998, -29.46366010315481, -7.124390143902292
-13.706745697753899, -27.68275417540592, -7.136585265853512
-17.751941244527004, -25.239322555129235, -7.148780387804731
-21.37707265199407, -22.210581066317026, -7.16097550975595
-24.51674389401484, -18.683536855034315, -7.173170631707169
-27.086271510214218, -14.724921182680848, -7.185365753658389
-29.00671117391598, -10.416695579313856, -7.197560875609609
-30.228875820227596, -5.862981670238598, -7.209755997560829
-30.741466090842458, -1.1773925168775377, -7.221951119512048
-30.55656665351842, 3.531357843034003, -7.234146241463267
-29.66608075109328, 8.156256655657337, -7.246341363414486
-28.069841108350296, 12.584767641445858, -7.258536485365706
-25.801469992657054, 16.70774538155897, -7.270731607316925
-22.928554674775434, 20.43382662700278, -7.282926729268146
-19.534895193715517, 23.691809047974054, -7.295121851219365
-15.693455712917121, 26.40339378026912, -7.307316973170584
-11.481244624079341, 28.488110206703094, -7.319512095121805
-6.9961358899598425, 29.88844915881574, -7.331707217073024
-2.3493191942836296, 30.58222799807951, -7.343902339024243
2.348772558168533, 30.5751973570955, -7.356097460975462
6.99123389669343, 29.867637680798044, -7.368292582926682
11.467832708342582, 28.4548394944023, -7.380487704877902
15.66798230742313, 26.360407211235625, -7.392682826829121
19.49452060040342, 23.64273808021379, -7.4048779487803404
22.87066354065574, 20.382312790523475, -7.4170730707315595
25.723725432149138, 16.65755694133163, -7.4292681926827795
27.97159726442554, 12.54075033772228, -7.4414633146339995
29.548886267747363, 8.123885521404015, -7.4536584365852185
30.423095587524976, 3.5157797716139196, -7.465853558536438
30.59372196231213, -1.1716533422400888, -7.4780486804876585
30.068330489730467, -5.831615639915993, -7.490243802438877
28.837749558034286, -10.3559409786567, -7.502438924390097
26.91613478655807, -14.632652367937643, -7.514634046341317
24.353131943049327, -18.559155134899385, -7.526829168292536
21.225790248396674, -22.053308067784055, -7.539024290243756
17.617225316392172, -25.047267190765794, -7.551219412194975
13.595212938099593, -27.457172879716836, -7.563414534146194
9.246230584776422, -29.210187224480695, -7.575609656097414
4.676774213924201, -30.264068280173852, -7.587804778048633
8.881784197001252e-16, -30.612138011893926, -7.599999899999853
0.0, -30.61213801189393, -7.599999899999853
-4.674587713891572, -30.250028220937324, -7.612195021951072
-9.237532573118765, -29.182783464555758, -7.624390143902292
-13.576092298160443, -27.418499958649928, -7.636585265853512
-17.58456502610696, -25.00070539662998, -7.648780387804731
-21.176987517540397, -22.002572549060975, -7.660975509755951
-24.28542694442937, -18.50768393047911, -7.673170631707169
-26.8279122265593, -14.584807214088269, -7.68536575365839
-28.729610232027014, -10.317056379473346, -7.697560875609609
-29.94268050433788, -5.807067052690295, -7.709755997560828
-30.4530088434539, -1.1661870807523376, -7.721951119512048
-30.26854425284052, 3.497741442849727, -7.734146241463268
-29.383430544719225, 8.078183887777481, -7.746341363414486
-27.801304025973145, 12.464452097028222, -7.758536485365706
-25.556270581212104, 16.549455530260893, -7.770731607316925
-22.712775797058868, 20.24181820353521, -7.782926729268145
-19.350963773250736, 23.468260157360373, -7.795121851219365
-15.54425329326752, 26.151613508517503, -7.807316973170584
-11.371266921320219, 28.21529044550452, -7.819512095121805
-6.929141834551492, 29.604024719245444, -7.831707217073024
-2.326908095758953, 30.2939867100699, -7.843902339024243
2.3263614556609014, 30.286956118451734, -7.856097460975462
6.924239746598385, 29.583212821594053, -7.868292582926682
11.357854906164206, 28.182019512492275, -7.880487704877902
15.518779453275538, 26.108626203259874, -7.892682826829121
19.310588315277986, 23.419188057812242, -7.9048779487803404
22.654883754820215, 20.190303672616487, -7.9170730707315595
25.478523787870113, 16.499265607796204, -7.9292681926827795
27.703058898519416, 12.420434317028052, -7.9414633146339995
29.26623378611852, 8.04581208626217, -7.9536584365852185
30.13506931138975, 3.482162866423022, -7.9658535585364385
30.3052627899127, -1.1604476782028754, -7.978048680487658
29.78212986389631, -5.775700041314076, -7.9902438024388776
28.560646429201427, -10.2563007201072, -8.002438924390097
26.65777253874773, -14.49253695719234, -8.014634046341316
24.121809699430905, -18.383298163732157, -8.026829168292535
21.025703983190123, -21.845298144279976, -8.039024290243756
17.449844430055123, -24.808643502725477, -8.051219412194975
13.464558708825345, -27.192915934695815, -8.063414534146194
9.157077831452895, -28.929307796902354, -8.075609656097415
4.63195137784392, -29.976256399385587, -8.087804778048634
8.881784197001252e-16, -30.323462877299107, -8.099999899999853
0.0, -30.32346287729911, -8.099999899999853
-4.629764835321869, -29.9622161910148, -8.112195021951072
-9.148379775174762, -28.901904148808303, -8.124390143902291
-13.445438195607686, -27.1542431916892, -8.136585265853512
-17.41718357798262, -24.762081046530177, -8.148780387804731
-20.97690165215304, -21.794563059058703, -8.16097550975595
-24.054103530165715, -18.331826167507344, -8.173170631707169
-26.569549508256678, -14.444691718323362, -8.185365753658388
-28.45250698757334, -10.217415970976312, -8.197560875609609
-29.656477286590878, -5.7511510534731904, -8.209755997560828
-30.164549265025446, -1.1549813082037865, -8.221951119512049
-29.980514971080794, 3.4641240529315565, -8.234146241463268
-29.10077595768037, 8.00010976587393, -8.246341363414487
-27.53276451727297, 12.344135702610231, -8.258536485365706
-25.31106524316675, 16.391161694903893, -8.270731607316925
-22.49699413186904, 20.049807700811307, -8.282926729268144
-19.167028891029872, 23.244706636916845, -8.295121851219365
-15.39504814105032, 25.899828595143155, -8.307316973170586
-11.26128821322746, 27.942468387321547, -8.319512095121805
-6.862146420850724, 29.319594197092353, -8.331707217073024
-2.3044963342905382, 30.005740868712827, -8.343902339024243
2.303949683358817, 29.998710240245284, -8.356097460975462
6.8572442274094145, 29.29878182183986, -8.368292582926681
11.247876092224507, 27.90919721043003, -8.3804877048779
15.36957386535586, 25.8568405418168, -8.392682826829121
19.126652593666144, 23.195633422380986, -8.40487794878034
22.43910122776198, 19.99829251438648, -8.417073070731561
25.23331631243895, 16.340970346600308, -8.429268192682779
27.434518296631083, 12.300117524429288, -8.441463314634
28.9835771399702, 7.967737339254096, -8.453658436585219
29.84703637538686, 3.4485449732797853, -8.465853558536438
30.016801589089305, -1.1492416997964274, -8.478048680487658
29.495921647404337, -5.719783136816476, -8.490243802438878
28.283541408377864, -10.156659418877855, -8.502438924390097
26.39940720539557, -14.352420249748317, -8.514634046341316
23.890481217026572, -18.207436576284802, -8.526829168292535
20.82561728484816, -21.63728759106696, -8.539024290243756
17.282458500433837, -24.570012930939477, -8.551219412194975
13.333903965855571, -26.928656869027485, -8.563414534146194
9.06792379130868, -28.64842604628511, -8.575609656097413
4.587127200001825, -29.688435405899885, -8.587804778048634
8.881784197001252e-16, -30.03478774270429, -8.599999899999853
0.0, -30.03478774270429, -8.599999899999853
-4.584940589688657, -29.67439473699979, -8.612195021951072
-9.05922557202527, -28.621022010026792, -8.624390143902291
-13.314783308509329, -26.889983642584887, -8.636585265853512
-17.249796628366987, -24.523449069051352, -8.648780387804731
-20.77681479038399, -21.58655228351332, -8.66097550975595
-23.822773083760904, -18.155963119502484, -8.673170631707169
-26.311182861344374, -14.304574410206133, -8.68536575365839
-28.17540095925184, -10.117774147262208, -8.697560875609609
-29.37026552723969, -5.695233523474677, -8.70975599756083
-29.87608689575558, -1.1437751590546257, -8.721951119512049
-29.692478197876362, 3.430505598453946, -8.734146241463268
-28.818116538093754, 7.922034167530441, -8.746341363414487
-27.26422226351511, 12.22381832771792, -8.758536485365706
-25.065853623301827, 16.232863654722554, -8.770731607316925
-22.28120950058687, 19.85779497649452, -8.782926729268146
-18.983090372589402, 23.021148245428535, -8.795121851219365
-15.245840151289917, 25.648038847548534, -8.807316973170586
-11.151308475824186, 27.669643967706918, -8.819512095121805
-6.795149615262877, 29.03515745357563, -8.831707217073024
-2.282083892129287, 29.717490458987818, -8.843902339024243
2.2815372105956024, 29.710459542915334, -8.856097460975462
6.79024727820004, 29.014344444610536, -8.868292582926681
11.137896230935642, 27.636372508311453, -8.8804877048779
15.220365483781157, 25.605050116587186, -8.892682826829121
18.942713415027193, 22.972074118576565, -8.90487794878034
22.22331594226135, 19.806279318118584, -8.917073070731561
24.988102940457104, 16.18267111887259, -8.92926819268278
27.165975599650146, 12.179800025274364, -8.941463314634
28.700916493582177, 7.889661310363241, -8.953658436585219
29.558996940728306, 3.4149260796561034, -8.965853558536438
29.72833859823044, -1.138035417384083, -8.978048680487657
29.20970592002146, -5.663864948814156, -8.990243802438878
28.006434809610592, -10.057017194854756, -9.002438924390097
26.14103908173908, -14.212302441484335, -9.014634046341316
23.6591466353495, -18.031570532236668, -9.026829168292535
20.625530331649568, -21.429276612845666, -9.039024290243756
17.115067511604337, -24.33137546563432, -9.051219412194975
13.203248807286137, -26.664395889673365, -9.063414534146194
8.978768501695505, -28.367542203283644, -9.075609656097415
4.542301641944638, -29.40060525194852, -9.087804778048634
8.881784197001252e-16, -29.746112608109474, -9.099999899999853
0.0, -29.74611260810948, -9.099999899999853
-4.540114909270823, -29.38656344153392, -9.112195021951072
-8.970069866429498, -28.340136740398325, -9.124390143902291
-13.184127513554047, -26.62572099876554, -9.136585265853512
-17.082403898356105, -24.284809034107454, -9.148780387804731
-20.57672691053197, -21.378540189769783, -9.16097550975595
-23.591435478203522, -17.98009471888516, -9.173170631707169
-26.05281234859583, -14.164455349474459, -9.185365753658388
-27.89829229131188, -10.018130962484692, -9.197560875609609
-29.08404520948504, -5.639314465423519, -9.209755997560828
-29.587621980346686, -1.1325686431730684, -9.221951119512049
-29.404434105920544, 3.396886066636714, -9.234146241463268
-28.535452570523724, 7.843957148497475, -9.246341363414487
-26.995677514123823, 12.103500080707656, -9.258536485365706
-24.820635733042263, 16.07456141564825, -9.270731607316925
-22.0654219223968, 19.66578006564278, -9.282926729268146
-18.79914821493648, 22.797584948799337, -9.295121851219365
-15.096629307858027, 25.396244228789783, -9.307316973170584
-11.04132765851104, 27.396817074151862, -9.319512095121805
-6.7281513332909935, 28.7507141552314, -9.331707217073024
-2.259670730431686, 29.42923520436132, -9.343902339024243
2.259124020406307, 29.422204034382325, -9.356097460975462
6.723248905300688, 28.729900745131346, -9.368292582926681
11.027915312655772, 27.363545394224897, -9.380487704877902
15.071154157421974, 25.353254675519672, -9.392682826829121
18.758770447568946, 22.74850973197625, -9.40487794878034
22.007527546688763, 19.61426380318789, -9.41707307073156
24.74288302066138, 16.02436752444381, -9.42926819268278
26.897429810781237, 12.059481410864981, -9.441463314634
28.41825043688285, 7.811583652905009, -9.453658436585219
29.270949214139524, 3.3813060238979755, -9.465853558536438
29.439872220980718, -1.12682869707159, -9.478048680487657
28.923480696520727, -5.607945009955253, -9.490243802438878
27.729324463668988, -9.95737314518939, -9.502438924390097
25.88266599687676, -14.0721822175085, -9.514634046341316
23.42780391675437, -17.85569832560076, -9.526829168292537
20.425441832774062, -21.221263697047394, -9.539024290243756
16.947670318319773, -24.09272926711103, -9.551219412194975
13.072592450388141, -26.400131093409307, -9.563414534146196
8.889611571471471, -28.086654727055834, -9.575609656097413
4.497474586898316, -29.11276488004068, -9.587804778048634
0.0, -29.45743747351466, -9.599999899999853
0.0, -29.457437473514663, -9.599999899999853
-4.495287791471712, -29.098722723443927, -9.612195021951072
-8.880913007642354, -28.059249895427243, -9.624390143902291
-13.053471584210676, -26.36145709932277, -9.636585265853512
-16.91500633522507, -24.046162499800463, -9.648780387804731
-20.37663912944836, -21.17052808274984, -9.66097550975595
-23.360091933327066, -17.804222053612857, -9.67317063170717
-25.7944396304079, -14.024335574801675, -9.68536575365839
-27.621182651412695, -9.918487095634054, -9.697560875609609
-28.79781760794053, -5.583394184334361, -9.70975599756083
-29.299155494891906, -1.12136182880403, -9.721951119512047
-29.11638341103895, 3.363265484730211, -9.734146241463268
-28.2527847637867, 7.765878864718617, -9.746341363414487
-26.72713081308656, 11.983181194665223, -9.758536485365706
-24.575411778063085, 15.916255109173242, -9.770731607316925
-21.849631433061933, 19.47376301636325, -9.782926729268144
-18.615202399108497, 22.57401668625556, -9.795121851219365
-14.947415597323152, 25.14444469247654, -9.807316973170586
-10.93134578043803, 27.123987755067873, -9.819512095121805
-6.661151535039945, 28.466264164788598, -9.831707217073024
-2.237256795493676, 29.140974656270718, -9.843902339024243
2.2367100869090484, 29.13394362190356, -9.856097460975462
6.656249047827842, 28.44545047994891, -9.868292582926681
10.917933311707507, 27.09071579115395, -9.8804877048779
14.921939830776969, 25.101454086878984, -9.892682826829121
18.574823599063897, 22.52494010492174, -9.90487794878034
21.791735984479985, 19.422245934630237, -9.917073070731561
24.497656574764445, 15.86605957969301, -9.92926819268278
26.628881434559936, 11.939161891018081, -9.941463314634
28.13557960794305, 7.733504494147754, -9.953658436585219
28.98289385179135, 3.3476848206372884, -9.965853558536438
29.15140334138281, -1.1156215982971753, -9.978048680487657
28.637247014447738, -5.5520235629215975, -9.990243802438876
27.452211955498136, -9.857727916083594, -10.002438924390097
25.62428936510753, -13.932060476123707, -10.014634046341317
23.196454052668706, -17.679820853252764, -10.026829168292535
20.225352626825735, -21.01324980540645, -10.039024290243756
16.78026749882493, -23.854075258795838, -10.051219412194975
12.941935411759907, -26.135863676878884, -10.063414534146194
8.800453078452543, -27.805764046020222, -10.075609656097415
4.45264593877513, -28.824913578638412, -10.087804778048632
8.881784197001252e-16, -29.16876233891985, -10.099999899999853
0.0, -29.16876233891985, -10.099999899999853
-4.450459138096939, -28.810871827477143, -10.112195021951072
-8.79175462990153, -27.778360013064784, -10.124390143902291
-12.92281485178814, -26.09719027102047, -10.136585265853512
-16.747602900958896, -23.80750775435147, -10.148780387804731
-20.176550366648947, -20.962514670601557, -10.16097550975595
-23.128740741228285, -17.628343698146818, -10.173170631707169
-25.536062623635097, -13.884213829062128, -10.18536575365839
-27.34407011497616, -9.818841739167336, -10.19756087560961
-28.51158087110668, -5.527472232981609, -10.209755997560828
-29.01068617233524, -1.110154601419757, -10.221951119512047
-28.828324847166698, 3.3296437266885146, -10.234146241463268
-27.970111904365318, 7.6877990073858955, -10.246341363414487
-26.458581375316918, 11.862861346546753, -10.258536485365706
-24.330181119473515, 15.757944346214583, -10.270731607316925
-21.633837835295523, 19.281743680823865, -10.282926729268146
-18.43125285054962, 22.350443332066583, -10.295121851219365
-14.798198873370023, 24.892639974546086, -10.307316973170586
-10.821362807356762, 26.851155924995318, -10.319512095121805
-6.594150166106036, 28.181807277271673, -10.331707217073024
-2.214842072362271, 28.852708877107602, -10.343902339024243
2.214295388372607, 28.84567827330728, -10.356097460975462
6.589247606893967, 28.160993267364784, -10.368292582926681
10.807950139365104, 26.817883498611213, -10.3804877048779
14.772722368458426, 24.849648120484837, -10.39268282682912
18.39087290630284, 22.30136524749526, -10.40487794878034
21.575941398608382, 19.230225855596196, -10.417073070731561
24.252423230927793, 15.707747060403104, -10.42926819268278
26.36033013265773, 11.818841336122828, -10.441463314634
27.852903628519805, 7.655423736713415, -10.453658436585219
28.69483068487726, 3.3140624307404636, -10.465853558536438
28.862931886165104, -1.1044141062145412, -10.478048680487657
28.35100383213352, -5.496100363239883, -10.490243802438878
27.17509635373724, -9.758081110980028, -10.502438924390097
25.365908487319942, -13.791936802325989, -10.514634046341316
22.96509668834727, -17.5039378564438, -10.526829168292537
20.02526257772221, -20.805234781893507, -10.539024290243756
16.61285835089599, -23.61541232898022, -10.551219412194975
12.811277368908657, -25.871592843816696, -10.563414534146194
8.711293031258819, -27.52487028414435, -10.575609656097413
4.407815733285685, -28.53705229957629, -10.587804778048634
0.0, -28.880087204325033, -10.599999899999853
0.0, -28.880087204325033, -10.599999899999853
-4.4056289533564925, -28.523011292586368, -10.612195021951072
-8.702594898978562, -27.497467908064625, -10.624390143902291
-12.79215748950834, -25.832920940394427, -10.636585265853512
-16.58019342313729, -23.568844570689443, -10.648780387804731
-19.97646074851539, -20.754500115734697, -10.660975509755952
-22.897382415963573, -17.452460145800906, -10.673170631707169
-25.277681922617443, -13.744090498047619, -10.68536575365839
-27.066954908289205, -9.719194983461835, -10.69756087560961
-28.225334628521477, -5.471548536641721, -10.709755997560828
-28.722213747531015, -1.0989469367764395, -10.721951119512047
-28.540258279358923, 3.2960207500729517, -10.734146241463268
-27.687433773373478, 7.609717514258504, -10.746341363414487
-26.190028853563376, 11.742540398923762, -10.758536485365706
-24.084943243099914, 15.599628807241318, -10.770731607316925
-21.418040679798505, 19.089721692345794, -10.782926729268146
-18.247299284715297, 22.12686451721528, -10.795121851219365
-14.648978937544147, 24.64082974617005, -10.807316973170586
-10.711378672284248, 26.578321435334814, -10.819512095121805
-6.527147219551553, 27.89734347656704, -10.831707217073024
-2.192426568935616, 28.564438198376443, -10.843902339024243
2.191879869512518, 28.55740757118734, -10.856097460975462
6.522244534650391, 27.876528943870422, -10.868292582926681
10.697965859925713, 26.545048688993493, -10.8804877048779
14.623501870135822, 24.5978369372263, -10.892682826829121
18.206918292894173, 22.07778503956923, -10.90487794878034
21.360143180538344, 19.038203072211452, -10.91707307073156
24.007183051687505, 15.549430003709599, -10.92926819268278
26.091776485753563, 11.698519992487784, -10.941463314634
27.570223086226058, 7.577341511582, -10.953658436585219
28.406759659194663, 3.28043882115779, -10.965853558536438
28.574457320518654, -1.093206165702078, -10.978048680487658
28.064752030942564, -5.440175629955659, -10.990243802438878
26.897979147667886, -9.658433339671625, -11.002438924390097
25.107524521995316, -13.651811925095434, -11.014634046341316
22.733731963496986, -17.32804950086486, -11.026829168292535
19.825171624595704, -20.59721854241438, -11.039024290243754
16.445443855315666, -23.376742100268263, -11.051219412194975
12.680619282072785, -25.60732088643324, -11.063414534146196
8.622131795596259, -27.24397505142839, -11.075609656097415
4.362983907111869, -28.249180769974775, -11.087804778048634
0.0, -28.591412069730215, -11.099999899999853
0.0, -28.591412069730215, -11.099999899999853
-4.360796969083939, -28.23513828026272, -11.112195021951072
-8.613433067518855, -27.21657055092993, -11.124390143902291
-12.661498503085483, -25.568646652352836, -11.136585265853512
-16.412776848931657, -23.330171225359912, -11.148780387804731
-19.776368631278405, -20.54648247687131, -11.16097550975595
-22.666014037185903, -17.276568957235945, -11.173170631707169
-25.019294879350145, -13.603963982980115, -11.185365753658388
-26.789835085541164, -9.619546008412705, -11.19756087560961
-27.939077535746467, -5.4156227697649575, -11.20975599756083
-28.433736845503724, -1.0877387151188334, -11.221951119512049
-28.252181823800683, 3.2623963686280426, -11.234146241463268
-27.404749302747582, 7.531634110033847, -11.246341363414487
-25.921472894174393, 11.622218210417213, -11.258536485365706
-23.83969805878224, 15.441308439072552, -11.270731607316925
-21.20223986302655, 18.897696980308005, -11.282926729268144
-18.063341386910082, 21.903279822631355, -11.295121851219365
-14.49975574708625, 24.38901390568629, -11.307316973170586
-10.601393420434999, 26.305484387179256, -11.319512095121805
-6.460142635839551, 27.612872540604688, -11.331707217073024
-2.170010216560155, 28.276162014196426, -11.343902339024243
2.169463493342994, 28.26913134587882, -11.356097460975462
6.45523981207865, 27.592057463392152, -11.368292582926681
10.587980452023572, 26.27221131725496, -11.380487704877902
14.474278109228457, 24.346020135579902, -11.392682826829121
18.02295942687717, 21.85419904265621, -11.40487794878034
21.144341352643725, 18.84617762283379, -11.417073070731561
23.761935531805662, 15.391108107589137, -11.42926819268278
25.82321977273026, 11.578197568340272, -11.441463314634
27.28753683772633, 7.4992575198113425, -11.453658436585219
28.118679821266596, 3.246813876457484, -11.465853558536438
28.285979731156274, -1.0819977760450965, -11.478048680487657
27.77849047598349, -5.38424908883826, -11.490243802438878
26.620859135278188, -9.558784095577522, -11.502438924390097
24.84913642693127, -13.511685233385373, -11.514634046341317
22.502359356194265, -17.15215539399562, -11.526829168292537
19.625080947503854, -20.389202464909715, -11.539024290243756
16.278022994370797, -23.138062894773817, -11.551219412194975
12.54996009372393, -25.343045198719512, -11.563414534146194
8.532968700841607, -26.963075683505032, -11.575609656097413
4.318150296454477, -27.96129751542937, -11.587804778048634
0.0, -28.30273693513541, -11.599999899999853
0.0, -28.30273693513541, -11.599999899999853
-4.3159633126048895, -27.947254976933333, -11.612195021951072
-8.524270003441677, -26.935671668755013, -11.624390143902291
-12.530839460395752, -25.304371174629257, -11.636585265853512
-16.245354939090863, -23.091490608638434, -11.648780387804731
-19.576277359103646, -20.33846566414675, -11.66097550975595
-22.434639471522697, -17.100673477587094, -11.673170631707169
-24.760905813214638, -13.46383695068701, -11.68536575365839
-26.51271464477925, -9.519896464459507, -11.697560875609609
-27.6528125525957, -5.3596956456091, -11.70975599756083
-28.14525904931827, -1.0765302043913858, -11.721951119512047
-27.964098631803537, 3.2287708047401864, -11.734146241463268
-27.12206101396802, 7.453549387764408, -11.746341363414487
-25.652915114873053, 11.501895457363315, -11.758536485365706
-23.594446147642806, 15.28298360749888, -11.770731607316925
-20.986436102957857, 18.70567019086831, -11.782926729268144
-17.87937956510879, 21.6796896955887, -11.795121851219363
-14.350529376328874, 24.13719256481347, -11.807316973170586
-10.491406946983433, 26.032644550238764, -11.819512095121805
-6.393136250676914, 27.328393857505525, -11.831707217073024
-2.1475929490156656, 27.98787989182019, -11.843902339024243
2.1470462379609043, 27.98084951455302, -11.856097460975462
6.3882333573129735, 27.307578478772676, -11.868292582926681
10.477993802701949, 25.99937108879046, -11.8804877048779
14.325050992182414, 24.09419752391852, -11.89268282682912
17.83899637487446, 21.63060728128818, -11.904877948780342
20.92853632753527, 18.654149874822757, -11.917073070731561
23.51668091231335, 15.232781514758265, -11.92926819268278
25.554660559165832, 11.457874295077382, -11.941463314634
27.004845825857004, 7.421171970827553, -11.953658436585219
27.830592152973118, 3.2131876418098893, -11.965853558536438
27.997500177950855, -1.0707890095124264, -11.978048680487658
27.49221983429844, -5.328320903899131, -11.990243802438876
26.343737014564713, -9.459133658500347, -12.002438924390097
24.590744597395652, -13.371556996346246, -12.014634046341317
22.27097893686906, -16.976255652249687, -12.026829168292535
19.424989275150576, -20.181185052003205, -12.039024290243756
16.110595861139934, -22.899374906573502, -12.051219412194975
12.419300291903548, -25.078766952869124, -12.063414534146194
8.443804113460578, -26.682173805185787, -12.075609656097415
4.273314902740772, -27.673403149954375, -12.087804778048632
8.881784197001252e-16, -28.01406180054059, -12.099999899999853
0.0, -28.014061800540592, -12.099999899999853
-4.271127916532792, -27.659361117781387, -12.112195021951072
-8.435105689405088, -26.654771266226955, -12.124390143902291
-12.40018038318839, -25.040094518817902, -12.136585265853512
-16.07792763866476, -22.85280263025244, -12.148780387804733
-19.376187196623366, -20.130449971831496, -12.16097550975595
-22.2032573711227, -16.924772598895355, -12.173170631707169
-24.50251328551967, -13.323708528999548, -12.18536575365839
-26.235592266682048, -9.420245784321807, -12.197560875609609
-27.36653841142686, -5.303766850409864, -12.209755997560828
-27.85677938277988, -1.0653213079254125, -12.221951119512049
-27.676006968213727, 3.1951438927527387, -12.234146241463266
-26.839367570364885, 7.375463019914472, -12.246341363414487
-25.384354656334352, 11.381571800134022, -12.258536485365706
-23.349186875192164, 15.124653940122965, -12.270731607316925
-20.770629175015735, 18.513641164612217, -12.282926729268146
-17.695413036113933, 21.456093178887578, -12.295121851219365
-14.201299460594722, 23.885365121840735, -12.307316973170586
-10.38141919790613, 25.759801823089838, -12.319512095121805
-6.326128093843321, 27.04390759189399, -12.331707217073024
-2.1251747633958122, 27.699592106268785, -12.343902339024243
2.124628028616682, 27.692561457329354, -12.356097460975462
6.3212250443555416, 27.023091487607886, -12.368292582926681
10.36800589843801, 25.72652796439154, -12.3804877048779
14.17582061426986, 23.842369238952358, -12.392682826829121
17.655029252063212, 21.407009853964222, -12.40487794878034
20.71272819610602, 18.462119936817576, -12.41707307073156
23.27141941556261, 15.074450363971522, -12.42926819268278
25.28609939034861, 11.337550403802586, -12.441463314634
26.722150692726366, 7.34308500962978, -12.453658436585219
27.542497104092533, 3.1795601273622025, -12.46585355853644
27.709019172997966, -1.0595798887702013, -12.478048680487657
27.205940487472063, -5.272391168167018, -12.490243802438876
26.06661337971027, -9.359482262572515, -12.502438924390097
24.332349609651303, -13.231427584808017, -12.514634046341316
22.03959105498389, -16.80035062063871, -12.526829168292537
19.22489747553911, -19.973167309843717, -12.539024290243756
15.943162794025673, -22.660678703248344, -12.551219412194975
12.288640228461436, -24.814486965905, -12.563414534146194
8.354638149673553, -26.401269994758604, -12.575609656097413
4.22847767414267, -27.385497630039094, -12.587804778048634
8.881784197001252e-16, -27.725386665945788, -12.599999899999853
0.0, -27.725386665945788, -12.599999899999853
-4.226290532388203, -27.371454250746492, -12.612195021951072
-8.345939246876979, -26.37386581833143, -12.624390143902291
-12.26951965830932, -24.77581273336074, -12.636585265853512
-15.9104926076859, -22.61410348241132, -12.648780387804733
-19.17609436731908, -19.922430975377967, -12.66097550975595
-21.971866145691248, -16.74886504936019, -12.673170631707169
-24.244116074399628, -13.18357802485484, -12.685365753658388
-25.95846688050086, -9.320593528780185, -12.697560875609609
-27.080254027430293, -5.24783613499136, -12.709755997560828
-27.568297627866265, -1.054112012758858, -12.721951119512047
-27.3879055962486, 3.1615154773999015, -12.734146241463268
-26.55666816168917, 7.2973747761629335, -12.746341363414487
-25.115791071512767, 11.261247046416614, -12.758536485365706
-23.103919764497583, 14.96631913519391, -12.770731607316925
-20.55481882998978, 18.321609693252785, -12.782926729268144
-17.511441716711907, 21.23249009895396, -12.795121851219365
-14.052065978337055, 23.63353148167087, -12.807316973170586
-10.27143022227557, 25.4869562865575, -12.819512095121805
-6.259118108729798, 26.75941349334913, -12.831707217073024
-2.1027556256740443, 27.411298405251472, -12.843902339024243
2.102208785543567, 27.40426667667962, -12.856097460975462
6.254214884146274, 26.738596631220865, -12.868292582926681
10.258016890568694, 25.45368235235225, -12.8804877048779
14.026586883383224, 23.590535124423553, -12.892682826829121
17.47105743542049, 21.183405981694392, -12.90487794878034
20.49691671851701, 18.27008763346584, -12.917073070731561
23.026150260808066, 14.91611419049221, -12.92926819268278
25.017535256762184, 11.217225491649938, -12.941463314634
26.439449600495713, 7.264996171295369, -12.953658436585219
27.254391854096113, 3.1459310507825116, -12.965853558536438
27.420535036280185, -1.0483702776458714, -12.978048680487657
26.919650244810413, -5.216459356588447, -12.990243802438878
25.789486253425988, -9.259829082884373, -13.002438924390097
24.07394933326223, -13.091295738288455, -13.014634046341316
21.80819352518083, -16.62443851702072, -13.026829168292535
19.02480235697481, -19.765145478321582, -13.039024290243756
15.775722381694981, -22.421971956762, -13.051219412194975
12.157979160019348, -24.550203377218008, -13.063414534146196
8.26547025954895, -26.120362104337143, -13.075609656097415
4.1836384237131545, -27.097579332425674, -13.087804778048634
0.0, -27.43671153135097, -13.099999899999853
0.0, -27.436711531350966, -13.099999899999853
-4.212877922837363, -27.076200863631726, -13.112195021951072
-8.37661166335499, -26.044963908195733, -13.124390143902291
-12.389161869592733, -24.364168963808105, -13.136585265853512
-16.13416737904706, -22.039646593141196, -13.148780387804733
-19.476041720377545, -19.084576782450924, -13.160975509755952
-22.293370986790084, -15.555744034295039, -13.173170631707169
-24.50220972431075, -11.555068893541664, -13.185365753658388
-25.990720298264293, -7.193908975192138, -13.197560875609609
-26.713193607608886, -2.603796894669218, -13.209755997560828
-26.62153816582435, 2.083914925061883, -13.221951119512049
-25.659438941929817, 6.7085589066488325, -13.234146241463268
-23.841353656575382, 11.096021767924764, -13.246341363414487
-21.24269458423885, 15.101121549949038, -13.258536485365706
-17.94667696381241, 18.59396514831888, -13.270731607316925
-14.031563455956219, 21.38310862540626, -13.282926729268146
-10.60930646881252, 22.480578117795822, -13.295121851219365
-8.174463596059761, 21.695413701735994, -13.307316973170586
-5.727408791510912, 20.222369653258962, -13.319512095121805
-3.3392571163110625, 18.08355476120116, -13.331707217073024
-1.071139519629322, 15.300005325931123, -13.343902339024243
1.0201328358076152, 11.896843226169784, -13.356097460975462
2.883903881926208, 7.922133890741118, -13.368292582926681
4.482319979760626, 3.4418950969858013, -13.380487704877902
5.79024515263407, -1.481775874017746, -13.39268282682912
6.789956208138527, -6.7940382108505375, -13.404877948780342
9.348204734165224, -10.400561320260138, -13.417073070731561
13.30779268196582, -11.90962637607467, -13.42926819268278
16.985365541675883, -12.537393242464793, -13.441463314634
20.277937202458943, -12.31638496659291, -13.453658436585219
23.03803463788296, -11.194554121142621, -13.465853558536438
25.091404543825487, -9.166038783581985, -13.478048680487658
26.346188326324178, -6.326392408434074, -13.490243802438878
26.788561646152363, -2.8073288351249674, -13.502438924390097
26.32424178603806, 1.2598791098702953, -13.514634046341317
24.802075631363707, 5.656665373313928, -13.526829168292537
22.42501555833305, 10.207754071981418, -13.539024290243756
19.226114113789446, 14.707128507228225, -13.551219412194975
15.197842484530847, 18.829514849717523, -13.563414534146194
10.513205296207403, 22.356646091266985, -13.575609656097413
5.395876739580922, 25.194900412215162, -13.587804778048634
2.842170943040401e-14, 27.14803639675614, -13.599999899999853
0.0, -27.148036396756144, -13.599999899999853
-5.393689312124761, -25.208946200635257, -13.612195021951072
-10.504505635065357, -22.38405209227056, -13.624390143902291
-15.178720761883072, -18.868190704486956, -13.636585265853512
-19.193441221797, -14.75370916868783, -13.648780387804733
-22.376211859918232, -10.258491337503862, -13.66097550975595
-24.734344254646068, -5.708154771438503, -13.673170631707169
-26.236006690110887, -1.307730380527365, -13.68536575365839
-26.680412176807753, 2.7684386410486646, -13.697560875609609
-26.220491331858288, 6.301835306362328, -13.70975599756083
-24.95067714726395, 9.160570173453646, -13.721951119512049
-22.883432769243736, 11.212600455803125, -13.734146241463268
-20.112447176975774, 12.362097556792149, -13.746341363414487
-16.8150526408738, 12.613698224273637, -13.758536485365706
-13.140281057312684, 12.017765383378915, -13.770731607316925
-9.190288105385337, 10.541076989794368, -13.782926729268146
-6.6463614848997485, 6.968567993748847, -13.795121851219367
-5.666484379847022, 1.6906243308601532, -13.807316973170586
-4.385741970306376, -3.202318090190807, -13.819512095121805
-2.8217933390527232, -7.658440647818119, -13.831707217073024
-0.9982584574696725, -11.61556841916644, -13.843902339024243
1.0481714220430318, -15.004666893719243, -13.856097460975462
3.2673396248301185, -17.778225699435218, -13.868292582926681
5.604003511141797, -19.916243393242947, -13.8804877048779
7.9997424607304195, -21.400568769475274, -13.892682826829121
10.38493977770404, -22.20787542634028, -13.904877948780342
13.757840914926351, -21.139547826917827, -13.91707307073156
17.623619200437503, -18.385411586457224, -13.92926819268278
20.87586716744979, -14.93677251094227, -13.941463314634
23.4414195755106, -10.98554971531703, -13.953658436585219
25.237796916502642, -6.659341596276052, -13.96585355853644
26.185284578508284, -2.1008674972516563, -13.978048680487657
26.266271413076282, 2.516482885727884, -13.990243802438878
25.544604656908312, 7.03348710099935, -14.002438924390097
24.073629957102803, 11.32264934012472, -14.014634046341316
21.89827603789735, 15.255387529495177, -14.026829168292537
19.124654621529032, 18.71926892018363, -14.039024290243756
15.831937838949049, 21.60878163047833, -14.051219412194975
12.146958449163304, 23.87426801814466, -14.063414534146194
8.206969876016657, 25.510543690521775, -14.075609656097415
4.1253804368347335, 26.514370769763737, -14.087804778048632
-8.881784197001252e-16, 26.859361262161343, -14.099999899999853
3.552713678800501e-14, 26.859361262161347, -14.099999899999853
-4.091766056394342, 25.228305399720814, -14.112195021951072
-8.078429175659696, 23.06635702619009, -14.124390143902291
-11.877532644147717, 20.50909594844049, -14.136585265853512
-15.408145171880163, 17.667214125643405, -14.148780387804733
-18.57580760063457, 14.635995039860527, -14.16097550975595
-21.27763697369603, 11.517419862445095, -14.17317063170717
-23.46889578176078, 8.444699175320489, -14.185365753658388
-25.127071874756243, 5.5322944819755495, -14.197560875609609
-26.221333944672224, 2.868941074184569, -14.20975599756083
-26.702826116274114, 0.5268201476648767, -14.221951119512047
-26.52354585744987, -1.431542230091472, -14.234146241463268
-25.70853519285169, -2.9609365128963394, -14.246341363414487
-24.310081820712785, -4.040013737240974, -14.258536485365706
-22.368069051694146, -4.666014012650008, -14.270731607316925
-19.907361503871947, -4.85009622479483, -14.282926729268144
-16.95950106220462, -4.61995698155739, -14.295121851219367
-13.60434414449689, -4.028256690559068, -14.307316973170586
-9.94145558876472, -3.1427411326594417, -14.319512095121805
-6.058076211285137, -2.037052916881846, -14.331707217073024
-2.0354918683145318, -0.7915447215683376, -14.343902339024243
2.0349449772906496, 0.5032280867215295, -14.356097460975462
6.053172564916617, 1.75252861805415, -14.368292582926681
9.9280417348656, 2.8698848326084327, -14.3804877048779
13.578862975344272, 3.7763999603122453, -14.392682826829121
16.919113958715457, 4.396331056246291, -14.404877948780342
19.849456364457364, 4.6580532026760295, -14.417073070731561
22.29029096404393, 4.5076588827364885, -14.429268192682779
24.211821607687476, 3.919684631102175, -14.441463314634
25.59130777015803, 2.882840861550252, -14.453658436585219
26.390017050748476, 1.3979077389312908, -14.465853558536438
26.55505769488465, -0.5156085022779356, -14.478048680487658
26.060708899360833, -2.8130017162952177, -14.490243802438878
24.95808321030935, -5.432635164013378, -14.502438924390097
23.29871696360041, -8.30455932200146, -14.514634046341316
21.113941161724448, -11.341483871187418, -14.526829168292537
18.42451353919447, -14.42796924734446, -14.539024290243756
15.273356885747111, -17.4284736199619, -14.551219412194975
11.765989663033626, -20.244800276026854, -14.563414534146194
7.997955191451016, -22.785437151692165, -14.575609656097413
4.049107802562232, -24.940346842593662, -14.587804778048634
0.0, -26.57068612756652, -14.599999899999853
0.0, -26.570686127566542, -14.599999899999853
-4.04692003427317, -24.9543925391166, -14.612195021951072
-7.989255272089853, -22.812844079389198, -14.624390143902291
-11.746868661375194, -20.28347919336617, -14.636585265853512
-15.240681943474968, -17.475060617248683, -14.648780387804731
-18.375711550799153, -14.478710227032169, -14.66097550975595
-21.046207888460323, -11.392980166925106, -14.673170631707169
-23.210479456989297, -8.352413526761184, -14.685365753658388
-24.849934364283776, -5.471527841331791, -14.697560875609609
-25.935005030741475, -2.8375616681989984, -14.70975599756083
-26.41432995700094, -0.5210780163749245, -14.721951119512049
-26.235405184630604, 1.4159560451945663, -14.734146241463268
-25.42581148145304, 2.928556188678789, -14.746341363414487
-24.041505416094175, 3.9959915868001907, -14.758536485365706
-22.122768095797255, 4.615806391514378, -14.770731607316925
-19.691534060745507, 4.798574135070614, -14.782926729268146
-16.77551140141092, 4.570870516121661, -14.795121851219365
-13.455095774937789, 3.9852592145900925, -14.807316973170586
-9.831461260558356, 3.109466893478606, -14.819512095121805
-5.991058031102394, 2.0162379146010547, -14.831707217073024
-2.013068370894133, 0.7845171349740347, -14.843902339024243
2.0125214643558405, -0.4961933994062946, -14.856097460975462
5.986154186374192, -1.7317044246400233, -14.868292582926683
9.818047222693764, -2.8366073933318, -14.880487704877902
13.429613920862252, -3.733395469627723, -14.892682826829121
16.735122499961275, -4.347236758223722, -14.904877948780342
19.633628338881998, -4.606528589509094, -14.917073070731561
22.044987714524066, -4.457445839917907, -14.92926819268278
23.943244801199945, -3.875661767398123, -14.941463314634
25.308582485254895, -2.850458786786896, -14.953658436585219
26.101872649146916, -1.3823199052131576, -14.965853558536438
26.266562673031807, 0.5098660932921053, -14.978048680487657
25.77437441769942, 2.7816202063236286, -14.990243802438876
24.68094519053894, 5.371867393292386, -15.002438924390097
23.040299100558702, 8.212272688593346, -15.014634046341317
20.88250704773737, 11.217039131895952, -15.026829168292537
18.22441820170971, 14.270684493421621, -15.039024290243756
15.105887222376966, 17.2363085208598, -15.051219412194975
11.63532485992389, 20.019179865018792, -15.063414534146194
7.908779512330376, 22.53192047145099, -15.075609656097415
4.00425948787935, 24.66641958823432, -15.087804778048634
-8.881784197001252e-16, 26.282010992971724, -15.099999899999853
3.552713678800501e-14, 26.282010992971724, -15.099999899999853
-4.00207193347583, 25.93172672886961, -15.112195021951072
-7.9000797452068205, 24.969286750963505, -15.124390143902291
-11.616203497987442, 23.454355233110075, -15.136585265853512
-15.07320935694975, 21.42045322221536, -15.148780387804731
-18.1756112457129, 18.88231056153724, -15.160975509755952
-20.814767679839523, 15.86922479522299, -15.17317063170717
-22.952056693828645, 12.48289320661138, -15.18536575365839
-24.572791702139014, 8.822306799124785, -15.197560875609609
-25.648661170643564, 4.9681494657773095, -15.209755997560828
-26.125826938311256, 0.9980564670778403, -15.221951119512047
-25.947253312456336, -2.993349406916418, -15.234146241463268
-25.143080661460715, -6.906904515351233, -15.246341363414487
-23.772924960485156, -10.659606600792184, -15.258536485365706
-21.87745713055368, -14.174562504516533, -15.270731607316925
-19.47570176453318, -17.361404805244284, -15.282926729268146
-16.591516848732795, -20.11437864839826, -15.295121851219365
-13.305843603832976, -22.37426700189586, -15.307316973170586
-9.721465676886238, -24.12268371418834, -15.319512095121805
-5.92403768342996, -25.336814694946142, -15.331707217073024
-1.99064361452022, -25.969730270696683, -15.343902339024243
1.9900967913514398, -25.9626993735397, -15.356097460975462
5.919133537304534, -25.315994060397806, -15.368292582926681
9.708051245404615, -24.089407287855515, -15.3804877048779
13.280360710816563, -22.33126404768228, -15.392682826829121
16.55112542443244, -20.065284878158796, -15.40487794878034
19.4177965479979, -17.30988086784834, -15.41707307073156
21.7996740318994, -14.12434876103315, -15.42926819268278
23.674663184993467, -10.615583013391065, -15.441463314634
25.025849111316305, -6.874521729204868, -15.453658436585219
25.813715526258616, -2.977761004571952, -15.46585355853644
25.978060325827354, 0.9923136573781406, -15.478048680487658
25.48802476634989, 4.936766292193353, -15.490243802438878
24.40380102288428, 8.761536982315837, -15.502438924390095
22.781873155904766, 12.390603523074542, -15.514634046341317
20.651059261719393, 15.7447725683296, -15.526829168292537
18.024317724090093, 18.725022416244244, -15.539024290243754
14.93840963635215, 21.22827940847411, -15.551219412194975
11.50465929118565, 23.22873132129031, -15.563414534146194
7.819601989759063, 24.715766001005367, -15.575609656097413
3.959408838279157, 25.657785266261147, -15.587804778048634
0.0, 25.99333585837692, -15.599999899999853
3.552713678800501e-14, 25.99333585837692, -15.599999899999853
-3.957221222968766, 24.40653229354127, -15.612195021951072
-7.810902182989804, 22.305811114002907, -15.624390143902291
-11.485537835717537, 19.83223616385264, -15.636585265853512
-14.905730116085456, 17.09072237234097, -15.648780387804731
-17.975512624334023, 14.164131146686662, -15.66097550975595
-20.583316285997316, 11.144083276092687, -15.673170631707169
-22.693629367201183, 8.167836192373239, -15.685365753658388
-24.295647110521557, 5.349989714784602, -15.697560875609609
-25.362306968689076, 2.774797322197242, -15.709755997560828
-25.837322999996612, 0.5095922691695765, -15.721951119512047
-25.659089346083267, -1.384781055996486, -15.734146241463268
-24.860343227423506, -2.863792600017905, -15.746341363414485
-23.504341192741133, -3.907945392292245, -15.758536485365706
-21.632137037347526, -4.515384426121269, -15.770731607316925
-19.259866232797197, -4.695525496797422, -15.782926729268144
-16.407515554543252, -4.472695776598982, -15.795121851219363
-13.156586921826346, -3.899262382759188, -15.807316973170586
-9.611468371116098, -3.04291888386701, -15.819512095121803
-5.857014863127829, -1.974607519257333, -15.831707217073024
-1.9682177205350029, -0.7704579023639564, -15.843902339024241
1.9676707211231, 0.4821195678447108, -15.856097460975462
5.852110681005101, 1.6900548388267147, -15.868292582926681
9.598054031600661, 2.770052653092508, -15.8804877048779
13.131103764099592, 3.6473839992001853, -15.89268282682912
16.367124702624416, 4.24904696456718, -15.904877948780339
19.20195820129055, 4.503473535984698, -15.91707307073156
21.554350997233552, 4.357011541420067, -15.929268192682777
23.406078542962565, 3.7876130763408904, -15.941463314633998
24.743109482465172, 2.7856908149891266, -15.953658436585219
25.52554780589507, 1.3511411254950672, -15.965853558536438
25.68955275087771, -0.4983789941298131, -15.978048680487657
25.201664757789988, -2.7188515079063924, -15.990243802438876
24.12665637496106, -5.250326717827964, -16.002438924390095
22.523445039937194, -8.027692433650351, -16.014634046341314
20.419604368637643, -10.968130034585393, -16.026829168292537
17.824217424614602, -13.95610217913527, -16.039024290243752
14.7709239436822, -16.85194939500924, -16.051219412194975
11.37399338259496, -19.567931791647613, -16.06341453414619
7.730423182086072, -22.024881648277603, -16.075609656097413
3.914555974150136, -24.11853142847264, -16.087804778048632
0.0, -25.7046607237821, -16.09999989999985
0.0, -25.7046607237821, -16.09999989999985
-3.9123519734807344, -24.132679283487725, -16.11219502195107
-7.721661024164631, -22.052480711086506, -16.12439014390229
-11.354735554343577, -19.60688223007135, -16.13658526585351
-14.73800359509247, -16.898878768582705, -16.14878038780473
-17.77504663365662, -14.00722181419489, -16.16097550975595
-20.35136058927671, -11.020008237179335, -16.17317063170717
-22.4345725934185, -8.075887885227573, -16.185365753658388
-24.01773667051423, -5.289493120866027, -16.197560875609607
-25.0750287419331, -2.743587940992035, -16.209755997560826
-25.547764023852558, -0.5038881264179613, -16.22195111951205
-25.369777002829675, 1.3693213633478205, -16.234146241463264
-24.57641848541618, 2.8317309947918674, -16.246341363414487
-23.234552808448996, 3.864460887640934, -16.258536485365703
-21.385601185178572, 4.465956708259808, -16.27073160731692
-19.042852522265612, 4.645051644773911, -16.282926729268144
-16.22244339469929, 4.4248896917407405, -16.295121851219363
-13.00643384699742, 3.8577528653772166, -16.307316973170586
-9.500788657982064, 3.011334062073061, -16.3195120951218
-5.789551256079115, 1.955688806856264, -16.331707217073024
-1.945634139004154, 0.7655186969862271, -16.34390233902424
1.945079330360635, -0.4728935338347817, -16.35609746097546
5.7845776524525885, -1.6670304550267439, -16.368292582926678
9.487184883016894, -2.7346134314780652, -16.3804877048779
12.980582396898843, -3.6022690508795634, -16.39268282682912
16.181451467203438, -4.197935231862186, -16.40487794878034
18.98408172823102, -4.450127752845488, -16.417073070731558
21.306692855595987, -4.305275714608186, -16.429268192682777
23.134903782296824, -3.7424265824865155, -16.441463314634
24.457509613174224, -2.7525287728766594, -16.45365843658522
25.234263373157894, -1.3351989254962557, -16.465853558536438
25.397784122927796, 0.4925141010326016, -16.478048680487657
24.912049076077466, 2.686845738706267, -16.490243802438876
23.846358824680394, 5.188427172287194, -16.502438924390095
22.261973088190672, 7.933739864130743, -16.514634046341314
20.185243851069487, 10.841450779624285, -16.526829168292533
17.621481664447135, 13.796076886151372, -16.539024290243752
14.601215501940327, 16.65662421626572, -16.551219412194975
11.241609262099056, 19.338845857531606, -16.563414534146194
7.640051166471281, 21.76757105899643, -16.575609656097413
3.8690745666021247, 23.840447878630727, -16.587804778048632
-4.440892098500626e-16, 25.411641085043836, -16.59999989999985
3.197442310920451e-14, 25.411641085043836, -16.59999989999985
-3.8666846632785483, 25.062281670841454, -16.61219502195107
-7.630561782661082, 24.12020705699791, -16.62439014390229
-11.220735196065672, 22.654457949484748, -16.636585265853512
-14.56543839414863, 20.696624249508524, -16.64878038780473
-17.567936600918692, 18.25057072128278, -16.66097550975595
-20.11107921498209, 15.33422561831812, -16.673170631707166
-22.16563085136277, 12.056374489700545, -16.685365753658388
-23.72831785052472, 8.518648323821392, -16.697560875609607
-24.774514191068302, 4.7974345479357305, -16.709755997560826
-25.243442066085944, 0.9637893363502095, -16.721951119512045
-25.06488706600335, -2.89040776976552, -16.734146241463264
-24.27671169785128, -6.667659321234391, -16.746341363414487
-22.94902890629255, -10.29046540944936, -16.758536485365703
-21.123535192062064, -13.687750378211483, -16.770731607316925
-18.810968376475586, -16.769858275900912, -16.782926729268144
-16.024048548543032, -19.424767437094708, -16.795121851219363
-12.8452569211441, -21.597213995560992, -16.807316973170586
-9.381785652743574, -23.28003928957046, -16.8195120951218
-5.716780595461138, -24.456387328108, -16.831707217073024
-1.9211754771341574, -25.07551315391, -16.84390233902424
1.9205354169393207, -25.0672375858653, -16.856097460975462
5.71104927111322, -24.43198670778805, -16.86829258292668
9.366111426841602, -23.241152867235996, -16.8804877048779
12.815385236694961, -21.546872903448453, -16.89268282682912
15.976497830990212, -19.367028339635937, -16.90487794878034
18.74279046383873, -16.70915118056012, -16.917073070731558
21.032370022694018, -13.628816185286034, -16.929268192682777
22.83420854597824, -10.239007407065008, -16.941463314634
24.139492694833777, -6.629834819870554, -16.95365843658522
24.90784753373927, -2.8721578780239128, -16.965853558536438
25.06931360339766, 0.9570658110092247, -16.978048680487657
24.586023406359264, 4.760729562609267, -16.990243802438876
23.530824411391606, 8.447671185945838, -17.002438924390095
21.966632959290514, 11.948340480751384, -17.014634046341314
19.91874689909721, 15.187852173653518, -17.026829168292533
17.389536682928686, 18.065152091104483, -17.039024290243752
14.40705458669999, 20.471102910991213, -17.051219412194975
11.0903150407669, 22.39082931769891, -17.063414534146194
7.536598220992533, 23.823834530223404, -17.075609656097413
3.816737041229, 24.740451240923576, -17.08780477804863
-8.881784197001252e-16, 25.0711265718468, -17.09999989999985
3.197442310920451e-14, 25.0711265718468, -17.09999989999985
-3.8139316709033935, 23.535615486983943, -17.11219502195107
-7.525485926611731, 21.504162061858025, -17.12439014390229
-11.065838503978286, 19.121703093268994, -17.136585265853512
-14.364920347530708, 16.487367770808362, -17.14878038780473
-17.32627171687789, 13.672249229728417, -17.16097550975595
-19.831414743482135, 10.7574256655798, -17.17317063170717
-21.853663244789722, 7.8833323922710665, -17.185365753658388
-23.392477779156167, 5.164164831614659, -17.197560875609607
-24.424246875600154, 2.679686717555793, -17.209755997560826
-24.88705129116159, 0.4923776400165901, -17.221951119512045
-24.708208923263737, -1.338687010211884, -17.234146241463264
-23.927289262633842, -2.7696195671050363, -17.246341363414484
-22.616377358977658, -3.7827050432727365, -17.258536485365703
-20.81714600446904, -4.376968482285514, -17.270731607316925
-18.538516780725192, -4.559899066265701, -17.282926729268144
-15.790790291874096, -4.351519173345208, -17.295121851219363
-12.656340520018542, -3.8034602267619686, -17.307316973170586
-9.242596071156377, -2.983676642747165, -17.319512095121805
-5.631589303627211, -1.9606254250593427, -17.331707217073024
-1.8924758226162786, -0.805534861772708, -17.34390233902424
1.8917132237430927, 0.3992677871052539, -17.356097460975462
5.624774204705232, 1.5630840918008833, -17.36829258292668
9.223960105942894, 2.60451519308803, -17.3804877048779
12.620722495070439, 3.4523123785552503, -17.39268282682912
15.733877383852978, 4.036974286591869, -17.40487794878034
18.456897115478867, 4.288842045087634, -17.417073070731558
20.70846102147835, 4.155101061047243, -17.429268192682777
22.47985449217121, 3.6154188377404792, -17.441463314634
23.763888445135965, 2.661195699723661, -17.45365843658522
24.52042394819837, 1.2917861253637404, -17.465853558536438
24.678436560768397, -0.4767440162044043, -17.478048680487653
24.199302550001452, -2.6018324605928136, -17.490243802438876
23.157628947402408, -5.025822727855989, -17.502438924390095
21.61691189885991, -7.687961895025248, -17.514634046341314
19.601634487048422, -10.509945004531282, -17.526829168292533
17.112414792051112, -13.378351780339358, -17.539024290243752
14.175681557995254, -16.15295746751863, -17.551219412194975
10.910679282636218, -18.754531425269533, -17.563414534146194
7.413846206757127, -21.113522348126534, -17.575609656097413
3.7544470380894484, -23.1314183806931, -17.587804778048632
0.0, -24.662790650776707, -17.59999989999985
0.0, -24.662790650776707, -17.59999989999985
-3.7510892032456002, -23.153142143634916, -17.61219502195107
-7.4005762015845145, -21.155437884589023, -17.62439014390229
-10.881417853490888, -18.81361931565732, -17.636585265853512
-14.125116521854714, -16.22483707574402, -17.64878038780473
-17.036265323584733, -13.457464079172105, -17.66097550975595
-19.496833837603276, -10.589808450258115, -17.673170631707166
-21.481861682215833, -7.761380224190862, -17.685365753658388
-22.992316310653834, -5.085182902210914, -17.697560875609607
-24.005370073275866, -2.639434012609163, -17.709755997560826
-24.459182158522797, -0.4851368032025505, -17.721951119512045
-24.280670837581493, 1.3194828605155702, -17.734146241463264
-23.510009937237562, 2.730981980505291, -17.746341363414484
-22.219599540516512, 3.73210098592049, -17.758536485365703
-20.450702451527206, 4.3220289708801465, -17.77073160731692
-18.211337253452747, 4.507695797476932, -17.782926729268144
-15.510662089921205, 4.307664028115185, -17.795121851219363
-12.430217023824182, 3.7727914431453495, -17.807316973170586
-9.076396364900953, 2.9706631921653397, -17.8195120951218
-5.529833842172199, 1.9687732278837622, -17.831707217073024
-1.8581405097976096, 0.8364756931833117, -17.84390233902424
1.857224535831048, -0.34647434509177266, -17.856097460975462
5.521658389076951, -1.4908800296252007, -17.868292582926678
9.054042418608288, -2.5158193864716303, -17.8804877048779
12.387391890182343, -3.3510165598161077, -17.89268282682912
15.442018741002656, -3.92855851664556, -17.90487794878034
18.11288031919039, -4.180554851747577, -17.917073070731558
20.32004282798421, -4.055031058244621, -17.929268192682777
22.05583221184699, -3.531385032593387, -17.941463314633996
23.313756173337506, -2.6009656652771422, -17.95365843658522
24.05435019209267, -1.26314811112056, -17.965853558536438
24.207374578989103, 0.4663586766025324, -17.978048680487657
23.734714336984172, 2.54598641728399, -17.990243802438876
22.71057192970319, 4.91929295676912, -18.002438924390095
21.197721901972482, 7.52670955376756, -18.014634046341314
19.220106633610335, 10.291520496539782, -18.026829168292533
16.77800440630958, 13.102615169358135, -18.039024290243752
13.897204479821497, 15.822448810838079, -18.05121941219497
10.695209170525766, 18.37319976429023, -18.06341453414619
7.266743317920889, 20.68669359315167, -18.07560965609741
3.679640314783543, 22.666390901119076, -18.087804778048632
-4.440892098500626e-16, 24.169537808949375, -18.09999989999985
3.197442310920451e-14, 24.169537808949375, -18.09999989999985
-3.6755634747876145, 23.82667529095056, -18.11219502195107
-7.250658559266698, 22.920435309111696, -18.12439014390229
-10.659701963729141, 21.52119472859707, -18.13658526585351
-13.83564479586449, 19.658784569565693, -18.148780387804727
-16.68506629795844, 17.333232634295587, -18.160975509755946
-19.092527488510868, 14.558143222723121, -18.17317063170717
-21.033834233874046, 11.441185587467242, -18.185365753658388
-22.510030122867473, 8.081112174087163, -18.197560875609607
-23.498815770130967, 4.549939848482019, -18.209755997560826
-23.93988978017478, 0.9138384834121105, -18.221951119512045
-23.762274603038087, -2.7398316464182004, -18.234146241463264
-23.005443156706832, -6.318119756632642, -18.246341363414484
-21.740135445086196, -9.748476929533778, -18.258536485365703
-20.00674324028835, -12.964561141209746, -18.270731607316925
-17.813469412147974, -15.880879423822021, -18.282926729268144
-15.169887257587085, -18.388886020383755, -18.295121851219363
-12.155804761795174, -20.437348861196824, -18.307316973170582
-8.87504687552424, -22.02267183069651, -18.3195120951218
-5.40648576156943, -23.130387958797797, -18.331707217073024
-1.8164496521757383, -23.711406507251475, -18.34390233902424
1.8153272518282053, -23.69671049197032, -18.356097460975462
5.396475991130108, -23.087498844224427, -18.36829258292668
8.8476793684006, -21.954757642477958, -18.3804877048779
12.10326977644391, -20.349086876865833, -18.39268282682912
15.08545599731807, -18.286592006674734, -18.40487794878034
17.69235968335117, -15.772868637465994, -18.417073070731558
19.84647757780563, -12.86063110737997, -18.429268192682777
21.53963130922068, -9.65855382630844, -18.441463314633996
22.76491223444487, -6.252136652461429, -18.453658436585215
23.48408741548, -2.7078334709744083, -18.465853558536438
23.629976593398784, 0.9020497086287859, -18.478048680487653
23.166602359659684, 4.485727286047331, -18.490243802438876
22.165061794634337, 7.957309528640915, -18.502438924390095
20.685815588669104, 11.25177081862273, -18.514634046341314
18.75260113197726, 14.29879661557197, -18.526829168292533
16.367086617841373, 17.00294758831121, -18.539024290243752
13.555666665849731, 19.261224021319677, -18.551219412194975
10.43163443232613, 21.060912311883875, -18.563414534146194
7.0868933027289165, 22.402392161217662, -18.575609656097413
3.587990329423488, 23.257937259168433, -18.587804778048632
-4.440892098500626e-16, 23.56208357098384, -18.59999989999985
3.197442310920451e-14, 23.56208357098384, -18.59999989999985
-3.5828717211652648, 23.224662602036183, -18.61219502195107
-7.0667300586991315, 22.338585666143103, -18.62439014390229
-10.387085907786952, 20.971025509481557, -18.636585265853512
-13.478216204624218, 19.151288197662417, -18.64878038780473
-16.249906503459627, 16.88124277089533, -18.66097550975595
-18.592096945876474, 14.176299743980477, -18.673170631707166
-20.48019182894182, 11.139818994476608, -18.685365753658388
-21.913528043572576, 7.867056381974866, -18.697560875609607
-22.870032928255768, 4.428461881240121, -18.709755997560826
-23.292861172412863, 0.8892519505634677, -18.721951119512045
-23.11641740491762, -2.6656003188156467, -18.734146241463264
-22.377855024492426, -6.14602678807955, -18.746341363414484
-21.14369624943693, -9.480965005944999, -18.758536485365703
-19.452866520163827, -12.605271923622666, -18.77073160731692
-17.315190370071193, -15.436422514492822, -18.782926729268144
-14.7426863051836, -17.871426376615087, -18.795121851219363
-11.812285826912795, -19.860417809258664, -18.807316973170582
-8.623196538876755, -21.397668596573787, -18.8195120951218
-5.252024323221, -22.468028240725104, -18.831707217073024
-1.764135014382372, -23.025341917396254, -18.84390233902424
1.762698393186315, -23.006475720023843, -18.856097460975462
5.239225725212368, -22.413105589142372, -18.868292582926678
8.58820685959719, -21.310834027925374, -18.8804877048779
11.74500238606674, -19.747460730361713, -18.89268282682912
14.634305314885221, -17.74018455427607, -18.90487794878034
17.159711964515964, -15.29770837145685, -18.917073070731558
19.24763124665968, -12.472079897278237, -18.929268192682777
20.887345186049295, -9.365975195231336, -18.941463314634
22.070046552492702, -6.061685621407649, -18.953658436585215
22.759528088029363, -2.624649446195712, -18.965853558536438
22.894825589036238, 0.8741648313536099, -18.978048680487657
22.444334180009506, 4.346326128320341, -18.990243802438876
21.472437448320704, 7.708810994558976, -19.002438924390095
20.03506927447183, 10.89740675135041, -19.014634046341314
18.156224104194944, 13.843553890507142, -19.026829168292533
15.841365535364732, 16.456953229336975, -19.039024290243756
13.119200930651568, 18.64183177751659, -19.051219412194975
10.09539209165541, 20.382557335137676, -19.063414534146194
6.857445558142143, 21.676087211640063, -19.075609656097413
3.470795168540695, 22.495419249302923, -19.087804778048632
0.0, 22.781470672129075, -19.09999989999985
