solid 
 facet normal  0.000000e+00  0.000000e+00  1.000000e+00
   outer loop
     vertex -3.172012e+01 -3.365881e+01  0.000000e+00
     vertex -3.413694e+01 -3.413694e+01  0.000000e+00
     vertex -3.199651e+01 -3.601656e+01  0.000000e+00
   endloop
 endfacet
 facet normal  0.000000e+00  0.000000e+00  1.000000e+00
   outer loop
     vertex -3.365881e+01 -3.172012e+01  0.000000e+00
     vertex -3.413694e+01 -3.413694e+01  0.000000e+00
     vertex -3.172012e+01 -3.365881e+01  0.000000e+00
   endloop
 endfacet
 facet normal  0.000000e+00  0.000000e+00  1.000000e+00
   outer loop
     vertex -3.365881e+01 -3.172012e+01  0.000000e+00
     vertex -3.601656e+01 -3.199651e+01  0.000000e+00
     vertex -3.413694e+01 -3.413694e+01  0.000000e+00
   endloop
 endfacet
 facet normal  0.000000e+00  0.000000e+00  1.000000e+00
   outer loop
     vertex -2.953451e+01 -3.531413e+01  0.000000e+00
     vertex -3.172012e+01 -3.365881e+01  0.000000e+00
     vertex -3.199651e+01 -3.601656e+01  0.000000e+00
   endloop
 endfacet
 facet normal  0.000000e+00  0.000000e+00  1.000000e+00
   outer loop
     vertex -2.953451e+01 -3.531413e+01  0.000000e+00
     vertex -3.199651e+01 -3.601656e+01  0.000000e+00
     vertex -2.963116e+01 -3.760386e+01  0.000000e+00
   endloop
 endfacet
 facet normal  0.000000e+00  0.000000e+00  1.000000e+00
   outer loop
     vertex -3.531413e+01 -2.953451e+01  0.000000e+00
     vertex -3.601656e+01 -3.199651e+01  0.000000e+00
     vertex -3.365881e+01 -3.172012e+01  0.000000e+00
   endloop
 endfacet
 facet normal  0.000000e+00  0.000000e+00  1.000000e+00
   outer loop
     vertex -3.531413e+01 -2.953451e+01  0.000000e+00
     vertex -3.760386e+01 -2.963116e+01  0.000000e+00
     vertex -3.601656e+01 -3.199651e+01  0.000000e+00
   endloop
 endfacet
 facet normal  0.000000e+00  0.000000e+00  1.000000e+00
   outer loop
     vertex -2.714305e+01 -3.665500e+01  0.000000e+00
     vertex -2.953451e+01 -3.531413e+01  0.000000e+00
     vertex -2.963116e+01 -3.760386e+01  0.000000e+00
   endloop
 endfacet
 facet normal  0.000000e+00  0.000000e+00  1.000000e+00
   outer loop
     vertex -2.714305e+01 -3.665500e+01  0.000000e+00
     vertex -2.963116e+01 -3.760386e+01  0.000000e+00
     vertex -2.708055e+01 -3.887223e+01  0.000000e+00
   endloop
 endfacet
 facet normal  0.000000e+00  0.000000e+00  1.000000e+00
   outer loop
     vertex -3.665500e+01 -2.714305e+01  0.000000e+00
     vertex -3.760386e+01 -2.963116e+01  0.000000e+00
     vertex -3.531413e+01 -2.953451e+01  0.000000e+00
   endloop
 endfacet
 facet normal  0.000000e+00  0.000000e+00  1.000000e+00
   outer loop
     vertex -3.665500e+01 -2.714305e+01  0.000000e+00
     vertex -3.887223e+01 -2.708055e+01  0.000000e+00
     vertex -3.760386e+01 -2.963116e+01  0.000000e+00
   endloop
 endfacet
 facet normal  0.000000e+00  0.000000e+00  1.000000e+00
   outer loop
     vertex -2.459068e+01 -3.765620e+01  0.000000e+00
     vertex -2.714305e+01 -3.665500e+01  0.000000e+00
     vertex -2.708055e+01 -3.887223e+01  0.000000e+00
   endloop
 endfacet
 facet normal  0.000000e+00  0.000000e+00  1.000000e+00
   outer loop
     vertex -2.459068e+01 -3.765620e+01  0.000000e+00
     vertex -2.708055e+01 -3.887223e+01  0.000000e+00
     vertex -2.438743e+01 -3.980040e+01  0.000000e+00
   endloop
 endfacet
 facet normal  0.000000e+00  0.000000e+00  1.000000e+00
   outer loop
     vertex -3.765620e+01 -2.459068e+01  0.000000e+00
     vertex -3.887223e+01 -2.708055e+01  0.000000e+00
     vertex -3.665500e+01 -2.714305e+01  0.000000e+00
   endloop
 endfacet
 facet normal  0.000000e+00  0.000000e+00  1.000000e+00
   outer loop
     vertex -3.765620e+01 -2.459068e+01  0.000000e+00
     vertex -3.980040e+01 -2.438743e+01  0.000000e+00
     vertex -3.887223e+01 -2.708055e+01  0.000000e+00
   endloop
 endfacet
 facet normal  0.000000e+00  0.000000e+00  1.000000e+00
   outer loop
     vertex -2.192537e+01 -3.829892e+01  0.000000e+00
     vertex -2.459068e+01 -3.765620e+01  0.000000e+00
     vertex -2.438743e+01 -3.980040e+01  0.000000e+00
   endloop
 endfacet
 facet normal  0.000000e+00  0.000000e+00  1.000000e+00
   outer loop
     vertex -2.192537e+01 -3.829892e+01  0.000000e+00
     vertex -2.438743e+01 -3.980040e+01  0.000000e+00
     vertex -2.159696e+01 -4.037282e+01  0.000000e+00
   endloop
 endfacet
 facet normal  0.000000e+00  0.000000e+00  1.000000e+00
   outer loop
     vertex -3.829892e+01 -2.192537e+01  0.000000e+00
     vertex -3.980040e+01 -2.438743e+01  0.000000e+00
     vertex -3.765620e+01 -2.459068e+01  0.000000e+00
   endloop
 endfacet
 facet normal  0.000000e+00  0.000000e+00  1.000000e+00
   outer loop
     vertex -3.829892e+01 -2.192537e+01  0.000000e+00
     vertex -4.037282e+01 -2.159696e+01  0.000000e+00
     vertex -3.980040e+01 -2.438743e+01  0.000000e+00
   endloop
 endfacet
 facet normal  0.000000e+00  0.000000e+00  1.000000e+00
   outer loop
     vertex -1.919720e+01 -3.857108e+01  0.000000e+00
     vertex -2.192537e+01 -3.829892e+01  0.000000e+00
     vertex -2.159696e+01 -4.037282e+01  0.000000e+00
   endloop
 endfacet
 facet normal  0.000000e+00  0.000000e+00  1.000000e+00
   outer loop
     vertex -1.919720e+01 -3.857108e+01  0.000000e+00
     vertex -2.159696e+01 -4.037282e+01  0.000000e+00
     vertex -1.875592e+01 -4.057989e+01  0.000000e+00
   endloop
 endfacet
 facet normal  0.000000e+00  0.000000e+00  1.000000e+00
   outer loop
     vertex -3.857108e+01 -1.919720e+01  0.000000e+00
     vertex -4.037282e+01 -2.159696e+01  0.000000e+00
     vertex -3.829892e+01 -2.192537e+01  0.000000e+00
   endloop
 endfacet
 facet normal  0.000000e+00  0.000000e+00  1.000000e+00
   outer loop
     vertex -3.857108e+01 -1.919720e+01  0.000000e+00
     vertex -4.057989e+01 -1.875592e+01  0.000000e+00
     vertex -4.037282e+01 -2.159696e+01  0.000000e+00
   endloop
 endfacet
 facet normal  0.000000e+00  0.000000e+00  1.000000e+00
   outer loop
     vertex -3.846758e+01 -1.645744e+01  0.000000e+00
     vertex -4.057989e+01 -1.875592e+01  0.000000e+00
     vertex -3.857108e+01 -1.919720e+01  0.000000e+00
   endloop
 endfacet
 facet normal  0.000000e+00  0.000000e+00  1.000000e+00
   outer loop
     vertex -3.846758e+01 -1.645744e+01  0.000000e+00
     vertex -4.041813e+01 -1.591194e+01  0.000000e+00
     vertex -4.057989e+01 -1.875592e+01  0.000000e+00
   endloop
 endfacet
 facet normal  0.000000e+00  0.000000e+00  1.000000e+00
   outer loop
     vertex -1.645744e+01 -3.846758e+01  0.000000e+00
     vertex -1.919720e+01 -3.857108e+01  0.000000e+00
     vertex -1.875592e+01 -4.057989e+01  0.000000e+00
   endloop
 endfacet
 facet normal  0.000000e+00  0.000000e+00  1.000000e+00
   outer loop
     vertex -1.645744e+01 -3.846758e+01  0.000000e+00
     vertex -1.875592e+01 -4.057989e+01  0.000000e+00
     vertex -1.591194e+01 -4.041813e+01  0.000000e+00
   endloop
 endfacet
 facet normal  0.000000e+00  0.000000e+00  1.000000e+00
   outer loop
     vertex -3.799034e+01 -1.375758e+01  0.000000e+00
     vertex -4.041813e+01 -1.591194e+01  0.000000e+00
     vertex -3.846758e+01 -1.645744e+01  0.000000e+00
   endloop
 endfacet
 facet normal  0.000000e+00  0.000000e+00  1.000000e+00
   outer loop
     vertex -3.799034e+01 -1.375758e+01  0.000000e+00
     vertex -3.989026e+01 -1.311270e+01  0.000000e+00
     vertex -4.041813e+01 -1.591194e+01  0.000000e+00
   endloop
 endfacet
 facet normal  0.000000e+00  0.000000e+00  1.000000e+00
   outer loop
     vertex -1.375758e+01 -3.799034e+01  0.000000e+00
     vertex -1.645744e+01 -3.846758e+01  0.000000e+00
     vertex -1.591194e+01 -4.041813e+01  0.000000e+00
   endloop
 endfacet
 facet normal  0.000000e+00  0.000000e+00  1.000000e+00
   outer loop
     vertex -1.375758e+01 -3.799034e+01  0.000000e+00
     vertex -1.591194e+01 -4.041813e+01  0.000000e+00
     vertex -1.311270e+01 -3.989026e+01  0.000000e+00
   endloop
 endfacet
 facet normal  0.000000e+00  0.000000e+00  1.000000e+00
   outer loop
     vertex -3.714835e+01 -1.114835e+01  0.000000e+00
     vertex -3.900513e+01 -1.040513e+01  0.000000e+00
     vertex -3.989026e+01 -1.311270e+01  0.000000e+00
   endloop
 endfacet
 facet normal  0.000000e+00  0.000000e+00  1.000000e+00
   outer loop
     vertex -3.714835e+01 -1.114835e+01  0.000000e+00
     vertex -3.989026e+01 -1.311270e+01  0.000000e+00
     vertex -3.799034e+01 -1.375758e+01  0.000000e+00
   endloop
 endfacet
 facet normal  0.000000e+00  0.000000e+00  1.000000e+00
   outer loop
     vertex -1.114835e+01 -3.714835e+01  0.000000e+00
     vertex -1.375758e+01 -3.799034e+01  0.000000e+00
     vertex -1.311270e+01 -3.989026e+01  0.000000e+00
   endloop
 endfacet
 facet normal  0.000000e+00  0.000000e+00  1.000000e+00
   outer loop
     vertex -1.114835e+01 -3.714835e+01  0.000000e+00
     vertex -1.311270e+01 -3.989026e+01  0.000000e+00
     vertex -1.040513e+01 -3.900513e+01  0.000000e+00
   endloop
 endfacet
 facet normal  0.000000e+00  0.000000e+00  1.000000e+00
   outer loop
     vertex -7.521368e+00 -3.802911e+01  0.000000e+00
     vertex -1.114835e+01 -3.714835e+01  0.000000e+00
     vertex -1.040513e+01 -3.900513e+01  0.000000e+00
   endloop
 endfacet
 facet normal  0.000000e+00  0.000000e+00  1.000000e+00
   outer loop
     vertex -3.802911e+01 -7.521368e+00  0.000000e+00
     vertex -3.900513e+01 -1.040513e+01  0.000000e+00
     vertex -3.714835e+01 -1.114835e+01  0.000000e+00
   endloop
 endfacet
 facet normal  0.000000e+00  0.000000e+00  1.000000e+00
   outer loop
     vertex -8.058608e+00 -3.610262e+01  0.000000e+00
     vertex -1.114835e+01 -3.714835e+01  0.000000e+00
     vertex -7.521368e+00 -3.802911e+01  0.000000e+00
   endloop
 endfacet
 facet normal  0.000000e+00  0.000000e+00  1.000000e+00
   outer loop
     vertex -3.610262e+01 -8.058608e+00  0.000000e+00
     vertex -3.802911e+01 -7.521368e+00  0.000000e+00
     vertex -3.714835e+01 -1.114835e+01  0.000000e+00
   endloop
 endfacet
 facet normal  0.000000e+00  0.000000e+00  1.000000e+00
   outer loop
     vertex -4.873592e+00 -3.539851e+01  0.000000e+00
     vertex -8.058608e+00 -3.610262e+01  0.000000e+00
     vertex -7.521368e+00 -3.802911e+01  0.000000e+00
   endloop
 endfacet
 facet normal  0.000000e+00  0.000000e+00  1.000000e+00
   outer loop
     vertex -4.873592e+00 -3.539851e+01  0.000000e+00
     vertex -7.521368e+00 -3.802911e+01  0.000000e+00
     vertex -4.548686e+00 -3.737194e+01  0.000000e+00
   endloop
 endfacet
 facet normal  0.000000e+00  0.000000e+00  1.000000e+00
   outer loop
     vertex -3.539851e+01 -4.873592e+00  0.000000e+00
     vertex -3.737194e+01 -4.548686e+00  0.000000e+00
     vertex -3.802911e+01 -7.521368e+00  0.000000e+00
   endloop
 endfacet
 facet normal  0.000000e+00  0.000000e+00  1.000000e+00
   outer loop
     vertex -3.539851e+01 -4.873592e+00  0.000000e+00
     vertex -3.802911e+01 -7.521368e+00  0.000000e+00
     vertex -3.610262e+01 -8.058608e+00  0.000000e+00
   endloop
 endfacet
 facet normal  0.000000e+00  0.000000e+00  1.000000e+00
   outer loop
     vertex -1.630958e+00 -3.504437e+01  0.000000e+00
     vertex -4.873592e+00 -3.539851e+01  0.000000e+00
     vertex -4.548686e+00 -3.737194e+01  0.000000e+00
   endloop
 endfacet
 facet normal  0.000000e+00  0.000000e+00  1.000000e+00
   outer loop
     vertex -1.630958e+00 -3.504437e+01  0.000000e+00
     vertex -4.548686e+00 -3.737194e+01  0.000000e+00
     vertex -1.522227e+00 -3.704141e+01  0.000000e+00
   endloop
 endfacet
 facet normal  0.000000e+00  0.000000e+00  1.000000e+00
   outer loop
     vertex -3.504437e+01 -1.630958e+00  0.000000e+00
     vertex -3.704141e+01 -1.522227e+00  0.000000e+00
     vertex -3.737194e+01 -4.548686e+00  0.000000e+00
   endloop
 endfacet
 facet normal  0.000000e+00  0.000000e+00  1.000000e+00
   outer loop
     vertex -3.504437e+01 -1.630958e+00  0.000000e+00
     vertex -3.737194e+01 -4.548686e+00  0.000000e+00
     vertex -3.539851e+01 -4.873592e+00  0.000000e+00
   endloop
 endfacet
 facet normal  0.000000e+00  0.000000e+00  1.000000e+00
   outer loop
     vertex  1.630958e+00 -3.504437e+01  0.000000e+00
     vertex -1.522227e+00 -3.704141e+01  0.000000e+00
     vertex  1.522227e+00 -3.704141e+01  0.000000e+00
   endloop
 endfacet
 facet normal  0.000000e+00  0.000000e+00  1.000000e+00
   outer loop
     vertex  1.630958e+00 -3.504437e+01  0.000000e+00
     vertex -1.630958e+00 -3.504437e+01  0.000000e+00
     vertex -1.522227e+00 -3.704141e+01  0.000000e+00
   endloop
 endfacet
 facet normal  0.000000e+00  0.000000e+00  1.000000e+00
   outer loop
     vertex -3.504437e+01  1.630958e+00  0.000000e+00
     vertex -3.704141e+01  1.522227e+00  0.000000e+00
     vertex -3.704141e+01 -1.522227e+00  0.000000e+00
   endloop
 endfacet
 facet normal  0.000000e+00  0.000000e+00  1.000000e+00
   outer loop
     vertex -3.504437e+01  1.630958e+00  0.000000e+00
     vertex -3.704141e+01 -1.522227e+00  0.000000e+00
     vertex -3.504437e+01 -1.630958e+00  0.000000e+00
   endloop
 endfacet
 facet normal  0.000000e+00  0.000000e+00  1.000000e+00
   outer loop
     vertex  4.873592e+00 -3.539851e+01  0.000000e+00
     vertex  1.522227e+00 -3.704141e+01  0.000000e+00
     vertex  4.548686e+00 -3.737194e+01  0.000000e+00
   endloop
 endfacet
 facet normal  0.000000e+00  0.000000e+00  1.000000e+00
   outer loop
     vertex  4.873592e+00 -3.539851e+01  0.000000e+00
     vertex  1.630958e+00 -3.504437e+01  0.000000e+00
     vertex  1.522227e+00 -3.704141e+01  0.000000e+00
   endloop
 endfacet
 facet normal  0.000000e+00  0.000000e+00  1.000000e+00
   outer loop
     vertex -3.539851e+01  4.873592e+00  0.000000e+00
     vertex -3.737194e+01  4.548686e+00  0.000000e+00
     vertex -3.704141e+01  1.522227e+00  0.000000e+00
   endloop
 endfacet
 facet normal  0.000000e+00  0.000000e+00  1.000000e+00
   outer loop
     vertex -3.539851e+01  4.873592e+00  0.000000e+00
     vertex -3.704141e+01  1.522227e+00  0.000000e+00
     vertex -3.504437e+01  1.630958e+00  0.000000e+00
   endloop
 endfacet
 facet normal  0.000000e+00  0.000000e+00  1.000000e+00
   outer loop
     vertex  8.058608e+00 -3.610262e+01  0.000000e+00
     vertex  4.873592e+00 -3.539851e+01  0.000000e+00
     vertex  4.548686e+00 -3.737194e+01  0.000000e+00
   endloop
 endfacet
 facet normal  0.000000e+00  0.000000e+00  1.000000e+00
   outer loop
     vertex  8.058608e+00 -3.610262e+01  0.000000e+00
     vertex  4.548686e+00 -3.737194e+01  0.000000e+00
     vertex  7.521368e+00 -3.802911e+01  0.000000e+00
   endloop
 endfacet
 facet normal  0.000000e+00  0.000000e+00  1.000000e+00
   outer loop
     vertex -3.610262e+01  8.058608e+00  0.000000e+00
     vertex -3.737194e+01  4.548686e+00  0.000000e+00
     vertex -3.539851e+01  4.873592e+00  0.000000e+00
   endloop
 endfacet
 facet normal  0.000000e+00  0.000000e+00  1.000000e+00
   outer loop
     vertex -3.610262e+01  8.058608e+00  0.000000e+00
     vertex -3.802911e+01  7.521368e+00  0.000000e+00
     vertex -3.737194e+01  4.548686e+00  0.000000e+00
   endloop
 endfacet
 facet normal  0.000000e+00  0.000000e+00  1.000000e+00
   outer loop
     vertex -3.714835e+01  1.114835e+01  0.000000e+00
     vertex -3.802911e+01  7.521368e+00  0.000000e+00
     vertex -3.610262e+01  8.058608e+00  0.000000e+00
   endloop
 endfacet
 facet normal  0.000000e+00  0.000000e+00  1.000000e+00
   outer loop
     vertex -3.714835e+01  1.114835e+01  0.000000e+00
     vertex -3.989026e+01  1.311270e+01  0.000000e+00
     vertex -3.900513e+01  1.040513e+01  0.000000e+00
   endloop
 endfacet
 facet normal  0.000000e+00  0.000000e+00  1.000000e+00
   outer loop
     vertex -3.714835e+01  1.114835e+01  0.000000e+00
     vertex -3.900513e+01  1.040513e+01  0.000000e+00
     vertex -3.802911e+01  7.521368e+00  0.000000e+00
   endloop
 endfacet
 facet normal  0.000000e+00  0.000000e+00  1.000000e+00
   outer loop
     vertex  1.114835e+01 -3.714835e+01  0.000000e+00
     vertex  8.058608e+00 -3.610262e+01  0.000000e+00
     vertex  7.521368e+00 -3.802911e+01  0.000000e+00
   endloop
 endfacet
 facet normal  0.000000e+00  0.000000e+00  1.000000e+00
   outer loop
     vertex  1.114835e+01 -3.714835e+01  0.000000e+00
     vertex  7.521368e+00 -3.802911e+01  0.000000e+00
     vertex  1.040513e+01 -3.900513e+01  0.000000e+00
   endloop
 endfacet
 facet normal  0.000000e+00  0.000000e+00  1.000000e+00
   outer loop
     vertex  1.114835e+01 -3.714835e+01  0.000000e+00
     vertex  1.040513e+01 -3.900513e+01  0.000000e+00
     vertex  1.311270e+01 -3.989026e+01  0.000000e+00
   endloop
 endfacet
 facet normal  0.000000e+00  0.000000e+00  1.000000e+00
   outer loop
     vertex -3.799034e+01  1.375758e+01  0.000000e+00
     vertex -3.989026e+01  1.311270e+01  0.000000e+00
     vertex -3.714835e+01  1.114835e+01  0.000000e+00
   endloop
 endfacet
 facet normal  0.000000e+00  0.000000e+00  1.000000e+00
   outer loop
     vertex -3.799034e+01  1.375758e+01  0.000000e+00
     vertex -4.041813e+01  1.591194e+01  0.000000e+00
     vertex -3.989026e+01  1.311270e+01  0.000000e+00
   endloop
 endfacet
 facet normal  0.000000e+00  0.000000e+00  1.000000e+00
   outer loop
     vertex  1.375758e+01 -3.799034e+01  0.000000e+00
     vertex  1.114835e+01 -3.714835e+01  0.000000e+00
     vertex  1.311270e+01 -3.989026e+01  0.000000e+00
   endloop
 endfacet
 facet normal  0.000000e+00  0.000000e+00  1.000000e+00
   outer loop
     vertex  1.375758e+01 -3.799034e+01  0.000000e+00
     vertex  1.311270e+01 -3.989026e+01  0.000000e+00
     vertex  1.591194e+01 -4.041813e+01  0.000000e+00
   endloop
 endfacet
 facet normal  0.000000e+00  0.000000e+00  1.000000e+00
   outer loop
     vertex -3.846758e+01  1.645744e+01  0.000000e+00
     vertex -4.041813e+01  1.591194e+01  0.000000e+00
     vertex -3.799034e+01  1.375758e+01  0.000000e+00
   endloop
 endfacet
 facet normal  0.000000e+00  0.000000e+00  1.000000e+00
   outer loop
     vertex  1.645744e+01 -3.846758e+01  0.000000e+00
     vertex  1.375758e+01 -3.799034e+01  0.000000e+00
     vertex  1.591194e+01 -4.041813e+01  0.000000e+00
   endloop
 endfacet
 facet normal  0.000000e+00  0.000000e+00  1.000000e+00
   outer loop
     vertex -4.057989e+01  1.875592e+01  0.000000e+00
     vertex -4.041813e+01  1.591194e+01  0.000000e+00
     vertex -3.846758e+01  1.645744e+01  0.000000e+00
   endloop
 endfacet
 facet normal  0.000000e+00  0.000000e+00  1.000000e+00
   outer loop
     vertex  1.875592e+01 -4.057989e+01  0.000000e+00
     vertex  1.645744e+01 -3.846758e+01  0.000000e+00
     vertex  1.591194e+01 -4.041813e+01  0.000000e+00
   endloop
 endfacet
 facet normal  0.000000e+00  0.000000e+00  1.000000e+00
   outer loop
     vertex -3.857108e+01  1.919720e+01  0.000000e+00
     vertex -4.057989e+01  1.875592e+01  0.000000e+00
     vertex -3.846758e+01  1.645744e+01  0.000000e+00
   endloop
 endfacet
 facet normal  0.000000e+00  0.000000e+00  1.000000e+00
   outer loop
     vertex  1.919720e+01 -3.857108e+01  0.000000e+00
     vertex  1.645744e+01 -3.846758e+01  0.000000e+00
     vertex  1.875592e+01 -4.057989e+01  0.000000e+00
   endloop
 endfacet
 facet normal  0.000000e+00  0.000000e+00  1.000000e+00
   outer loop
     vertex -4.037282e+01  2.159696e+01  0.000000e+00
     vertex -4.057989e+01  1.875592e+01  0.000000e+00
     vertex -3.857108e+01  1.919720e+01  0.000000e+00
   endloop
 endfacet
 facet normal  0.000000e+00  0.000000e+00  1.000000e+00
   outer loop
     vertex  2.159696e+01 -4.037282e+01  0.000000e+00
     vertex  1.919720e+01 -3.857108e+01  0.000000e+00
     vertex  1.875592e+01 -4.057989e+01  0.000000e+00
   endloop
 endfacet
 facet normal  0.000000e+00  0.000000e+00  1.000000e+00
   outer loop
     vertex -3.829892e+01  2.192537e+01  0.000000e+00
     vertex -4.037282e+01  2.159696e+01  0.000000e+00
     vertex -3.857108e+01  1.919720e+01  0.000000e+00
   endloop
 endfacet
 facet normal  0.000000e+00  0.000000e+00  1.000000e+00
   outer loop
     vertex  2.192537e+01 -3.829892e+01  0.000000e+00
     vertex  1.919720e+01 -3.857108e+01  0.000000e+00
     vertex  2.159696e+01 -4.037282e+01  0.000000e+00
   endloop
 endfacet
 facet normal  0.000000e+00  0.000000e+00  1.000000e+00
   outer loop
     vertex -3.980040e+01  2.438743e+01  0.000000e+00
     vertex -4.037282e+01  2.159696e+01  0.000000e+00
     vertex -3.829892e+01  2.192537e+01  0.000000e+00
   endloop
 endfacet
 facet normal  0.000000e+00  0.000000e+00  1.000000e+00
   outer loop
     vertex  2.438743e+01 -3.980040e+01  0.000000e+00
     vertex  2.192537e+01 -3.829892e+01  0.000000e+00
     vertex  2.159696e+01 -4.037282e+01  0.000000e+00
   endloop
 endfacet
 facet normal  0.000000e+00  0.000000e+00  1.000000e+00
   outer loop
     vertex -3.765620e+01  2.459068e+01  0.000000e+00
     vertex -3.980040e+01  2.438743e+01  0.000000e+00
     vertex -3.829892e+01  2.192537e+01  0.000000e+00
   endloop
 endfacet
 facet normal  0.000000e+00  0.000000e+00  1.000000e+00
   outer loop
     vertex  2.459068e+01 -3.765620e+01  0.000000e+00
     vertex  2.192537e+01 -3.829892e+01  0.000000e+00
     vertex  2.438743e+01 -3.980040e+01  0.000000e+00
   endloop
 endfacet
 facet normal  0.000000e+00  0.000000e+00  1.000000e+00
   outer loop
     vertex -3.887223e+01  2.708055e+01  0.000000e+00
     vertex -3.980040e+01  2.438743e+01  0.000000e+00
     vertex -3.765620e+01  2.459068e+01  0.000000e+00
   endloop
 endfacet
 facet normal  0.000000e+00  0.000000e+00  1.000000e+00
   outer loop
     vertex  2.708055e+01 -3.887223e+01  0.000000e+00
     vertex  2.459068e+01 -3.765620e+01  0.000000e+00
     vertex  2.438743e+01 -3.980040e+01  0.000000e+00
   endloop
 endfacet
 facet normal  0.000000e+00  0.000000e+00  1.000000e+00
   outer loop
     vertex -3.665500e+01  2.714305e+01  0.000000e+00
     vertex -3.887223e+01  2.708055e+01  0.000000e+00
     vertex -3.765620e+01  2.459068e+01  0.000000e+00
   endloop
 endfacet
 facet normal  0.000000e+00  0.000000e+00  1.000000e+00
   outer loop
     vertex  2.714305e+01 -3.665500e+01  0.000000e+00
     vertex  2.459068e+01 -3.765620e+01  0.000000e+00
     vertex  2.708055e+01 -3.887223e+01  0.000000e+00
   endloop
 endfacet
 facet normal  0.000000e+00  0.000000e+00  1.000000e+00
   outer loop
     vertex -3.760386e+01  2.963116e+01  0.000000e+00
     vertex -3.887223e+01  2.708055e+01  0.000000e+00
     vertex -3.665500e+01  2.714305e+01  0.000000e+00
   endloop
 endfacet
 facet normal  0.000000e+00  0.000000e+00  1.000000e+00
   outer loop
     vertex  2.963116e+01 -3.760386e+01  0.000000e+00
     vertex  2.714305e+01 -3.665500e+01  0.000000e+00
     vertex  2.708055e+01 -3.887223e+01  0.000000e+00
   endloop
 endfacet
 facet normal  0.000000e+00  0.000000e+00  1.000000e+00
   outer loop
     vertex -3.531413e+01  2.953451e+01  0.000000e+00
     vertex -3.760386e+01  2.963116e+01  0.000000e+00
     vertex -3.665500e+01  2.714305e+01  0.000000e+00
   endloop
 endfacet
 facet normal  0.000000e+00  0.000000e+00  1.000000e+00
   outer loop
     vertex  2.953451e+01 -3.531413e+01  0.000000e+00
     vertex  2.714305e+01 -3.665500e+01  0.000000e+00
     vertex  2.963116e+01 -3.760386e+01  0.000000e+00
   endloop
 endfacet
 facet normal  0.000000e+00  0.000000e+00  1.000000e+00
   outer loop
     vertex -3.601656e+01  3.199651e+01  0.000000e+00
     vertex -3.760386e+01  2.963116e+01  0.000000e+00
     vertex -3.531413e+01  2.953451e+01  0.000000e+00
   endloop
 endfacet
 facet normal  0.000000e+00  0.000000e+00  1.000000e+00
   outer loop
     vertex  3.199651e+01 -3.601656e+01  0.000000e+00
     vertex  2.953451e+01 -3.531413e+01  0.000000e+00
     vertex  2.963116e+01 -3.760386e+01  0.000000e+00
   endloop
 endfacet
 facet normal  0.000000e+00  0.000000e+00  1.000000e+00
   outer loop
     vertex -3.365881e+01  3.172012e+01  0.000000e+00
     vertex -3.601656e+01  3.199651e+01  0.000000e+00
     vertex -3.531413e+01  2.953451e+01  0.000000e+00
   endloop
 endfacet
 facet normal  0.000000e+00  0.000000e+00  1.000000e+00
   outer loop
     vertex  3.172012e+01 -3.365881e+01  0.000000e+00
     vertex  2.953451e+01 -3.531413e+01  0.000000e+00
     vertex  3.199651e+01 -3.601656e+01  0.000000e+00
   endloop
 endfacet
 facet normal  0.000000e+00  0.000000e+00  1.000000e+00
   outer loop
     vertex -3.413694e+01  3.413694e+01  0.000000e+00
     vertex -3.601656e+01  3.199651e+01  0.000000e+00
     vertex -3.365881e+01  3.172012e+01  0.000000e+00
   endloop
 endfacet
 facet normal  0.000000e+00  0.000000e+00  1.000000e+00
   outer loop
     vertex  3.413694e+01 -3.413694e+01  0.000000e+00
     vertex  3.172012e+01 -3.365881e+01  0.000000e+00
     vertex  3.199651e+01 -3.601656e+01  0.000000e+00
   endloop
 endfacet
 facet normal  0.000000e+00  0.000000e+00  1.000000e+00
   outer loop
     vertex -3.172012e+01  3.365881e+01  0.000000e+00
     vertex -3.413694e+01  3.413694e+01  0.000000e+00
     vertex -3.365881e+01  3.172012e+01  0.000000e+00
   endloop
 endfacet
 facet normal  0.000000e+00  0.000000e+00  1.000000e+00
   outer loop
     vertex  3.365881e+01 -3.172012e+01  0.000000e+00
     vertex  3.172012e+01 -3.365881e+01  0.000000e+00
     vertex  3.413694e+01 -3.413694e+01  0.000000e+00
   endloop
 endfacet
 facet normal  0.000000e+00  0.000000e+00  1.000000e+00
   outer loop
     vertex -3.199651e+01  3.601656e+01  0.000000e+00
     vertex -3.413694e+01  3.413694e+01  0.000000e+00
     vertex -3.172012e+01  3.365881e+01  0.000000e+00
   endloop
 endfacet
 facet normal  0.000000e+00  0.000000e+00  1.000000e+00
   outer loop
     vertex  3.601656e+01 -3.199651e+01  0.000000e+00
     vertex  3.365881e+01 -3.172012e+01  0.000000e+00
     vertex  3.413694e+01 -3.413694e+01  0.000000e+00
   endloop
 endfacet
 facet normal  0.000000e+00  0.000000e+00  1.000000e+00
   outer loop
     vertex -2.953451e+01  3.531413e+01  0.000000e+00
     vertex -3.199651e+01  3.601656e+01  0.000000e+00
     vertex -3.172012e+01  3.365881e+01  0.000000e+00
   endloop
 endfacet
 facet normal  0.000000e+00  0.000000e+00  1.000000e+00
   outer loop
     vertex  3.531413e+01 -2.953451e+01  0.000000e+00
     vertex  3.365881e+01 -3.172012e+01  0.000000e+00
     vertex  3.601656e+01 -3.199651e+01  0.000000e+00
   endloop
 endfacet
 facet normal  0.000000e+00  0.000000e+00  1.000000e+00
   outer loop
     vertex -2.963116e+01  3.760386e+01  0.000000e+00
     vertex -3.199651e+01  3.601656e+01  0.000000e+00
     vertex -2.953451e+01  3.531413e+01  0.000000e+00
   endloop
 endfacet
 facet normal  0.000000e+00  0.000000e+00  1.000000e+00
   outer loop
     vertex  3.760386e+01 -2.963116e+01  0.000000e+00
     vertex  3.531413e+01 -2.953451e+01  0.000000e+00
     vertex  3.601656e+01 -3.199651e+01  0.000000e+00
   endloop
 endfacet
 facet normal  0.000000e+00  0.000000e+00  1.000000e+00
   outer loop
     vertex -2.714305e+01  3.665500e+01  0.000000e+00
     vertex -2.963116e+01  3.760386e+01  0.000000e+00
     vertex -2.953451e+01  3.531413e+01  0.000000e+00
   endloop
 endfacet
 facet normal  0.000000e+00  0.000000e+00  1.000000e+00
   outer loop
     vertex  3.665500e+01 -2.714305e+01  0.000000e+00
     vertex  3.531413e+01 -2.953451e+01  0.000000e+00
     vertex  3.760386e+01 -2.963116e+01  0.000000e+00
   endloop
 endfacet
 facet normal  0.000000e+00  0.000000e+00  1.000000e+00
   outer loop
     vertex -2.708055e+01  3.887223e+01  0.000000e+00
     vertex -2.963116e+01  3.760386e+01  0.000000e+00
     vertex -2.714305e+01  3.665500e+01  0.000000e+00
   endloop
 endfacet
 facet normal  0.000000e+00  0.000000e+00  1.000000e+00
   outer loop
     vertex  3.887223e+01 -2.708055e+01  0.000000e+00
     vertex  3.665500e+01 -2.714305e+01  0.000000e+00
     vertex  3.760386e+01 -2.963116e+01  0.000000e+00
   endloop
 endfacet
 facet normal  0.000000e+00  0.000000e+00  1.000000e+00
   outer loop
     vertex -2.459068e+01  3.765620e+01  0.000000e+00
     vertex -2.708055e+01  3.887223e+01  0.000000e+00
     vertex -2.714305e+01  3.665500e+01  0.000000e+00
   endloop
 endfacet
 facet normal  0.000000e+00  0.000000e+00  1.000000e+00
   outer loop
     vertex  3.765620e+01 -2.459068e+01  0.000000e+00
     vertex  3.665500e+01 -2.714305e+01  0.000000e+00
     vertex  3.887223e+01 -2.708055e+01  0.000000e+00
   endloop
 endfacet
 facet normal  0.000000e+00  0.000000e+00  1.000000e+00
   outer loop
     vertex -2.438743e+01  3.980040e+01  0.000000e+00
     vertex -2.708055e+01  3.887223e+01  0.000000e+00
     vertex -2.459068e+01  3.765620e+01  0.000000e+00
   endloop
 endfacet
 facet normal  0.000000e+00  0.000000e+00  1.000000e+00
   outer loop
     vertex  3.980040e+01 -2.438743e+01  0.000000e+00
     vertex  3.765620e+01 -2.459068e+01  0.000000e+00
     vertex  3.887223e+01 -2.708055e+01  0.000000e+00
   endloop
 endfacet
 facet normal  0.000000e+00  0.000000e+00  1.000000e+00
   outer loop
     vertex -2.192537e+01  3.829892e+01  0.000000e+00
     vertex -2.438743e+01  3.980040e+01  0.000000e+00
     vertex -2.459068e+01  3.765620e+01  0.000000e+00
   endloop
 endfacet
 facet normal  0.000000e+00  0.000000e+00  1.000000e+00
   outer loop
     vertex  3.829892e+01 -2.192537e+01  0.000000e+00
     vertex  3.765620e+01 -2.459068e+01  0.000000e+00
     vertex  3.980040e+01 -2.438743e+01  0.000000e+00
   endloop
 endfacet
 facet normal  0.000000e+00  0.000000e+00  1.000000e+00
   outer loop
     vertex -2.159696e+01  4.037282e+01  0.000000e+00
     vertex -2.438743e+01  3.980040e+01  0.000000e+00
     vertex -2.192537e+01  3.829892e+01  0.000000e+00
   endloop
 endfacet
 facet normal  0.000000e+00  0.000000e+00  1.000000e+00
   outer loop
     vertex  4.037282e+01 -2.159696e+01  0.000000e+00
     vertex  3.829892e+01 -2.192537e+01  0.000000e+00
     vertex  3.980040e+01 -2.438743e+01  0.000000e+00
   endloop
 endfacet
 facet normal  0.000000e+00  0.000000e+00  1.000000e+00
   outer loop
     vertex -1.919720e+01  3.857108e+01  0.000000e+00
     vertex -2.159696e+01  4.037282e+01  0.000000e+00
     vertex -2.192537e+01  3.829892e+01  0.000000e+00
   endloop
 endfacet
 facet normal  0.000000e+00  0.000000e+00  1.000000e+00
   outer loop
     vertex  3.857108e+01 -1.919720e+01  0.000000e+00
     vertex  3.829892e+01 -2.192537e+01  0.000000e+00
     vertex  4.037282e+01 -2.159696e+01  0.000000e+00
   endloop
 endfacet
 facet normal  0.000000e+00  0.000000e+00  1.000000e+00
   outer loop
     vertex -1.875592e+01  4.057989e+01  0.000000e+00
     vertex -2.159696e+01  4.037282e+01  0.000000e+00
     vertex -1.919720e+01  3.857108e+01  0.000000e+00
   endloop
 endfacet
 facet normal  0.000000e+00  0.000000e+00  1.000000e+00
   outer loop
     vertex  4.057989e+01 -1.875592e+01  0.000000e+00
     vertex  3.857108e+01 -1.919720e+01  0.000000e+00
     vertex  4.037282e+01 -2.159696e+01  0.000000e+00
   endloop
 endfacet
 facet normal  0.000000e+00  0.000000e+00  1.000000e+00
   outer loop
     vertex -1.645744e+01  3.846758e+01  0.000000e+00
     vertex -1.875592e+01  4.057989e+01  0.000000e+00
     vertex -1.919720e+01  3.857108e+01  0.000000e+00
   endloop
 endfacet
 facet normal  0.000000e+00  0.000000e+00  1.000000e+00
   outer loop
     vertex  3.846758e+01 -1.645744e+01  0.000000e+00
     vertex  3.857108e+01 -1.919720e+01  0.000000e+00
     vertex  4.057989e+01 -1.875592e+01  0.000000e+00
   endloop
 endfacet
 facet normal  0.000000e+00  0.000000e+00  1.000000e+00
   outer loop
     vertex -1.591194e+01  4.041813e+01  0.000000e+00
     vertex -1.645744e+01  3.846758e+01  0.000000e+00
     vertex -1.375758e+01  3.799034e+01  0.000000e+00
   endloop
 endfacet
 facet normal  0.000000e+00  0.000000e+00  1.000000e+00
   outer loop
     vertex -1.591194e+01  4.041813e+01  0.000000e+00
     vertex -1.875592e+01  4.057989e+01  0.000000e+00
     vertex -1.645744e+01  3.846758e+01  0.000000e+00
   endloop
 endfacet
 facet normal  0.000000e+00  0.000000e+00  1.000000e+00
   outer loop
     vertex  4.041813e+01 -1.591194e+01  0.000000e+00
     vertex  3.846758e+01 -1.645744e+01  0.000000e+00
     vertex  4.057989e+01 -1.875592e+01  0.000000e+00
   endloop
 endfacet
 facet normal  0.000000e+00  0.000000e+00  1.000000e+00
   outer loop
     vertex  4.041813e+01 -1.591194e+01  0.000000e+00
     vertex  3.799034e+01 -1.375758e+01  0.000000e+00
     vertex  3.846758e+01 -1.645744e+01  0.000000e+00
   endloop
 endfacet
 facet normal  0.000000e+00  0.000000e+00  1.000000e+00
   outer loop
     vertex -1.311270e+01  3.989026e+01  0.000000e+00
     vertex -1.375758e+01  3.799034e+01  0.000000e+00
     vertex -1.114835e+01  3.714835e+01  0.000000e+00
   endloop
 endfacet
 facet normal  0.000000e+00  0.000000e+00  1.000000e+00
   outer loop
     vertex -1.311270e+01  3.989026e+01  0.000000e+00
     vertex -1.591194e+01  4.041813e+01  0.000000e+00
     vertex -1.375758e+01  3.799034e+01  0.000000e+00
   endloop
 endfacet
 facet normal  0.000000e+00  0.000000e+00  1.000000e+00
   outer loop
     vertex  3.989026e+01 -1.311270e+01  0.000000e+00
     vertex  3.799034e+01 -1.375758e+01  0.000000e+00
     vertex  4.041813e+01 -1.591194e+01  0.000000e+00
   endloop
 endfacet
 facet normal  0.000000e+00  0.000000e+00  1.000000e+00
   outer loop
     vertex  3.989026e+01 -1.311270e+01  0.000000e+00
     vertex  3.714835e+01 -1.114835e+01  0.000000e+00
     vertex  3.799034e+01 -1.375758e+01  0.000000e+00
   endloop
 endfacet
 facet normal  0.000000e+00  0.000000e+00  1.000000e+00
   outer loop
     vertex -1.040513e+01  3.900513e+01  0.000000e+00
     vertex -1.114835e+01  3.714835e+01  0.000000e+00
     vertex -8.058608e+00  3.610262e+01  0.000000e+00
   endloop
 endfacet
 facet normal  0.000000e+00  0.000000e+00  1.000000e+00
   outer loop
     vertex -1.040513e+01  3.900513e+01  0.000000e+00
     vertex -1.311270e+01  3.989026e+01  0.000000e+00
     vertex -1.114835e+01  3.714835e+01  0.000000e+00
   endloop
 endfacet
 facet normal  0.000000e+00  0.000000e+00  1.000000e+00
   outer loop
     vertex  3.900513e+01 -1.040513e+01  0.000000e+00
     vertex  3.714835e+01 -1.114835e+01  0.000000e+00
     vertex  3.989026e+01 -1.311270e+01  0.000000e+00
   endloop
 endfacet
 facet normal  0.000000e+00  0.000000e+00  1.000000e+00
   outer loop
     vertex  3.802911e+01 -7.521368e+00  0.000000e+00
     vertex  3.610262e+01 -8.058608e+00  0.000000e+00
     vertex  3.714835e+01 -1.114835e+01  0.000000e+00
   endloop
 endfacet
 facet normal  0.000000e+00  0.000000e+00  1.000000e+00
   outer loop
     vertex  3.802911e+01 -7.521368e+00  0.000000e+00
     vertex  3.714835e+01 -1.114835e+01  0.000000e+00
     vertex  3.900513e+01 -1.040513e+01  0.000000e+00
   endloop
 endfacet
 facet normal  0.000000e+00  0.000000e+00  1.000000e+00
   outer loop
     vertex -7.521368e+00  3.802911e+01  0.000000e+00
     vertex -1.040513e+01  3.900513e+01  0.000000e+00
     vertex -8.058608e+00  3.610262e+01  0.000000e+00
   endloop
 endfacet
 facet normal  0.000000e+00  0.000000e+00  1.000000e+00
   outer loop
     vertex -4.873592e+00  3.539851e+01  0.000000e+00
     vertex -7.521368e+00  3.802911e+01  0.000000e+00
     vertex -8.058608e+00  3.610262e+01  0.000000e+00
   endloop
 endfacet
 facet normal  0.000000e+00  0.000000e+00  1.000000e+00
   outer loop
     vertex  3.539851e+01 -4.873592e+00  0.000000e+00
     vertex  3.610262e+01 -8.058608e+00  0.000000e+00
     vertex  3.802911e+01 -7.521368e+00  0.000000e+00
   endloop
 endfacet
 facet normal  0.000000e+00  0.000000e+00  1.000000e+00
   outer loop
     vertex  3.737194e+01 -4.548686e+00  0.000000e+00
     vertex  3.539851e+01 -4.873592e+00  0.000000e+00
     vertex  3.802911e+01 -7.521368e+00  0.000000e+00
   endloop
 endfacet
 facet normal  0.000000e+00  0.000000e+00  1.000000e+00
   outer loop
     vertex -4.548686e+00  3.737194e+01  0.000000e+00
     vertex -7.521368e+00  3.802911e+01  0.000000e+00
     vertex -4.873592e+00  3.539851e+01  0.000000e+00
   endloop
 endfacet
 facet normal  0.000000e+00  0.000000e+00  1.000000e+00
   outer loop
     vertex  3.704141e+01 -1.522227e+00  0.000000e+00
     vertex  3.504437e+01 -1.630958e+00  0.000000e+00
     vertex  3.539851e+01 -4.873592e+00  0.000000e+00
   endloop
 endfacet
 facet normal  0.000000e+00  0.000000e+00  1.000000e+00
   outer loop
     vertex  3.704141e+01 -1.522227e+00  0.000000e+00
     vertex  3.539851e+01 -4.873592e+00  0.000000e+00
     vertex  3.737194e+01 -4.548686e+00  0.000000e+00
   endloop
 endfacet
 facet normal  0.000000e+00  0.000000e+00  1.000000e+00
   outer loop
     vertex -1.522227e+00  3.704141e+01  0.000000e+00
     vertex -4.873592e+00  3.539851e+01  0.000000e+00
     vertex -1.630958e+00  3.504437e+01  0.000000e+00
   endloop
 endfacet
 facet normal  0.000000e+00  0.000000e+00  1.000000e+00
   outer loop
     vertex -1.522227e+00  3.704141e+01  0.000000e+00
     vertex -4.548686e+00  3.737194e+01  0.000000e+00
     vertex -4.873592e+00  3.539851e+01  0.000000e+00
   endloop
 endfacet
 facet normal  0.000000e+00  0.000000e+00  1.000000e+00
   outer loop
     vertex  3.704141e+01  1.522227e+00  0.000000e+00
     vertex  3.504437e+01  1.630958e+00  0.000000e+00
     vertex  3.504437e+01 -1.630958e+00  0.000000e+00
   endloop
 endfacet
 facet normal  0.000000e+00  0.000000e+00  1.000000e+00
   outer loop
     vertex  3.704141e+01  1.522227e+00  0.000000e+00
     vertex  3.504437e+01 -1.630958e+00  0.000000e+00
     vertex  3.704141e+01 -1.522227e+00  0.000000e+00
   endloop
 endfacet
 facet normal  0.000000e+00  0.000000e+00  1.000000e+00
   outer loop
     vertex  1.522227e+00  3.704141e+01  0.000000e+00
     vertex -1.630958e+00  3.504437e+01  0.000000e+00
     vertex  1.630958e+00  3.504437e+01  0.000000e+00
   endloop
 endfacet
 facet normal  0.000000e+00  0.000000e+00  1.000000e+00
   outer loop
     vertex  1.522227e+00  3.704141e+01  0.000000e+00
     vertex -1.522227e+00  3.704141e+01  0.000000e+00
     vertex -1.630958e+00  3.504437e+01  0.000000e+00
   endloop
 endfacet
 facet normal  0.000000e+00  0.000000e+00  1.000000e+00
   outer loop
     vertex  3.539851e+01  4.873592e+00  0.000000e+00
     vertex  3.504437e+01  1.630958e+00  0.000000e+00
     vertex  3.704141e+01  1.522227e+00  0.000000e+00
   endloop
 endfacet
 facet normal  0.000000e+00  0.000000e+00  1.000000e+00
   outer loop
     vertex  3.737194e+01  4.548686e+00  0.000000e+00
     vertex  3.539851e+01  4.873592e+00  0.000000e+00
     vertex  3.704141e+01  1.522227e+00  0.000000e+00
   endloop
 endfacet
 facet normal  0.000000e+00  0.000000e+00  1.000000e+00
   outer loop
     vertex  4.548686e+00  3.737194e+01  0.000000e+00
     vertex  1.630958e+00  3.504437e+01  0.000000e+00
     vertex  4.873592e+00  3.539851e+01  0.000000e+00
   endloop
 endfacet
 facet normal  0.000000e+00  0.000000e+00  1.000000e+00
   outer loop
     vertex  4.548686e+00  3.737194e+01  0.000000e+00
     vertex  1.522227e+00  3.704141e+01  0.000000e+00
     vertex  1.630958e+00  3.504437e+01  0.000000e+00
   endloop
 endfacet
 facet normal  0.000000e+00  0.000000e+00  1.000000e+00
   outer loop
     vertex  8.058608e+00  3.610262e+01  0.000000e+00
     vertex  4.548686e+00  3.737194e+01  0.000000e+00
     vertex  4.873592e+00  3.539851e+01  0.000000e+00
   endloop
 endfacet
 facet normal  0.000000e+00  0.000000e+00  1.000000e+00
   outer loop
     vertex  3.802911e+01  7.521368e+00  0.000000e+00
     vertex  3.539851e+01  4.873592e+00  0.000000e+00
     vertex  3.737194e+01  4.548686e+00  0.000000e+00
   endloop
 endfacet
 facet normal  0.000000e+00  0.000000e+00  1.000000e+00
   outer loop
     vertex  3.802911e+01  7.521368e+00  0.000000e+00
     vertex  3.610262e+01  8.058608e+00  0.000000e+00
     vertex  3.539851e+01  4.873592e+00  0.000000e+00
   endloop
 endfacet
 facet normal  0.000000e+00  0.000000e+00  1.000000e+00
   outer loop
     vertex  7.521368e+00  3.802911e+01  0.000000e+00
     vertex  4.548686e+00  3.737194e+01  0.000000e+00
     vertex  8.058608e+00  3.610262e+01  0.000000e+00
   endloop
 endfacet
 facet normal  0.000000e+00  0.000000e+00  1.000000e+00
   outer loop
     vertex  1.114835e+01  3.714835e+01  0.000000e+00
     vertex  7.521368e+00  3.802911e+01  0.000000e+00
     vertex  8.058608e+00  3.610262e+01  0.000000e+00
   endloop
 endfacet
