4.440892098500626e-16, 37.960409094372984, -0.09999989999985255
4.106436882842422, 37.74429130102575, -0.09999989999985255
8.16628593513776, 37.09134323924332, -0.09999989999985255
12.130773645915005, 35.99997232666303, -0.09999989999985255
15.951098531500017, 34.479088068513136, -0.09999989999985255
19.580579071624904, 32.5464593354085, -0.09999989999985255
22.97714613067, 30.228731991291017, -0.09999989999985255
26.10537494408946, 27.55973839992145, -0.09999989999985255
28.93577040357707, 24.576694345925706, -0.09999989999985255
31.43384478780457, 21.310418701355506, -0.09999989999985255
33.5626910439114, 17.792417567713724, -0.09999989999985255
35.292405379552385, 14.06198654190784, -0.09999989999985255
36.60006891628585, 10.163509523256014, -0.09999989999985255
37.47277421262033, 6.145203534276519, -0.09999989999985255
37.90654653464505, 2.0560735265210894, -0.09999989999985255
37.90654653464504, -2.0560735265208203, -0.09999989999985255
37.472774219245316, -6.1452035353691885, -0.09999989999985255
36.60006891226289, -10.163509520401359, -0.09999989999985255
35.29240539437124, -14.061986545769724, -0.09999989999985255
33.562691078391886, -17.79241758501454, -0.09999989999985255
31.433844777551776, -21.310418694398297, -0.09999989999985255
28.935770403576953, -24.576694345925393, -0.09999989999985255
26.105374944089334, -27.559738399921134, -0.09999989999985255
22.977146130669894, -30.228731991290715, -0.09999989999985255
19.580579093370794, -32.54645936917685, -0.09999989999985255
15.951098549753466, -34.47908810556719, -0.09999989999985255
12.130773646117214, -35.99997232636967, -0.09999989999985255
8.166285930925781, -37.09134321932723, -0.09999989999985255
4.106436882842418, -37.74429130102569, -0.09999989999985255
-4.440892098500626e-15, -37.96040909437297, -0.09999989999985255
-7.105427357601002e-15, -37.96040909437297, -0.09999989999985255
-4.106436882842444, -37.74429130102571, -0.09999989999985255
-8.166285935137811, -37.09134323924331, -0.09999989999985255
-12.130773645915072, -35.99997232666301, -0.09999989999985255
-15.95109853150009, -34.4790880685131, -0.09999989999985255
-19.580579071625017, -32.54645933540848, -0.09999989999985255
-22.977146130670107, -30.22873199129095, -0.09999989999985255
-26.105374944089576, -27.559738399921383, -0.09999989999985255
-28.935770403577184, -24.576694345925606, -0.09999989999985255
-31.43384478780467, -21.310418701355374, -0.09999989999985255
-33.562691043911514, -17.79241756771358, -0.09999989999985255
-35.29240537955245, -14.061986541907649, -0.09999989999985255
-36.60006891628591, -10.163509523255794, -0.09999989999985255
-37.47277421262034, -6.145203534276262, -0.09999989999985255
-37.90654653464502, -2.0560735265208105, -0.09999989999985255
-37.906546534645024, 2.056073526521111, -0.09999989999985255
-37.472774219245295, 6.145203535369501, -0.09999989999985255
-36.600068912262955, 10.163509520401702, -0.09999989999985255
-35.292405394371386, 14.061986545770115, -0.09999989999985255
-33.56269107839213, 17.792417585014995, -0.09999989999985255
-31.433844777552075, 21.310418694398813, -0.09999989999985255
-28.93577040357729, 24.576694345925954, -0.09999989999985255
-26.10537494408964, 27.55973839992169, -0.09999989999985255
-22.977146130670153, 30.22873199129124, -0.09999989999985255
-19.58057909337098, 32.5464593691773, -0.09999989999985255
-15.951098549753567, 34.479088105567534, -0.09999989999985255
-12.130773646117259, 35.999972326369914, -0.09999989999985255
-8.166285930925786, 37.091343219327406, -0.09999989999985255
-4.106436882842385, 37.74429130102575, -0.09999989999985255
5.684341886080802e-14, 37.960409094372984, -0.09999989999985255
4.973799150320701e-14, 34.07447953015791, -2.0999998999998524
-3.6911066575276545, 33.89497693176903, -2.0999998999998524
-7.343790338808498, 33.336142712711585, -2.0999998999998524
-10.911908116561431, 32.376247074272804, -2.0999998999998524
-14.345752584609214, 31.012123606525005, -2.0999998999998524
-17.598844197700366, 29.259980693763133, -2.0999998999998524
-20.63505884734091, 27.15396331192957, -2.0999998999998524
-23.433067427640527, 24.740020833427042, -2.0999998999998524
-25.982330789166475, 22.064539412961672, -2.0999998999998524
-28.248595224746644, 19.145813262410364, -2.0999998999998524
-30.18271021800746, 15.997424286447224, -2.0999998999998524
-31.744241241547357, 12.648716607065417, -2.0999998999998524
-32.906930859895354, 9.14150300637583, -2.0999998999998524
-33.66472073660556, 5.5249786421873965, -2.0999998999998524
-34.030283648898745, 1.8477774671013387, -2.0999998999998524
-34.03028364876582, -1.8477774698562286, -2.0999998999998524
-33.664720745825775, -5.524978645684073, -2.0999998999998524
-32.90693087345889, -9.14150301343484, -2.0999998999998524
-31.744241249867077, -12.648716613645439, -2.0999998999998524
-30.182710221588692, -15.99742429194121, -2.0999998999998524
-28.248595220791316, -19.145813262867602, -2.0999998999998524
-25.982330787363967, -22.064539415049286, -2.0999998999998524
-23.43306742564431, -24.74002083533028, -2.0999998999998524
-20.635058845392567, -27.153963313917178, -2.0999998999998524
-17.598844210112958, -29.259980721830075, -2.0999998999998524
-14.345752586758303, -31.012123619424287, -2.0999998999998524
-10.911908116496237, -32.37624707539568, -2.0999998999998524
-7.343790348412372, -33.33614276011605, -2.0999998999998524
-3.6911066575277025, -33.89497693176901, -2.0999998999998524
0.0, -34.07447953015791, -2.0999998999998524
0.0, -34.07447953015792, -2.0999998999998524
3.6911066575276936, -33.894976931769, -2.0999998999998524
7.343790338808521, -33.336142712711506, -2.0999998999998524
10.911908116561436, -32.37624707427271, -2.0999998999998524
14.345752584609208, -31.012123606524913, -2.0999998999998524
17.59884419770032, -29.259980693762973, -2.0999998999998524
20.635058847340837, -27.153963311929385, -2.0999998999998524
23.433067427640434, -24.740020833426843, -2.0999998999998524
25.98233078916636, -22.06453941296148, -2.0999998999998524
28.248595224746527, -19.145813262410183, -2.0999998999998524
30.182710218007333, -15.997424286447046, -2.0999998999998524
31.744241241547297, -12.648716607065284, -2.0999998999998524
32.90693085989531, -9.141503006375707, -2.0999998999998524
33.66472073660552, -5.524978642187294, -2.0999998999998524
34.03028364889872, -1.8477774671012488, -2.0999998999998524
34.03028364876581, 1.8477774698563096, -2.0999998999998524
33.66472074582576, 5.524978645684154, -2.0999998999998524
32.906930873458826, 9.141503013434894, -2.0999998999998524
31.744241249867013, 12.648716613645485, -2.0999998999998524
30.182710221588632, 15.997424291941249, -2.0999998999998524
28.248595220791245, 19.14581326286763, -2.0999998999998524
25.9823307873639, 22.064539415049293, -2.0999998999998524
23.433067425644232, 24.740020835330263, -2.0999998999998524
20.63505884539252, 27.153963313917167, -2.0999998999998524
17.59884421011293, 29.259980721830075, -2.0999998999998524
14.34575258675827, 31.012123619424255, -2.0999998999998524
10.911908116496221, 32.37624707539567, -2.0999998999998524
7.343790348412371, 33.33614276011605, -2.0999998999998524
3.691106657527707, 33.89497693176902, -2.0999998999998524
-1.3322676295501878e-15, 34.07447953015792, -2.0999998999998524
4.973799150320701e-14, 32.63286395405765, -4.099999899999853
-3.5341253249285463, 32.4586393931849, -4.099999899999853
-7.03090641713051, 31.91900423404432, -4.099999899999853
-10.446512877760673, 30.99645245125492, -4.099999899999853
-13.734322832090076, 29.689860850406134, -4.099999899999853
-16.850596008951342, 28.014715739476525, -4.099999899999853
-19.76043414744792, 26.001972871274795, -4.099999899999853
-22.441663579639222, 23.693081485939828, -4.099999899999853
-24.881688444325462, 21.13045621599804, -4.099999899999853
-27.048197132886834, 18.33307342920622, -4.099999899999853
-28.896669167057695, 15.316312512673461, -4.099999899999853
-30.390663610124633, 12.109298335838425, -4.099999899999853
-31.50600893270764, 8.751754088941082, -4.099999899999853
-32.235941394120175, 5.289795076016851, -4.099999899999853
-32.58987936694055, 1.769245536258133, -4.099999899999853
-32.589879366798705, -1.7692455391551698, -4.099999899999853
-32.235941371117924, -5.289795075881942, -4.099999899999853
-31.506008945461904, -8.75175409589197, -4.099999899999853
-30.390663618315685, -12.109298342465099, -4.099999899999853
-28.89666916997928, -15.316312517909687, -4.099999899999853
-27.04819709199451, -18.333073404489504, -4.099999899999853
-24.88168844243201, -21.13045621819529, -4.099999899999853
-22.441663577539185, -23.69308148794056, -4.099999899999853
-19.76043414500559, -26.00197287285855, -4.099999899999853
-16.85059601853126, -28.014715762932763, -4.099999899999853
-13.734322833981174, -29.689860862944702, -4.099999899999853
-10.446512877872175, -30.99645245293697, -4.099999899999853
-7.030906426353857, -31.91900427929801, -4.099999899999853
-3.5341253249285893, -32.45863939318488, -4.099999899999853
0.0, -32.63286395405765, -4.099999899999853
0.0, -32.63286395405765, -4.099999899999853
3.534125324928589, -32.45863939318487, -4.099999899999853
7.030906417130541, -31.91900423404424, -4.099999899999853
10.44651287776071, -30.99645245125488, -4.099999899999853
13.73432283209011, -29.689860850406085, -4.099999899999853
16.850596008951342, -28.01471573947642, -4.099999899999853
19.760434147447903, -26.00197287127467, -4.099999899999853
22.441663579639208, -23.69308148593971, -4.099999899999853
24.88168844432543, -21.130456215997913, -4.099999899999853
27.048197132886806, -18.333073429206102, -4.099999899999853
28.896669167057652, -15.31631251267334, -4.099999899999853
30.390663610124644, -12.10929833583834, -4.099999899999853
31.50600893270768, -8.751754088941007, -4.099999899999853
32.23594139412022, -5.2897950760167785, -4.099999899999853
32.58987936694061, -1.7692455362580652, -4.099999899999853
32.589879366798755, 1.7692455391552289, -4.099999899999853
32.235941371117974, 5.289795075881997, -4.099999899999853
31.50600894546192, 8.751754095892016, -4.099999899999853
30.390663618315696, 12.109298342465136, -4.099999899999853
28.896669169979255, 15.3163125179097, -4.099999899999853
27.048197091994492, 18.333073404489518, -4.099999899999853
24.881688442431983, 21.1304562181953, -4.099999899999853
22.441663577539153, 23.69308148794056, -4.099999899999853
19.76043414500556, 26.00197287285856, -4.099999899999853
16.850596018531302, 28.014715762932887, -4.099999899999853
13.734322833981222, 29.689860862944865, -4.099999899999853
10.446512877872157, 30.996452452936968, -4.099999899999853
7.0309064263538374, 31.919004279298, -4.099999899999853
3.5341253249285716, 32.458639393184875, -4.099999899999853
-4.440892098500626e-16, 32.63286395405765, -4.099999899999853
4.618527782440651e-14, 31.478163415678377, -6.099999899999853
-3.407289432346551, 31.305004469519393, -6.099999899999853
-6.7773579333783305, 30.774805027060662, -6.099999899999853
-10.068745062614548, 29.877867206241863, -6.099999899999853
-13.23858377710203, 28.617124892739877, -6.099999899999853
-16.246321409339448, 27.00742872791636, -6.099999899999853
-19.05768969537967, 25.07496235992972, -6.099999899999853
-21.647561576848304, 22.85417675210362, -6.099999899999853
-23.998211436136014, 20.38146634464077, -6.099999899999853
-26.079605651407842, 17.678402455221633, -6.099999899999853
-27.85443063987471, 14.765010327447632, -6.099999899999853
-29.29239750118747, 11.671523860736398, -6.099999899999853
-30.372237106483457, 8.435562379186356, -6.099999899999853
-31.085425046981694, 5.0994904196011825, -6.099999899999853
-31.43524250851255, 1.7058685575165724, -6.099999899999853
-31.435242508374735, -1.7058685602409718, -6.099999899999853
-31.08542502858648, -5.099490419890448, -6.099999899999853
-30.37223711863753, -8.43556238580909, -6.099999899999853
-29.292397509235684, -11.671523867115027, -6.099999899999853
-27.854430642791478, -14.76501033246412, -6.099999899999853
-26.079605615925978, -17.67840243412444, -6.099999899999853
-23.99821143435979, -20.381466346711132, -6.099999899999853
-21.64756157487154, -22.85417675398347, -6.099999899999853
-19.05768969287565, -25.074962361149844, -6.099999899999853
-16.246321414636697, -27.00742874377635, -6.099999899999853
-13.2385837790631, -28.61712490498216, -6.099999899999853
-10.068745063074266, -29.87786720890177, -6.099999899999853
-6.777357941385402, -30.774805065825273, -6.099999899999853
-3.4072894323465825, -31.30500446951939, -6.099999899999853
0.0, -31.478163415678377, -6.099999899999853
4.440892098500626e-16, -31.478163415678377, -6.099999899999853
3.407289432346599, -31.30500446951938, -6.099999899999853
6.777357933378372, -30.774805027060605, -6.099999899999853
10.068745062614576, -29.877867206241767, -6.099999899999853
13.238583777102056, -28.61712489273978, -6.099999899999853
16.246321409339462, -27.007428727916242, -6.099999899999853
19.057689695379672, -25.07496235992959, -6.099999899999853
21.647561576848297, -22.854176752103477, -6.099999899999853
23.998211436136014, -20.381466344640632, -6.099999899999853
26.079605651407856, -17.67840245522151, -6.099999899999853
27.854430639874742, -14.765010327447525, -6.099999899999853
29.29239750118752, -11.671523860736299, -6.099999899999853
30.372237106483546, -8.435562379186269, -6.099999899999853
31.08542504698179, -5.099490419601095, -6.099999899999853
31.435242508512676, -1.7058685575164882, -6.099999899999853
31.43524250837484, 1.7058685602410502, -6.099999899999853
31.08542502858658, 5.099490419890522, -6.099999899999853
30.372237118637607, 8.435562385809162, -6.099999899999853
29.292397509235727, 11.671523867115082, -6.099999899999853
27.854430642791485, 14.765010332464163, -6.099999899999853
26.079605615925974, 17.678402434124475, -6.099999899999853
23.99821143435979, 20.381466346711164, -6.099999899999853
21.647561574871553, 22.854176753983506, -6.099999899999853
19.057689692875663, 25.07496236114987, -6.099999899999853
16.24632141463676, 27.007428743776455, -6.099999899999853
13.23858377906317, 28.617124904982283, -6.099999899999853
10.068745063074276, 29.87786720890175, -6.099999899999853
6.777357941385415, 30.77480506582527, -6.099999899999853
3.407289432346599, 31.305004469519393, -6.099999899999853
-4.440892098500626e-16, 31.478163415678377, -6.099999899999853
4.263256414560601e-14, 30.323462877299107, -8.099999899999853
-3.2804462085891224, 30.15126345613999, -8.099999899999853
-6.523779362416067, 29.6304860645694, -8.099999899999853
-9.690963439522509, 28.759257058612107, -8.099999899999853
-12.742843400680593, 27.54437793549695, -8.099999899999853
-15.641998360624918, 26.000050966403933, -8.099999899999853
-18.35486560489713, 24.147851744421885, -8.099999899999853
-20.853449088306082, 22.015264282541928, -8.099999899999853
-23.114679609229178, 19.632423874109875, -8.099999899999853
-25.110900663769236, 17.02365632546801, -8.099999899999853
-26.812143930872743, 14.213689486340966, -8.099999899999853
-28.194130724920917, 11.233747828940206, -8.099999899999853
-29.2383922866672, 8.119344038486071, -8.099999899999853
-29.934772388316787, 4.909164227242685, -8.099999899999853
-30.28056356442978, 1.6424932474844087, -8.099999899999853
-30.28056356442978, -1.642493247484339, -8.099999899999853
-29.934772354748013, -4.9091642216079885, -8.099999899999853
-29.238392289999464, -8.11934404089155, -8.099999899999853
-28.194130712311363, -11.23374782565711, -8.099999899999853
-26.81214390156828, -14.213689471636444, -8.099999899999853
-25.11090069359986, -17.02365634544212, -8.099999899999853
-23.114679609229196, -19.6324238741098, -8.099999899999853
-20.853449088306085, -22.01526428254184, -8.099999899999853
-18.35486560489713, -24.1478517444218, -8.099999899999853
-15.641998342228712, -26.00005093787255, -8.099999899999853
-12.742843385163313, -27.544377904009664, -8.099999899999853
-9.690963439330325, -28.759257058809798, -8.099999899999853
-6.5237793660142795, -29.630486081618614, -8.099999899999853
-3.2804462085891353, -30.15126345613995, -8.099999899999853
0.0, -30.323462877299107, -8.099999899999853
0.0, -30.32346287729911, -8.099999899999853
3.2804462085891606, -30.151263456139933, -8.099999899999853
6.523779362416103, -29.630486064569336, -8.099999899999853
9.690963439522541, -28.75925705861204, -8.099999899999853
12.742843400680625, -27.544377935496883, -8.099999899999853
15.641998360624934, -26.000050966403833, -8.099999899999853
18.354865604897142, -24.14785174442177, -8.099999899999853
20.853449088306085, -22.0152642825418, -8.099999899999853
23.114679609229206, -19.632423874109772, -8.099999899999853
25.110900663769268, -17.02365632546791, -8.099999899999853
26.81214393087279, -14.213689486340877, -8.099999899999853
28.194130724921003, -11.233747828940137, -8.099999899999853
29.2383922866673, -8.119344038486005, -8.099999899999853
29.934772388316887, -4.90916422724262, -8.099999899999853
30.280563564429894, -1.642493247484342, -8.099999899999853
30.2805635644299, 1.642493247484405, -8.099999899999853
29.93477235474812, 4.90916422160805, -8.099999899999853
29.238392289999535, 8.119344040891601, -8.099999899999853
28.194130712311424, 11.233747825657167, -8.099999899999853
26.812143901568334, 14.213689471636503, -8.099999899999853
25.110900693599884, 17.02365634544217, -8.099999899999853
23.11467960922923, 19.63242387410985, -8.099999899999853
20.85344908830611, 22.015264282541878, -8.099999899999853
18.354865604897153, 24.147851744421835, -8.099999899999853
15.641998342228755, 26.000050937872615, -8.099999899999853
12.742843385163315, 27.544377904009654, -8.099999899999853
9.69096343933034, 28.75925705880981, -8.099999899999853
6.523779366014289, 29.630486081618614, -8.099999899999853
3.2804462085891437, 30.15126345613993, -8.099999899999853
-4.440892098500626e-16, 30.323462877299104, -8.099999899999853
3.907985046680551e-14, 29.16876233891985, -10.099999899999853
-3.153594029899092, 28.997401911683585, -10.099999899999853
-6.27016666452936, 28.486034283069756, -10.099999899999853
-9.313166503290391, 27.64061970702197, -10.099999899999853
-12.247101678548923, 26.471618898847836, -10.099999899999853
-15.03762229753168, 24.992572598674442, -10.099999899999853
-17.651952207291544, 23.220627643723912, -10.099999899999853
-20.05932448412811, 21.17634271794201, -10.099999899999853
-22.23108474071614, 18.88332152699827, -10.099999899999853
-24.14206861540747, 16.36882703910566, -10.099999899999853
-25.76980408053355, 13.662348396785228, -10.099999899999853
-27.095863225655748, 10.795970061206516, -10.099999899999853
-28.10446721004374, 7.8030959211743935, -10.099999899999853
-28.783966895316876, 4.7188130466336276, -10.099999899999853
-29.125836079749035, 1.5791195914787952, -10.099999899999853
-29.125836079749043, -1.5791195914787075, -10.099999899999853
-28.783966895316887, -4.718813046633542, -10.099999899999853
-28.104467210043776, -7.803095921174317, -10.099999899999853
-27.09586322565581, -10.795970061206445, -10.099999899999853
-25.769804080533607, -13.662348396785164, -10.099999899999853
-24.142068615407513, -16.368827039105586, -10.099999899999853
-22.231084740716177, -18.883321526998195, -10.099999899999853
-20.059324484128148, -21.176342717941925, -10.099999899999853
-17.651952207291572, -23.220627643723827, -10.099999899999853
-15.03762229753171, -24.99257259867435, -10.099999899999853
-12.247101678548958, -26.47161889884776, -10.099999899999853
-9.31316650329043, -27.64061970702189, -10.099999899999853
-6.270166664529401, -28.48603428306969, -10.099999899999853
-3.1535940298991414, -28.997401911683568, -10.099999899999853
0.0, -29.16876233891985, -10.099999899999853
0.0, -29.16876233891985, -10.099999899999853
3.1535940298991316, -28.997401911683564, -10.099999899999853
6.270166664529393, -28.486034283069685, -10.099999899999853
9.313166503290429, -27.6406197070219, -10.099999899999853
12.247101678548962, -26.471618898847765, -10.099999899999853
15.037622297531705, -24.99257259867435, -10.099999899999853
17.65195220729157, -23.220627643723816, -10.099999899999853
20.05932448412814, -21.17634271794192, -10.099999899999853
22.23108474071618, -18.883321526998188, -10.099999899999853
24.142068615407524, -16.368827039105582, -10.099999899999853
25.769804080533625, -13.662348396785163, -10.099999899999853
27.095863225655833, -10.795970061206452, -10.099999899999853
28.10446721004383, -7.80309592117433, -10.099999899999853
28.783966895316958, -4.718813046633558, -10.099999899999853
29.125836079749128, -1.579119591478724, -10.099999899999853
29.125836079749124, 1.5791195914787846, -10.099999899999853
28.783966895316972, 4.718813046633619, -10.099999899999853
28.104467210043843, 7.80309592117439, -10.099999899999853
27.095863225655854, 10.79597006120651, -10.099999899999853
25.769804080533646, 13.662348396785223, -10.099999899999853
24.142068615407542, 16.368827039105643, -10.099999899999853
22.231084740716206, 18.88332152699826, -10.099999899999853
20.059324484128165, 21.17634271794199, -10.099999899999853
17.65195220729159, 23.22062764372388, -10.099999899999853
15.037622297531717, 24.99257259867441, -10.099999899999853
12.247101678548956, 26.471618898847794, -10.099999899999853
9.313166503290422, 27.640619707021912, -10.099999899999853
6.270166664529386, 28.486034283069696, -10.099999899999853
3.15359402989913, 28.997401911683582, -10.099999899999853
-4.440892098500626e-16, 29.16876233891985, -10.099999899999853
3.907985046680551e-14, 28.014061800540592, -12.099999899999853
-3.0267308480901916, 27.84340269728331, -12.099999899999853
-6.016515087076591, 27.341434770954294, -12.099999899999853
-8.935352508279875, 26.521952538141623, -12.099999899999853
-11.751358604092626, 25.39884657369504, -12.099999899999853
-14.433188068798911, 23.984982281393957, -12.099999899999853
-16.948938235509935, 22.293274236037217, -12.099999899999853
-19.265185862268602, 20.33741047145184, -12.099999899999853
-21.34741688205746, 18.134150627072472, -12.099999899999853
-23.173093671755726, 15.713905419856257, -12.099999899999853
-24.72740568660978, 13.110985436631637, -12.099999899999853
-25.997594964396967, 10.358190359222313, -12.099999899999853
-26.970453681402137, 7.486814389583206, -12.099999899999853
-27.6329894062487, 4.528432724911181, -12.099999899999853
-27.971052253347317, 1.5157475228027042, -12.099999899999853
-27.971052236185667, -1.5157475234869346, -12.099999899999853
-27.63298938242399, -4.528432720914987, -12.099999899999853
-26.970453661407763, -7.486814386033149, -12.099999899999853
-25.997594964454407, -10.358190359078414, -12.099999899999853
-24.72740565358102, -13.110985420316636, -12.099999899999853
-23.173093669174023, -15.713905418218443, -12.099999899999853
-21.347416882057534, -18.134150627072394, -12.099999899999853
-19.2651858509242, -20.337410459733814, -12.099999899999853
-16.94893823615408, -22.293274237032488, -12.099999899999853
-14.433188063898298, -23.984982273077406, -12.099999899999853
-11.751358603847954, -25.39884657380788, -12.099999899999853
-8.935352507842268, -26.521952537705857, -12.099999899999853
-6.016515090003416, -27.3414347835587, -12.099999899999853
-3.026730845374516, -27.843402677120242, -12.099999899999853
0.0, -28.014061800540592, -12.099999899999853
4.440892098500626e-16, -28.014061800540592, -12.099999899999853
3.0267308480756907, -27.843402697284933, -12.099999899999853
6.0165150870480595, -27.341434770960607, -12.099999899999853
8.935352508238331, -26.521952538155652, -12.099999899999853
11.751358604039513, -25.398846573719506, -12.099999899999853
14.433188068736115, -23.98498228143139, -12.099999899999853
16.94893823543986, -22.293274236090017, -12.099999899999853
19.265185862194187, -20.337410471522137, -12.099999899999853
21.347416881981996, -18.13415062716188, -12.099999899999853
23.1730936716823, -15.7139054199655, -12.099999899999853
24.727405686541616, -13.110985436761043, -12.099999899999853
25.997594964337413, -10.358190359371786, -12.099999899999853
26.97045366714384, -7.486814386316523, -12.099999899999853
27.632989382546132, -4.528432721128168, -12.099999899999853
27.971052236174135, -1.5157475236915103, -12.099999899999853
27.97105223695093, 1.515747522391226, -12.099999899999853
27.632989390326706, 4.528432722398598, -12.099999899999853
26.97045368110596, 7.486814389526331, -12.099999899999853
25.997594964394807, 10.358190359227995, -12.099999899999853
24.727405653512793, 13.110985420446154, -12.099999899999853
23.173093669100577, 15.71390541832782, -12.099999899999853
21.347416881982046, 18.13415062716193, -12.099999899999853
19.26518585084976, 20.337410459804236, -12.099999899999853
16.94893823608398, 22.293274237085402, -12.099999899999853
14.433188063835416, 23.984982273114873, -12.099999899999853
11.751358603794797, 25.398846573832444, -12.099999899999853
8.935352507800678, 26.521952537719972, -12.099999899999853
6.016515089974844, 27.341434783565123, -12.099999899999853
3.0267308453599497, 27.843402677121865, -12.099999899999853
-4.440892098500626e-16, 28.014061800540592, -12.099999899999853
3.552713678800501e-14, 26.859361262161343, -14.099999899999853
-2.899854064813485, 26.689245381192407, -14.099999899999853
-5.762818987420576, 26.196670303827283, -14.099999899999853
-8.557519458235465, 25.40325266409001, -14.099999899999853
-11.255614183480864, 24.326059558909282, -14.099999899999853
-13.82868991324917, 22.977266997898713, -14.099999899999853
-16.245810475502992, 21.365772642724725, -14.099999899999853
-18.471030657856073, 19.498465312387857, -14.099999899999853
-20.46366390808355, 17.384900743350144, -14.099999899999853
-22.203957357382183, 15.058880965072177, -14.099999899999853
-23.684942251964163, 12.559598654949266, -14.099999899999853
-24.899325869544093, 9.92040848063508, -14.099999899999853
-25.836342315322188, 7.170495182398418, -14.099999899999853
-26.481817303172935, 4.33801817305178, -14.099999899999853
-26.816202440826586, 1.4523768937467845, -14.099999899999853
-26.816202438738166, -1.4523768939690136, -14.099999899999853
-26.481817323727046, -4.33801817705989, -14.099999899999853
-25.836342306689755, -7.170495179560397, -14.099999899999853
-24.89932586974586, -9.920408480129828, -14.099999899999853
-23.684942275217683, -12.55959866745845, -14.099999899999853
-22.203957335455968, -15.058880951187016, -14.099999899999853
-20.463663906204214, -17.384900742244913, -14.099999899999853
-18.47103065767008, -19.49846531264324, -14.099999899999853
-16.245810476914485, -21.365772645086395, -14.099999899999853
-13.828689928936031, -22.977267024387906, -14.099999899999853
-11.255614188506, -24.326059568609317, -14.099999899999853
-8.557519450781879, -25.40325264251114, -14.099999899999853
-5.762818993587687, -26.196670331519496, -14.099999899999853
-2.899854066869005, -26.689245399986994, -14.099999899999853
0.0, -26.859361262161343, -14.099999899999853
4.440892098500626e-16, -26.859361262161343, -14.099999899999853
2.8998540648141793, -26.68924538119228, -14.099999899999853
5.762818987421898, -26.19667030382692, -14.099999899999853
8.55751945823738, -25.403252664089308, -14.099999899999853
11.255614183483313, -24.32605955890812, -14.099999899999853
13.828689913252063, -22.97726699789697, -14.099999899999853
16.245810475506378, -21.365772642722483, -14.099999899999853
18.471030657859508, -19.498465312384614, -14.099999899999853
20.46366390808704, -17.384900743346034, -14.099999899999853
22.203957357385566, -15.058880965067155, -14.099999899999853
23.684942251967303, -12.559598654943327, -14.099999899999853
24.899325869546875, -9.920408480628245, -14.099999899999853
25.836342358697916, -7.170495193986211, -14.099999899999853
26.48181732293189, -4.33801817692887, -14.099999899999853
26.81620243873758, -1.452376893978972, -14.099999899999853
26.816202440179264, 1.4523768932896677, -14.099999899999853
26.481817323419822, 4.3380181767862105, -14.099999899999853
25.83634231405974, 7.1704951815721865, -14.099999899999853
24.89932586974857, 9.920408480123074, -14.099999899999853
23.68494227522078, 12.559598667452605, -14.099999899999853
22.203957335459346, 15.05888095118211, -14.099999899999853
20.463663906207646, 17.384900742240877, -14.099999899999853
18.47103065767348, 19.498465312640086, -14.099999899999853
16.245810476917697, 21.365772645084043, -14.099999899999853
13.828689928938896, 22.977267024386244, -14.099999899999853
11.255614188508414, 24.326059568608233, -14.099999899999853
8.557519450783765, 25.40325264251053, -14.099999899999853
5.762818993588984, 26.19667033151922, -14.099999899999853
2.8998540668696764, 26.68924539998701, -14.099999899999853
-4.440892098500626e-16, 26.859361262161343, -14.099999899999853
3.197442310920451e-14, 25.7046607237821, -16.09999989999985
-2.77296034348632, 25.534905349252103, -16.09999989999985
-5.509071635463862, 25.051721033306254, -16.09999989999985
-8.17966498769137, 24.284516715867316, -16.09999989999985
-10.759868464233993, 23.253256278991675, -16.09999989999985
-13.224121322219238, 21.96941165071798, -16.09999989999985
-15.542553475909381, 20.438100373786188, -16.09999989999985
-17.676855990193978, 18.65950474869851, -16.09999989999985
-19.579811036444553, 16.635559363917857, -16.09999989999985
-21.234637984438187, 14.403741620643322, -16.09999989999985
-22.642406727700333, 12.008186109450195, -16.09999989999985
-23.801055903418195, 9.482624156207379, -16.09999989999985
-24.702122433612846, 6.854133308157921, -16.09999989999985
-25.33042424098545, 4.1475631946212115, -16.09999989999985
-25.66127489081194, 1.389007432140958, -16.09999989999985
-25.66127488896326, -1.3890074318848904, -16.09999989999985
-25.33042425602627, -4.147563197226964, -16.09999989999985
-24.702122433047972, -6.8541333080402165, -16.09999989999985
-23.801055902136536, -9.482624155472058, -16.09999989999985
-22.642406723754675, -12.00818610762004, -16.09999989999985
-21.234637953662457, -14.403741600672934, -16.09999989999985
-19.579811046577092, -16.635559372342904, -16.09999989999985
-17.67685599023964, -18.659504748655735, -16.09999989999985
-15.542553478303972, -20.438100376688098, -16.09999989999985
-13.224121315008139, -21.969411638407315, -16.09999989999985
-10.759868460771097, -23.253256271660028, -16.09999989999985
-8.179664985453275, -24.28451670948547, -16.09999989999985
-5.509071639069951, -25.051721049967284, -16.09999989999985
-2.772960344955709, -25.534905363024325, -16.09999989999985
0.0, -25.7046607237821, -16.09999989999985
4.440892098500626e-16, -25.7046607237821, -16.09999989999985
2.7729603434863486, -25.534905349252067, -16.09999989999985
5.5090716354639, -25.05172103330626, -16.09999989999985
8.179664987691401, -24.28451671586729, -16.09999989999985
10.75986846423404, -23.253256278991685, -16.09999989999985
13.224121322219268, -21.969411650717955, -16.09999989999985
15.542553475909411, -20.438100373786163, -16.09999989999985
17.676855990194014, -18.65950474869849, -16.09999989999985
19.579811036444607, -16.635559363917853, -16.09999989999985
21.23463798443825, -14.403741620643322, -16.09999989999985
22.64240672770036, -12.008186109450174, -16.09999989999985
23.801055903418224, -9.482624156207361, -16.09999989999985
24.70212243361285, -6.854133308157895, -16.09999989999985
25.330424240985472, -4.147563194621186, -16.09999989999985
25.661274890811928, -1.3890074321409251, -16.09999989999985
25.66127488896326, 1.3890074318849266, -16.09999989999985
25.33042425602625, 4.1475631972270035, -16.09999989999985
24.702122433047954, 6.854133308040255, -16.09999989999985
23.801055902136497, 9.482624155472088, -16.09999989999985
22.642406723754657, 12.008186107620077, -16.09999989999985
21.234637953662375, 14.403741600672927, -16.09999989999985
19.57981104657708, 16.635559372342932, -16.09999989999985
17.676855990239616, 18.659504748655753, -16.09999989999985
15.542553478303947, 20.43810037668811, -16.09999989999985
13.224121315008158, 21.969411638407383, -16.09999989999985
10.75986846077111, 23.2532562716601, -16.09999989999985
8.179664985453268, 24.284516709485494, -16.09999989999985
5.509071639069937, 25.051721049967306, -16.09999989999985
2.7729603449556466, 25.534905363024038, -16.09999989999985
-8.881784197001252e-16, 25.7046607237821, -16.09999989999985
