4.440892098500626e-16, 37.960409094372984, -0.09999989999985255
4.106436882842422, 37.74429130102575, -0.09999989999985255
8.16628593513776, 37.09134323924332, -0.09999989999985255
12.130773645915005, 35.99997232666303, -0.09999989999985255
15.951098531500017, 34.479088068513136, -0.09999989999985255
19.580579071624904, 32.5464593354085, -0.09999989999985255
22.97714613067, 30.228731991291017, -0.09999989999985255
26.10537494408946, 27.55973839992145, -0.09999989999985255
28.93577040357707, 24.576694345925706, -0.09999989999985255
31.43384478780457, 21.310418701355506, -0.09999989999985255
33.5626910439114, 17.792417567713724, -0.09999989999985255
35.292405379552385, 14.06198654190784, -0.09999989999985255
36.60006891628585, 10.163509523256014, -0.09999989999985255
37.47277421262033, 6.145203534276519, -0.09999989999985255
37.90654653464505, 2.0560735265210894, -0.09999989999985255
37.90654653464504, -2.0560735265208203, -0.09999989999985255
37.472774219245316, -6.1452035353691885, -0.09999989999985255
36.60006891226289, -10.163509520401359, -0.09999989999985255
35.29240539437124, -14.061986545769724, -0.09999989999985255
33.562691078391886, -17.79241758501454, -0.09999989999985255
31.433844777551776, -21.310418694398297, -0.09999989999985255
28.935770403576953, -24.576694345925393, -0.09999989999985255
26.105374944089334, -27.559738399921134, -0.09999989999985255
22.977146130669894, -30.228731991290715, -0.09999989999985255
19.580579093370794, -32.54645936917685, -0.09999989999985255
15.951098549753466, -34.47908810556719, -0.09999989999985255
12.130773646117214, -35.99997232636967, -0.09999989999985255
8.166285930925781, -37.09134321932723, -0.09999989999985255
4.106436882842418, -37.74429130102569, -0.09999989999985255
-4.440892098500626e-15, -37.96040909437297, -0.09999989999985255
-7.105427357601002e-15, -37.96040909437297, -0.09999989999985255
-4.106436882842444, -37.74429130102571, -0.09999989999985255
-8.166285935137811, -37.09134323924331, -0.09999989999985255
-12.130773645915072, -35.99997232666301, -0.09999989999985255
-15.95109853150009, -34.4790880685131, -0.09999989999985255
-19.580579071625017, -32.54645933540848, -0.09999989999985255
-22.977146130670107, -30.22873199129095, -0.09999989999985255
-26.105374944089576, -27.559738399921383, -0.09999989999985255
-28.935770403577184, -24.576694345925606, -0.09999989999985255
-31.43384478780467, -21.310418701355374, -0.09999989999985255
-33.562691043911514, -17.79241756771358, -0.09999989999985255
-35.29240537955245, -14.061986541907649, -0.09999989999985255
-36.60006891628591, -10.163509523255794, -0.09999989999985255
-37.47277421262034, -6.145203534276262, -0.09999989999985255
-37.90654653464502, -2.0560735265208105, -0.09999989999985255
-37.906546534645024, 2.056073526521111, -0.09999989999985255
-37.472774219245295, 6.145203535369501, -0.09999989999985255
-36.600068912262955, 10.163509520401702, -0.09999989999985255
-35.292405394371386, 14.061986545770115, -0.09999989999985255
-33.56269107839213, 17.792417585014995, -0.09999989999985255
-31.433844777552075, 21.310418694398813, -0.09999989999985255
-28.93577040357729, 24.576694345925954, -0.09999989999985255
-26.10537494408964, 27.55973839992169, -0.09999989999985255
-22.977146130670153, 30.22873199129124, -0.09999989999985255
-19.58057909337098, 32.5464593691773, -0.09999989999985255
-15.951098549753567, 34.479088105567534, -0.09999989999985255
-12.130773646117259, 35.999972326369914, -0.09999989999985255
-8.166285930925786, 37.091343219327406, -0.09999989999985255
-4.106436882842385, 37.74429130102575, -0.09999989999985255
5.684341886080802e-14, 37.960409094372984, -0.09999989999985255
-8.881784197001252e-16, 35.33225555189509, -1.0999998999998526
3.8261907793351613, 35.14283067556359, -1.0999998999998526
7.611762360248058, 34.55705162151597, -1.0999998999998526
11.309382766690348, 33.557083222650355, -1.0999998999998526
14.86890490230944, 32.142349407702206, -1.0999998999998526
18.243229855311583, 30.32960490761743, -1.0999998999998526
21.39447264049634, 28.15178085224443, -1.0999998999998526
24.298037379392415, 25.652891067544157, -1.0999998999998526
26.939430566769076, 22.878169284971825, -1.0999998999998526
29.283838489846755, 19.84866095058862, -1.0999998999998526
31.283926634710756, 16.58182281029379, -1.0999998999998526
32.901007603063896, 13.109530620128103, -1.0999998999998526
34.10923719719213, 9.474685136501792, -1.0999998999998526
34.90097058108524, 5.726880714991919, -1.0999998999998526
35.285490651537195, 1.9154769347232978, -1.0999998999998526
35.28549065151758, -1.915476935121904, -1.0999998999998526
34.90097057550874, -5.726880715139394, -1.0999998999998526
34.10923718249839, -9.474685132378532, -1.0999998999998526
32.901007592820164, -13.109530616197212, -1.0999998999998526
31.283926629951754, -16.581822807766674, -1.0999998999998526
29.283838496422515, -19.84866095577514, -1.0999998999998526
26.93943056650848, -22.878169285274176, -1.0999998999998526
24.298037379103263, -25.652891067819347, -1.0999998999998526
21.394472639710568, -28.151780851882194, -1.0999998999998526
18.243229842618383, -30.329604885203516, -1.0999998999998526
14.868904897053953, -32.142349395575984, -1.0999998999998526
11.309382765392924, -33.55708321919038, -1.0999998999998526
7.6117623577675655, -34.55705160937647, -1.0999998999998526
3.826190779335138, -35.14283067556359, -1.0999998999998526
-8.881784197001252e-16, -35.33225555189509, -1.0999998999998526
0.0, -35.33225555189508, -1.0999998999998526
-3.826190779335113, -35.14283067556361, -1.0999998999998526
-7.611762360248032, -34.55705162151598, -1.0999998999998526
-11.30938276669033, -33.55708322265038, -1.0999998999998526
-14.868904902309419, -32.14234940770218, -1.0999998999998526
-18.243229855311615, -30.32960490761747, -1.0999998999998526
-21.39447264049638, -28.151780852244446, -1.0999998999998526
-24.298037379392472, -25.65289106754417, -1.0999998999998526
-26.939430566769133, -22.878169284971815, -1.0999998999998526
-29.283838489846804, -19.848660950588584, -1.0999998999998526
-31.283926634710824, -16.58182281029374, -1.0999998999998526
-32.901007603063945, -13.109530620128043, -1.0999998999998526
-34.109237197192165, -9.474685136501703, -1.0999998999998526
-34.90097058108524, -5.726880714991812, -1.0999998999998526
-35.28549065153721, -1.9154769347231713, -1.0999998999998526
-35.2854906515176, 1.9154769351220533, -1.0999998999998526
-34.90097057550878, 5.726880715139555, -1.0999998999998526
-34.10923718249843, 9.474685132378708, -1.0999998999998526
-32.901007592820264, 13.10953061619742, -1.0999998999998526
-31.283926629951907, 16.581822807766923, -1.0999998999998526
-29.28383849642269, 19.84866095577542, -1.0999998999998526
-26.939430566508662, 22.87816928527448, -1.0999998999998526
-24.29803737910343, 25.65289106781966, -1.0999998999998526
-21.39447263971071, 28.151780851882496, -1.0999998999998526
-18.243229842618472, 30.32960488520376, -1.0999998999998526
-14.868904897053994, 32.14234939557616, -1.0999998999998526
-11.309382765392945, 33.55708321919055, -1.0999998999998526
-7.611762357767545, 34.55705160937655, -1.0999998999998526
-3.8261907793350987, 35.142830675563594, -1.0999998999998526
4.973799150320701e-14, 35.332255551895095, -1.0999998999998526
4.973799150320701e-14, 34.07447953015791, -2.099999899999853
-3.6911066575276537, 33.89497693176903, -2.099999899999853
-7.343790338808497, 33.336142712711585, -2.099999899999853
-10.911908116561428, 32.37624707427281, -2.099999899999853
-14.345752584609222, 31.01212360652504, -2.099999899999853
-17.59884419770036, 29.259980693763136, -2.099999899999853
-20.63505884734091, 27.15396331192958, -2.099999899999853
-23.433067427640527, 24.740020833427046, -2.099999899999853
-25.982330789166475, 22.06453941296168, -2.099999899999853
-28.248595224746637, 19.14581326241037, -2.099999899999853
-30.182710218007433, 15.997424286447222, -2.099999899999853
-31.744241241547346, 12.64871660706543, -2.099999899999853
-32.906930859895354, 9.141503006375846, -2.099999899999853
-33.66472073660556, 5.524978642187417, -2.099999899999853
-34.030283648898745, 1.8477774671013565, -2.099999899999853
-34.030283648765824, -1.8477774698562142, -2.099999899999853
-33.664720745825775, -5.524978645684061, -2.099999899999853
-32.90693087345888, -9.141503013434825, -2.099999899999853
-31.744241249867073, -12.648716613645425, -2.099999899999853
-30.1827102215887, -15.997424291941208, -2.099999899999853
-28.24859522079132, -19.1458132628676, -2.099999899999853
-25.982330787363967, -22.06453941504928, -2.099999899999853
-23.433067425644314, -24.740020835330277, -2.099999899999853
-20.635058845392575, -27.15396331391717, -2.099999899999853
-17.59884421011296, -29.259980721830075, -2.099999899999853
-14.345752586758302, -31.012123619424287, -2.099999899999853
-10.91190811649624, -32.37624707539568, -2.099999899999853
-7.343790348412372, -33.33614276011605, -2.099999899999853
-3.691106657527698, -33.89497693176901, -2.099999899999853
0.0, -34.07447953015791, -2.099999899999853
0.0, -34.07447953015792, -2.099999899999853
3.691106657527695, -33.894976931769, -2.099999899999853
7.343790338808523, -33.336142712711506, -2.099999899999853
10.91190811656144, -32.37624707427271, -2.099999899999853
14.345752584609212, -31.012123606524906, -2.099999899999853
17.598844197700323, -29.259980693762973, -2.099999899999853
20.63505884734084, -27.153963311929378, -2.099999899999853
23.43306742764043, -24.74002083342683, -2.099999899999853
25.982330789166372, -22.064539412961473, -2.099999899999853
28.248595224746538, -19.145813262410172, -2.099999899999853
30.182710218007358, -15.997424286447046, -2.099999899999853
31.744241241547297, -12.64871660706527, -2.099999899999853
32.90693085989532, -9.141503006375693, -2.099999899999853
33.66472073660552, -5.5249786421872775, -2.099999899999853
34.03028364889872, -1.84777746710123, -2.099999899999853
34.030283648765796, 1.8477774698563252, -2.099999899999853
33.66472074582575, 5.524978645684165, -2.099999899999853
32.90693087345885, 9.14150301343492, -2.099999899999853
31.74424124986701, 12.648716613645501, -2.099999899999853
30.1827102215886, 15.99742429194125, -2.099999899999853
28.248595220791245, 19.145813262867637, -2.099999899999853
25.98233078736391, 22.06453941504932, -2.099999899999853
23.433067425644268, 24.740020835330313, -2.099999899999853
20.635058845392514, 27.153963313917174, -2.099999899999853
17.59884421011294, 29.259980721830132, -2.099999899999853
14.345752586758307, 31.012123619424376, -2.099999899999853
10.911908116496214, 32.37624707539566, -2.099999899999853
7.343790348412361, 33.33614276011605, -2.099999899999853
3.6911066575277034, 33.89497693176905, -2.099999899999853
-1.3322676295501878e-15, 34.07447953015792, -2.099999899999853
-1.3322676295501878e-15, 33.23823905040745, -3.099999899999853
3.600482265192375, 33.06303194066606, -3.099999899999853
7.163458585476488, 32.517701100068805, -3.099999899999853
10.643935377490802, 31.581207120458306, -3.099999899999853
13.993471981389174, 30.250552730290792, -3.099999899999853
17.16676646281992, 28.541546734743708, -3.099999899999853
20.128566686367716, 26.487412766593078, -3.099999899999853
22.85798358091622, 24.132850846053966, -3.099999899999853
25.34461836707033, 21.523013996770477, -3.099999899999853
27.555081056561274, 18.675816112422616, -3.099999899999853
29.44154829282789, 15.604618486592724, -3.099999899999853
30.96468683938015, 12.338094072100429, -3.099999899999853
32.09893023085788, 8.91701418615198, -3.099999899999853
32.83832284317224, 5.389318991131523, -3.099999899999853
33.19509663965649, 1.8024131818993392, -3.099999899999853
33.19509663978696, -1.8024131791967568, -3.099999899999853
32.83832283434481, -5.389318987725747, -3.099999899999853
32.09893021764315, -8.91701417925449, -3.099999899999853
30.96468683125281, -12.338094065662077, -3.099999899999853
29.441548289367628, -15.60461848123543, -3.099999899999853
27.555081060583923, -18.67581611207154, -3.099999899999853
25.34461836883839, -21.52301399472236, -3.099999899999853
22.85798358287443, -24.13285084418683, -3.099999899999853
20.12856668827303, -26.487412764635533, -3.099999899999853
17.166766450828018, -28.5415467075318, -3.099999899999853
13.993471979304731, -30.250552717699264, -3.099999899999853
10.643935377546553, -31.581207119334046, -3.099999899999853
7.1634585761017675, -32.5177010538081, -3.099999899999853
3.600482265192395, -33.06303194066608, -3.099999899999853
0.0, -33.23823905040745, -3.099999899999853
0.0, -33.23823905040744, -3.099999899999853
-3.6004822651924506, -33.063031940666086, -3.099999899999853
-7.163458585476564, -32.51770110006879, -3.099999899999853
-10.643935377490878, -31.581207120458295, -3.099999899999853
-13.99347198138926, -30.250552730290792, -3.099999899999853
-17.166766462820004, -28.541546734743715, -3.099999899999853
-20.128566686367776, -26.487412766593042, -3.099999899999853
-22.857983580916283, -24.13285084605392, -3.099999899999853
-25.344618367070392, -21.52301399677042, -3.099999899999853
-27.55508105656136, -18.675816112422563, -3.099999899999853
-29.441548292827946, -15.604618486592653, -3.099999899999853
-30.96468683938022, -12.33809407210036, -3.099999899999853
-32.09893023085791, -8.917014186151887, -3.099999899999853
-32.838322843172236, -5.389318991131419, -3.099999899999853
-33.19509663965647, -1.8024131818992377, -3.099999899999853
-33.19509663978696, 1.8024131791968558, -3.099999899999853
-32.838322834344815, 5.389318987725851, -3.099999899999853
-32.09893021764314, 8.917014179254593, -3.099999899999853
-30.964686831252827, 12.338094065662197, -3.099999899999853
-29.44154828936767, 15.604618481235574, -3.099999899999853
-27.555081060583976, 18.67581611207169, -3.099999899999853
-25.34461836883844, 21.523013994722515, -3.099999899999853
-22.857983582874468, 24.13285084418698, -3.099999899999853
-20.12856668827305, 26.487412764635675, -3.099999899999853
-17.166766450828028, 28.54154670753193, -3.099999899999853
-13.99347197930471, 30.250552717699343, -3.099999899999853
-10.643935377546534, 31.58120711933414, -3.099999899999853
-7.163458576101735, 32.517701053808175, -3.099999899999853
-3.600482265192354, 33.06303194066613, -3.099999899999853
4.973799150320701e-14, 33.23823905040744, -3.099999899999853
4.973799150320701e-14, 32.63286395405765, -4.099999899999853
-3.5341253249285463, 32.4586393931849, -4.099999899999853
-7.03090641713051, 31.91900423404432, -4.099999899999853
-10.446512877760673, 30.99645245125492, -4.099999899999853
-13.734322832090076, 29.689860850406134, -4.099999899999853
-16.850596008951342, 28.014715739476525, -4.099999899999853
-19.76043414744792, 26.001972871274795, -4.099999899999853
-22.441663579639222, 23.693081485939828, -4.099999899999853
-24.881688444325462, 21.13045621599804, -4.099999899999853
-27.048197132886834, 18.33307342920622, -4.099999899999853
-28.896669167057695, 15.316312512673461, -4.099999899999853
-30.390663610124633, 12.109298335838425, -4.099999899999853
-31.50600893270764, 8.751754088941082, -4.099999899999853
-32.235941394120175, 5.289795076016851, -4.099999899999853
-32.58987936694055, 1.769245536258133, -4.099999899999853
-32.589879366798705, -1.7692455391551698, -4.099999899999853
-32.235941371117924, -5.289795075881942, -4.099999899999853
-31.506008945461904, -8.75175409589197, -4.099999899999853
-30.390663618315685, -12.109298342465099, -4.099999899999853
-28.89666916997928, -15.316312517909687, -4.099999899999853
-27.04819709199451, -18.333073404489504, -4.099999899999853
-24.88168844243201, -21.13045621819529, -4.099999899999853
-22.441663577539185, -23.69308148794056, -4.099999899999853
-19.76043414500559, -26.00197287285855, -4.099999899999853
-16.85059601853126, -28.014715762932763, -4.099999899999853
-13.734322833981174, -29.689860862944702, -4.099999899999853
-10.446512877872175, -30.99645245293697, -4.099999899999853
-7.030906426353857, -31.91900427929801, -4.099999899999853
-3.5341253249285893, -32.45863939318488, -4.099999899999853
0.0, -32.63286395405765, -4.099999899999853
0.0, -32.63286395405765, -4.099999899999853
3.534125324928589, -32.45863939318487, -4.099999899999853
7.030906417130541, -31.91900423404424, -4.099999899999853
10.44651287776071, -30.99645245125488, -4.099999899999853
13.73432283209011, -29.689860850406085, -4.099999899999853
16.850596008951342, -28.01471573947642, -4.099999899999853
19.760434147447903, -26.00197287127467, -4.099999899999853
22.441663579639208, -23.69308148593971, -4.099999899999853
24.88168844432543, -21.130456215997913, -4.099999899999853
27.048197132886806, -18.333073429206102, -4.099999899999853
28.896669167057652, -15.31631251267334, -4.099999899999853
30.390663610124644, -12.10929833583834, -4.099999899999853
31.50600893270768, -8.751754088941007, -4.099999899999853
32.23594139412022, -5.2897950760167785, -4.099999899999853
32.58987936694061, -1.7692455362580652, -4.099999899999853
32.589879366798755, 1.7692455391552289, -4.099999899999853
32.235941371117974, 5.289795075881997, -4.099999899999853
31.50600894546192, 8.751754095892016, -4.099999899999853
30.390663618315696, 12.109298342465136, -4.099999899999853
28.896669169979255, 15.3163125179097, -4.099999899999853
27.048197091994492, 18.333073404489518, -4.099999899999853
24.881688442431983, 21.1304562181953, -4.099999899999853
22.441663577539153, 23.69308148794056, -4.099999899999853
19.76043414500556, 26.00197287285856, -4.099999899999853
16.850596018531302, 28.014715762932887, -4.099999899999853
13.734322833981222, 29.689860862944865, -4.099999899999853
10.446512877872157, 30.996452452936968, -4.099999899999853
7.0309064263538374, 31.919004279298, -4.099999899999853
3.5341253249285716, 32.458639393184875, -4.099999899999853
-4.440892098500626e-16, 32.63286395405765, -4.099999899999853
4.263256414560601e-14, 32.05551368486801, -5.099999899999853
-3.4707082071618625, 31.881834380324705, -5.099999899999853
-6.904135708767817, 31.346918853151497, -5.099999899999853
-10.257630609832312, 30.437162807878558, -5.099999899999853
-13.486453467726358, 29.153494184518863, -5.099999899999853
-16.548464499385435, 27.511083011572243, -5.099999899999853
-19.409071325417113, 25.53847937410116, -5.099999899999853
-22.044613799065846, 23.273630012399803, -5.099999899999853
-24.43995633392866, 20.75596744657644, -5.099999899999853
-26.56391480461706, 18.005746874045272, -5.099999899999853
-28.375555649777727, 15.040663664017313, -5.099999899999853
-29.84153063615137, 11.890411282907513, -5.099999899999853
-30.939131724598514, 8.593661384006731, -5.099999899999853
-31.660699319865728, 5.194645248363762, -5.099999899999853
-32.01256584009136, 1.7375568391352552, -5.099999899999853
-32.01256583994634, -1.7375568420500926, -5.099999899999853
-31.660699299232185, -5.194645248552892, -5.099999899999853
-30.939131737005685, -8.593661390887812, -5.099999899999853
-29.8415306443368, -11.890411289541726, -5.099999899999853
-28.37555565248925, -15.040663669145006, -5.099999899999853
-26.56391476643249, -18.005746851269485, -5.099999899999853
-24.439956332025883, -20.75596744878932, -5.099999899999853
-22.044613796951936, -23.273630014411964, -5.099999899999853
-19.409071322868172, -25.53847937557591, -5.099999899999853
-16.54846450662287, -27.51108303109554, -5.099999899999853
-13.486453469566937, -29.15349419696544, -5.099999899999853
-10.257630610132335, -30.43716281013203, -5.099999899999853
-6.904135717567901, -31.346918896045445, -5.099999899999853
-3.470708207161891, -31.881834380324694, -5.099999899999853
0.0, -32.05551368486801, -5.099999899999853
0.0, -32.05551368486801, -5.099999899999853
3.470708207161904, -31.88183438032469, -5.099999899999853
6.904135708767847, -31.346918853151426, -5.099999899999853
10.257630609832338, -30.43716280787849, -5.099999899999853
13.486453467726383, -29.1534941845188, -5.099999899999853
16.54846449938544, -27.511083011572143, -5.099999899999853
19.4090713254171, -25.538479374101044, -5.099999899999853
22.04461379906583, -23.273630012399675, -5.099999899999853
24.439956333928645, -20.755967446576314, -5.099999899999853
26.563914804617053, -18.00574687404515, -5.099999899999853
28.37555564977772, -15.040663664017194, -5.099999899999853
29.84153063615142, -11.890411282907426, -5.099999899999853
30.93913172459859, -8.593661384006655, -5.099999899999853
31.660699319865806, -5.19464524836369, -5.099999899999853
32.01256584009145, -1.7375568391351885, -5.099999899999853
32.01256583994642, 1.7375568420501528, -5.099999899999853
31.660699299232263, 5.1946452485529475, -5.099999899999853
30.939131737005784, 8.593661390887876, -5.099999899999853
29.84153064433683, 11.89041128954177, -5.099999899999853
28.375555652489258, 15.040663669145033, -5.099999899999853
26.56391476643249, 18.005746851269496, -5.099999899999853
24.439956332025886, 20.755967448789328, -5.099999899999853
22.044613796951946, 23.27363001441198, -5.099999899999853
19.409071322868193, 25.538479375575918, -5.099999899999853
16.54846450662294, 27.51108303109561, -5.099999899999853
13.486453469566984, 29.15349419696546, -5.099999899999853
10.25763061013237, 30.437162810132033, -5.099999899999853
6.904135717567943, 31.346918896045434, -5.099999899999853
3.470708207161938, 31.8818343803247, -5.099999899999853
-8.881784197001252e-16, 32.05551368486801, -5.099999899999853
4.618527782440651e-14, 31.478163415678377, -6.099999899999853
-3.407289432346551, 31.305004469519393, -6.099999899999853
-6.7773579333783305, 30.774805027060662, -6.099999899999853
-10.068745062614548, 29.877867206241863, -6.099999899999853
-13.23858377710203, 28.617124892739877, -6.099999899999853
-16.246321409339448, 27.00742872791636, -6.099999899999853
-19.05768969537967, 25.07496235992972, -6.099999899999853
-21.647561576848304, 22.85417675210362, -6.099999899999853
-23.998211436136014, 20.38146634464077, -6.099999899999853
-26.079605651407842, 17.678402455221633, -6.099999899999853
-27.85443063987471, 14.765010327447632, -6.099999899999853
-29.29239750118747, 11.671523860736398, -6.099999899999853
-30.372237106483457, 8.435562379186356, -6.099999899999853
-31.085425046981694, 5.0994904196011825, -6.099999899999853
-31.43524250851255, 1.7058685575165724, -6.099999899999853
-31.435242508374735, -1.7058685602409718, -6.099999899999853
-31.08542502858648, -5.099490419890448, -6.099999899999853
-30.37223711863753, -8.43556238580909, -6.099999899999853
-29.292397509235684, -11.671523867115027, -6.099999899999853
-27.854430642791478, -14.76501033246412, -6.099999899999853
-26.079605615925978, -17.67840243412444, -6.099999899999853
-23.99821143435979, -20.381466346711132, -6.099999899999853
-21.64756157487154, -22.85417675398347, -6.099999899999853
-19.05768969287565, -25.074962361149844, -6.099999899999853
-16.246321414636697, -27.00742874377635, -6.099999899999853
-13.2385837790631, -28.61712490498216, -6.099999899999853
-10.068745063074266, -29.87786720890177, -6.099999899999853
-6.777357941385402, -30.774805065825273, -6.099999899999853
-3.4072894323465825, -31.30500446951939, -6.099999899999853
0.0, -31.478163415678377, -6.099999899999853
4.440892098500626e-16, -31.478163415678377, -6.099999899999853
3.407289432346599, -31.30500446951938, -6.099999899999853
6.777357933378372, -30.774805027060605, -6.099999899999853
10.068745062614576, -29.877867206241767, -6.099999899999853
13.238583777102056, -28.61712489273978, -6.099999899999853
16.246321409339462, -27.007428727916242, -6.099999899999853
19.057689695379672, -25.07496235992959, -6.099999899999853
21.647561576848297, -22.854176752103477, -6.099999899999853
23.998211436136014, -20.381466344640632, -6.099999899999853
26.079605651407856, -17.67840245522151, -6.099999899999853
27.854430639874742, -14.765010327447525, -6.099999899999853
29.29239750118752, -11.671523860736299, -6.099999899999853
30.372237106483546, -8.435562379186269, -6.099999899999853
31.08542504698179, -5.099490419601095, -6.099999899999853
31.435242508512676, -1.7058685575164882, -6.099999899999853
31.43524250837484, 1.7058685602410502, -6.099999899999853
31.08542502858658, 5.099490419890522, -6.099999899999853
30.372237118637607, 8.435562385809162, -6.099999899999853
29.292397509235727, 11.671523867115082, -6.099999899999853
27.854430642791485, 14.765010332464163, -6.099999899999853
26.079605615925974, 17.678402434124475, -6.099999899999853
23.99821143435979, 20.381466346711164, -6.099999899999853
21.647561574871553, 22.854176753983506, -6.099999899999853
19.057689692875663, 25.07496236114987, -6.099999899999853
16.24632141463676, 27.007428743776455, -6.099999899999853
13.23858377906317, 28.617124904982283, -6.099999899999853
10.068745063074276, 29.87786720890175, -6.099999899999853
6.777357941385415, 30.77480506582527, -6.099999899999853
3.407289432346599, 31.305004469519393, -6.099999899999853
-4.440892098500626e-16, 31.478163415678377, -6.099999899999853
4.263256414560601e-14, 30.900813146488733, -7.099999899999853
-3.343868829577875, 30.72814807033995, -7.099999899999853
-6.650572644672533, 30.20266128577765, -7.099999899999853
-9.87985606567164, 29.318565382577336, -7.099999899999853
-12.990713755236639, 28.080752853236636, -7.099999899999853
-15.944166214348925, 26.5037517772823, -7.099999899999853
-18.70628817477032, 24.611420350611763, -7.099999899999853
-21.250506736148427, 22.434721562305953, -7.099999899999853
-23.556452854052367, 20.006952111878693, -7.099999899999853
-25.595268123481958, 17.35103924624126, -7.099999899999853
-27.33329363080365, 14.48935235055638, -7.099999899999853
-28.743264199297855, 11.452636049950561, -7.099999899999853
-29.805324252708658, 8.277456723565349, -7.099999899999853
-30.51011671821906, 5.004330214840181, -7.099999899999853
-30.857908672281667, 1.6741806944689972, -7.099999899999853
-30.85790867228167, -1.6741806944689228, -7.099999899999853
-30.51011673386907, -5.0043302168428925, -7.099999899999853
-29.80532426212192, -8.277456728340319, -7.099999899999853
-28.743264181288122, -11.452636045370154, -7.099999899999853
-27.33329358845205, -14.489352329203095, -7.099999899999853
-25.595268162603727, -17.35103927307509, -7.099999899999853
-23.556452854052374, -20.00695211187862, -7.099999899999853
-21.25050673614843, -22.434721562305885, -7.099999899999853
-18.70628817477032, -24.611420350611684, -7.099999899999853
-15.944166189533922, -26.503751739422434, -7.099999899999853
-12.990713732461188, -28.08075280717534, -7.099999899999853
-9.879856066224878, -29.318565385351746, -7.099999899999853
-6.650572651429218, -30.202661318258773, -7.099999899999853
-3.3438688295778776, -30.728148070339937, -7.099999899999853
0.0, -30.900813146488733, -7.099999899999853
4.440892098500626e-16, -30.900813146488737, -7.099999899999853
3.3438688295779144, -30.72814807033992, -7.099999899999853
6.650572644672566, -30.202661285777584, -7.099999899999853
9.879856065671675, -29.31856538257727, -7.099999899999853
12.990713755236678, -28.080752853236582, -7.099999899999853
15.944166214348936, -26.5037517772822, -7.099999899999853
18.70628817477032, -24.611420350611645, -7.099999899999853
21.250506736148427, -22.43472156230584, -7.099999899999853
23.55645285405238, -20.006952111878583, -7.099999899999853
25.595268123481976, -17.35103924624115, -7.099999899999853
27.333293630803677, -14.489352350556281, -7.099999899999853
28.743264199297933, -11.452636049950486, -7.099999899999853
29.80532425270875, -8.277456723565281, -7.099999899999853
30.51011671821916, -5.004330214840115, -7.099999899999853
30.857908672281777, -1.6741806944689355, -7.099999899999853
30.857908672281795, 1.6741806944689872, -7.099999899999853
30.510116733869182, 5.0043302168429475, -7.099999899999853
29.805324262122006, 8.277456728340375, -7.099999899999853
28.743264181288183, 11.4526360453702, -7.099999899999853
27.33329358845208, 14.489352329203124, -7.099999899999853
25.595268162603727, 17.351039273075102, -7.099999899999853
23.556452854052402, 20.006952111878636, -7.099999899999853
21.25050673614847, 22.43472156230591, -7.099999899999853
18.706288174770346, 24.6114203506117, -7.099999899999853
15.944166189533957, 26.50375173942245, -7.099999899999853
12.990713732461222, 28.080752807175358, -7.099999899999853
9.879856066224903, 29.31856538535174, -7.099999899999853
6.650572651429249, 30.20266131825877, -7.099999899999853
3.343868829577912, 30.728148070339927, -7.099999899999853
-4.440892098500626e-16, 30.900813146488737, -7.099999899999853
4.263256414560601e-14, 30.323462877299107, -8.099999899999853
-3.2804462085891224, 30.15126345613999, -8.099999899999853
-6.523779362416067, 29.6304860645694, -8.099999899999853
-9.690963439522509, 28.759257058612107, -8.099999899999853
-12.742843400680593, 27.54437793549695, -8.099999899999853
-15.641998360624918, 26.000050966403933, -8.099999899999853
-18.35486560489713, 24.147851744421885, -8.099999899999853
-20.853449088306082, 22.015264282541928, -8.099999899999853
-23.114679609229178, 19.632423874109875, -8.099999899999853
-25.110900663769236, 17.02365632546801, -8.099999899999853
-26.812143930872743, 14.213689486340966, -8.099999899999853
-28.194130724920917, 11.233747828940206, -8.099999899999853
-29.2383922866672, 8.119344038486071, -8.099999899999853
-29.934772388316787, 4.909164227242685, -8.099999899999853
-30.28056356442978, 1.6424932474844087, -8.099999899999853
-30.28056356442978, -1.642493247484339, -8.099999899999853
-29.934772354748013, -4.9091642216079885, -8.099999899999853
-29.238392289999464, -8.11934404089155, -8.099999899999853
-28.194130712311363, -11.23374782565711, -8.099999899999853
-26.81214390156828, -14.213689471636444, -8.099999899999853
-25.11090069359986, -17.02365634544212, -8.099999899999853
-23.114679609229196, -19.6324238741098, -8.099999899999853
-20.853449088306085, -22.01526428254184, -8.099999899999853
-18.35486560489713, -24.1478517444218, -8.099999899999853
-15.641998342228712, -26.00005093787255, -8.099999899999853
-12.742843385163313, -27.544377904009664, -8.099999899999853
-9.690963439330325, -28.759257058809798, -8.099999899999853
-6.5237793660142795, -29.630486081618614, -8.099999899999853
-3.2804462085891353, -30.15126345613995, -8.099999899999853
0.0, -30.323462877299107, -8.099999899999853
0.0, -30.32346287729911, -8.099999899999853
3.2804462085891606, -30.151263456139933, -8.099999899999853
6.523779362416103, -29.630486064569336, -8.099999899999853
9.690963439522541, -28.75925705861204, -8.099999899999853
12.742843400680625, -27.544377935496883, -8.099999899999853
15.641998360624934, -26.000050966403833, -8.099999899999853
18.354865604897142, -24.14785174442177, -8.099999899999853
20.853449088306085, -22.0152642825418, -8.099999899999853
23.114679609229206, -19.632423874109772, -8.099999899999853
25.110900663769268, -17.02365632546791, -8.099999899999853
26.81214393087279, -14.213689486340877, -8.099999899999853
28.194130724921003, -11.233747828940137, -8.099999899999853
29.2383922866673, -8.119344038486005, -8.099999899999853
29.934772388316887, -4.90916422724262, -8.099999899999853
30.280563564429894, -1.642493247484342, -8.099999899999853
30.2805635644299, 1.642493247484405, -8.099999899999853
29.93477235474812, 4.90916422160805, -8.099999899999853
29.238392289999535, 8.119344040891601, -8.099999899999853
28.194130712311424, 11.233747825657167, -8.099999899999853
26.812143901568334, 14.213689471636503, -8.099999899999853
25.110900693599884, 17.02365634544217, -8.099999899999853
23.11467960922923, 19.63242387410985, -8.099999899999853
20.85344908830611, 22.015264282541878, -8.099999899999853
18.354865604897153, 24.147851744421835, -8.099999899999853
15.641998342228755, 26.000050937872615, -8.099999899999853
12.742843385163315, 27.544377904009654, -8.099999899999853
9.69096343933034, 28.75925705880981, -8.099999899999853
6.523779366014289, 29.630486081618614, -8.099999899999853
3.2804462085891437, 30.15126345613993, -8.099999899999853
-4.440892098500626e-16, 30.323462877299104, -8.099999899999853
4.263256414560601e-14, 29.74611260810948, -9.099999899999853
-3.217021355429998, 29.574348753763868, -9.099999899999853
-6.396977558621869, 29.058277663969427, -9.099999899999853
-9.502066986620626, 28.199941933264927, -9.099999899999853
-12.494972706616617, 27.0079999945939, -9.099999899999853
-15.33981725708064, 25.496325019044615, -9.099999899999853
-18.003420727157913, 23.68425479780364, -9.099999899999853
-20.45638841733041, 21.595804734946245, -9.099999899999853
-22.672890615021593, 19.257880677005765, -9.099999899999853
-24.62650143451599, 16.69625260695109, -9.099999899999853
-26.290980972283364, 13.938021571802015, -9.099999899999853
-27.644997068129037, 11.014859173854965, -9.099999899999853
-28.671440267596985, 7.961223916389313, -9.099999899999853
-29.359389872285384, 4.813992000977781, -9.099999899999853
-29.703206339631183, 1.610806214902079, -9.099999899999853
-29.703206343822966, -1.6108062144536759, -9.099999899999853
-29.35938986139841, -4.813991998391299, -9.099999899999853
-28.671440277483697, -7.961223919697333, -9.099999899999853
-27.64499706389768, -11.014859172846581, -9.099999899999853
-26.29098096129427, -13.938021566168358, -9.099999899999853
-24.626501479122485, -16.696252637577633, -9.099999899999853
-22.6728906291302, -19.257880688465267, -9.099999899999853
-20.456388431157432, -21.59580474915142, -9.099999899999853
-18.00342074225055, -23.684254816799555, -9.099999899999853
-15.339817249628389, -25.496325007726306, -9.099999899999853
-12.4949727004324, -27.007999982068082, -9.099999899999853
-9.502066987907549, -28.199941937268495, -9.099999899999853
-6.396977550032183, -29.058277626754652, -9.099999899999853
-3.217021355554298, -29.574348754128174, -9.099999899999853
0.0, -29.746112608109474, -9.099999899999853
4.440892098500626e-16, -29.746112608109478, -9.099999899999853
3.217021355430043, -29.574348753763864, -9.099999899999853
6.39697755862191, -29.05827766396938, -9.099999899999853
9.502066986620655, -28.19994193326484, -9.099999899999853
12.494972706616656, -27.00799999459383, -9.099999899999853
15.339817257080666, -25.49632501904452, -9.099999899999853
18.003420727157945, -23.68425479780355, -9.099999899999853
20.456388417330423, -21.595804734946135, -9.099999899999853
22.672890615021608, -19.257880677005655, -9.099999899999853
24.62650143451603, -16.696252606951006, -9.099999899999853
26.290980972283432, -13.938021571801947, -9.099999899999853
27.644997068129125, -11.014859173854905, -9.099999899999853
28.671440267597077, -7.961223916389252, -9.099999899999853
29.35938987228548, -4.813992000977717, -9.099999899999853
29.7032063396313, -1.6108062149020161, -9.099999899999853
29.703206343823073, 1.6108062144537385, -9.099999899999853
29.35938986139853, 4.813991998391364, -9.099999899999853
28.671440277483764, 7.961223919697393, -9.099999899999853
27.644997063897748, 11.01485917284664, -9.099999899999853
26.290980961294316, 13.938021566168395, -9.099999899999853
24.62650147912255, 16.696252637577683, -9.099999899999853
22.67289062913023, 19.257880688465292, -9.099999899999853
20.45638843115749, 21.595804749151462, -9.099999899999853
18.00342074225059, 23.68425481679958, -9.099999899999853
15.339817249628455, 25.496325007726362, -9.099999899999853
12.494972700432418, 27.00799998206806, -9.099999899999853
9.502066987907586, 28.199941937268516, -9.099999899999853
6.3969775500322035, 29.058277626754613, -9.099999899999853
3.217021355554325, 29.574348754128174, -9.099999899999853
-8.881784197001252e-16, 29.74611260810948, -9.099999899999853
3.907985046680551e-14, 29.16876233891985, -10.099999899999853
-3.153594029899092, 28.997401911683585, -10.099999899999853
-6.27016666452936, 28.486034283069756, -10.099999899999853
-9.313166503290391, 27.64061970702197, -10.099999899999853
-12.247101678548923, 26.471618898847836, -10.099999899999853
-15.03762229753168, 24.992572598674442, -10.099999899999853
-17.651952207291544, 23.220627643723912, -10.099999899999853
-20.05932448412811, 21.17634271794201, -10.099999899999853
-22.23108474071614, 18.88332152699827, -10.099999899999853
-24.14206861540747, 16.36882703910566, -10.099999899999853
-25.76980408053355, 13.662348396785228, -10.099999899999853
-27.095863225655748, 10.795970061206516, -10.099999899999853
-28.10446721004374, 7.8030959211743935, -10.099999899999853
-28.783966895316876, 4.7188130466336276, -10.099999899999853
-29.125836079749035, 1.5791195914787952, -10.099999899999853
-29.125836079749043, -1.5791195914787075, -10.099999899999853
-28.783966895316887, -4.718813046633542, -10.099999899999853
-28.104467210043776, -7.803095921174317, -10.099999899999853
-27.09586322565581, -10.795970061206445, -10.099999899999853
-25.769804080533607, -13.662348396785164, -10.099999899999853
-24.142068615407513, -16.368827039105586, -10.099999899999853
-22.231084740716177, -18.883321526998195, -10.099999899999853
-20.059324484128148, -21.176342717941925, -10.099999899999853
-17.651952207291572, -23.220627643723827, -10.099999899999853
-15.03762229753171, -24.99257259867435, -10.099999899999853
-12.247101678548958, -26.47161889884776, -10.099999899999853
-9.31316650329043, -27.64061970702189, -10.099999899999853
-6.270166664529401, -28.48603428306969, -10.099999899999853
-3.1535940298991414, -28.997401911683568, -10.099999899999853
0.0, -29.16876233891985, -10.099999899999853
0.0, -29.16876233891985, -10.099999899999853
3.1535940298991316, -28.997401911683564, -10.099999899999853
6.270166664529393, -28.486034283069685, -10.099999899999853
9.313166503290429, -27.6406197070219, -10.099999899999853
12.247101678548962, -26.471618898847765, -10.099999899999853
15.037622297531705, -24.99257259867435, -10.099999899999853
17.65195220729157, -23.220627643723816, -10.099999899999853
20.05932448412814, -21.17634271794192, -10.099999899999853
22.23108474071618, -18.883321526998188, -10.099999899999853
24.142068615407524, -16.368827039105582, -10.099999899999853
25.769804080533625, -13.662348396785163, -10.099999899999853
27.095863225655833, -10.795970061206452, -10.099999899999853
28.10446721004383, -7.80309592117433, -10.099999899999853
28.783966895316958, -4.718813046633558, -10.099999899999853
29.125836079749128, -1.579119591478724, -10.099999899999853
29.125836079749124, 1.5791195914787846, -10.099999899999853
28.783966895316972, 4.718813046633619, -10.099999899999853
28.104467210043843, 7.80309592117439, -10.099999899999853
27.095863225655854, 10.79597006120651, -10.099999899999853
25.769804080533646, 13.662348396785223, -10.099999899999853
24.142068615407542, 16.368827039105643, -10.099999899999853
22.231084740716206, 18.88332152699826, -10.099999899999853
20.059324484128165, 21.17634271794199, -10.099999899999853
17.65195220729159, 23.22062764372388, -10.099999899999853
15.037622297531717, 24.99257259867441, -10.099999899999853
12.247101678548956, 26.471618898847794, -10.099999899999853
9.313166503290422, 27.640619707021912, -10.099999899999853
6.270166664529386, 28.486034283069696, -10.099999899999853
3.15359402989913, 28.997401911683582, -10.099999899999853
-4.440892098500626e-16, 29.16876233891985, -10.099999899999853
3.907985046680551e-14, 28.591412069730215, -11.099999899999853
-3.0901639625890835, 28.42042070753402, -11.099999899999853
-6.143346066541252, 27.913754012790594, -11.099999899999853
-9.124261755920378, 27.081290019754665, -11.099999899999853
-11.999230312536081, 25.935234483151756, -11.099999899999853
-14.735412803625156, 24.48879221124677, -11.099999899999853
-17.300458566204757, 22.756968199819152, -11.099999899999853
-19.66225707886871, 20.75687806260175, -11.099999899999853
-21.789260626011714, 18.508745243668336, -11.099999899999853
-23.65760007053446, 16.041378378436534, -11.099999899999853
-25.2486126224271, 13.386669786127866, -11.099999899999853
-26.5467291968969, 10.57708046645562, -11.099999899999853
-27.537472063085215, 7.644959583024578, -11.099999899999853
-28.20850098979384, 4.623626824224959, -11.099999899999853
-28.548451763518045, 1.5474333648744134, -11.099999899999853
-28.548451763326586, -1.5474333665892492, -11.099999899999853
-28.208500977210466, -4.62362682301315, -11.099999899999853
-27.537472085598502, -7.644959592852561, -11.099999899999853
-26.54672919651469, -10.577080467414556, -11.099999899999853
-25.248612566046113, -13.386669758567432, -11.099999899999853
-23.65760008261759, -16.041378387940348, -11.099999899999853
-21.789260597507962, -18.50874522078677, -11.099999899999853
-19.66225704272329, -20.756878025512695, -11.099999899999853
-17.300458557816405, -22.75696818929357, -11.099999899999853
-14.735412763049688, -24.48879214907576, -11.099999899999853
-11.999230311598938, -25.935234483584704, -11.099999899999853
-9.124261753985365, -27.08129001726767, -11.099999899999853
-6.143346068348589, -27.913754026172157, -11.099999899999853
-3.09016396074589, -28.42042069296805, -11.099999899999853
0.0, -28.591412069730215, -11.099999899999853
4.440892098500626e-16, -28.591412069730215, -11.099999899999853
3.0901639625103363, -28.420420707542714, -11.099999899999853
6.143346066386527, -27.913754012824935, -11.099999899999853
9.124261755695127, -27.08129001983074, -11.099999899999853
11.999230312248287, -25.93523448328469, -11.099999899999853
14.735412779326689, -24.488792172287425, -11.099999899999853
17.300458558059017, -22.756968189135936, -11.099999899999853
19.662257042876856, -20.75687802536743, -11.099999899999853
21.78926060301735, -18.508745224524557, -11.099999899999853
23.657600093010874, -16.041378394002486, -11.099999899999853
25.248612607665656, -13.386669778618128, -11.099999899999853
26.546729196857836, -10.57708046655376, -11.099999899999853
27.5374720631493, -7.644959584205846, -11.099999899999853
28.20850099976262, -4.623626826181784, -11.099999899999853
28.548451763350055, -1.5474333661671622, -11.099999899999853
28.54845175258191, 1.5474333651161347, -11.099999899999853
28.208500969608277, 4.623626821617554, -11.099999899999853
27.53747207325276, 7.644959588875405, -11.099999899999853
26.54672919647561, 10.577080467512765, -11.099999899999853
25.248612590542674, 13.386669771041014, -11.099999899999853
23.65760009926981, 16.04137839897968, -11.099999899999853
21.78926062560204, 18.50874524415228, -11.099999899999853
19.6622570704386, 20.756878054698515, -11.099999899999853
17.300458563121605, 22.756968196594684, -11.099999899999853
14.735412769147725, 24.488792158601306, -11.099999899999853
11.999230311311168, 25.935234483717693, -11.099999899999853
9.124261753760136, 27.081290017343797, -11.099999899999853
6.143346068193879, 27.91375402620651, -11.099999899999853
3.090163960667157, 28.420420692976784, -11.099999899999853
-4.440892098500626e-16, 28.591412069730215, -11.099999899999853
3.907985046680551e-14, 28.014061800540592, -12.099999899999853
-3.0267308480901916, 27.84340269728331, -12.099999899999853
-6.016515087076591, 27.341434770954294, -12.099999899999853
-8.935352508279875, 26.521952538141623, -12.099999899999853
-11.751358604092626, 25.39884657369504, -12.099999899999853
-14.433188068798911, 23.984982281393957, -12.099999899999853
-16.948938235509935, 22.293274236037217, -12.099999899999853
-19.265185862268602, 20.33741047145184, -12.099999899999853
-21.34741688205746, 18.134150627072472, -12.099999899999853
-23.173093671755726, 15.713905419856257, -12.099999899999853
-24.72740568660978, 13.110985436631637, -12.099999899999853
-25.997594964396967, 10.358190359222313, -12.099999899999853
-26.970453681402137, 7.486814389583206, -12.099999899999853
-27.6329894062487, 4.528432724911181, -12.099999899999853
-27.971052253347317, 1.5157475228027042, -12.099999899999853
-27.971052236185667, -1.5157475234869346, -12.099999899999853
-27.63298938242399, -4.528432720914987, -12.099999899999853
-26.970453661407763, -7.486814386033149, -12.099999899999853
-25.997594964454407, -10.358190359078414, -12.099999899999853
-24.72740565358102, -13.110985420316636, -12.099999899999853
-23.173093669174023, -15.713905418218443, -12.099999899999853
-21.347416882057534, -18.134150627072394, -12.099999899999853
-19.2651858509242, -20.337410459733814, -12.099999899999853
-16.94893823615408, -22.293274237032488, -12.099999899999853
-14.433188063898298, -23.984982273077406, -12.099999899999853
-11.751358603847954, -25.39884657380788, -12.099999899999853
-8.935352507842268, -26.521952537705857, -12.099999899999853
-6.016515090003416, -27.3414347835587, -12.099999899999853
-3.026730845374516, -27.843402677120242, -12.099999899999853
0.0, -28.014061800540592, -12.099999899999853
4.440892098500626e-16, -28.014061800540592, -12.099999899999853
3.0267308480756907, -27.843402697284933, -12.099999899999853
6.0165150870480595, -27.341434770960607, -12.099999899999853
8.935352508238331, -26.521952538155652, -12.099999899999853
11.751358604039513, -25.398846573719506, -12.099999899999853
14.433188068736115, -23.98498228143139, -12.099999899999853
16.94893823543986, -22.293274236090017, -12.099999899999853
19.265185862194187, -20.337410471522137, -12.099999899999853
21.347416881981996, -18.13415062716188, -12.099999899999853
23.1730936716823, -15.7139054199655, -12.099999899999853
24.727405686541616, -13.110985436761043, -12.099999899999853
25.997594964337413, -10.358190359371786, -12.099999899999853
26.97045366714384, -7.486814386316523, -12.099999899999853
27.632989382546132, -4.528432721128168, -12.099999899999853
27.971052236174135, -1.5157475236915103, -12.099999899999853
27.97105223695093, 1.515747522391226, -12.099999899999853
27.632989390326706, 4.528432722398598, -12.099999899999853
26.97045368110596, 7.486814389526331, -12.099999899999853
25.997594964394807, 10.358190359227995, -12.099999899999853
24.727405653512793, 13.110985420446154, -12.099999899999853
23.173093669100577, 15.71390541832782, -12.099999899999853
21.347416881982046, 18.13415062716193, -12.099999899999853
19.26518585084976, 20.337410459804236, -12.099999899999853
16.94893823608398, 22.293274237085402, -12.099999899999853
14.433188063835416, 23.984982273114873, -12.099999899999853
11.751358603794797, 25.398846573832444, -12.099999899999853
8.935352507800678, 26.521952537719972, -12.099999899999853
6.016515089974844, 27.341434783565123, -12.099999899999853
3.0267308453599497, 27.843402677121865, -12.099999899999853
-4.440892098500626e-16, 28.014061800540592, -12.099999899999853
3.552713678800501e-14, 27.436711531350966, -13.099999899999853
-2.9632943438739865, 27.266345219964077, -13.099999899999853
-5.889672996608115, 26.769074342651013, -13.099999899999853
-8.746438504700812, 25.962606895080544, -13.099999899999853
-11.503486559372174, 24.862454997511435, -13.099999899999853
-14.130947372579264, 23.48114115746109, -13.099999899999853
-16.597389476414637, 21.82954326008423, -13.099999899999853
-18.86811045244566, 19.917939600234785, -13.099999899999853
-20.905551823790045, 17.759536233137037, -13.099999899999853
-22.688546951086252, 15.386406758043117, -13.099999899999853
-24.206182497134172, 12.835295133042552, -13.099999899999853
-25.448460543911356, 10.13929971738776, -13.099999899999853
-26.403410864487427, 7.328659790267361, -13.099999899999853
-27.05742922218999, 4.433230085321754, -13.099999899999853
-27.393636257611707, 1.4840620432374203, -13.099999899999853
-27.39363627567404, -1.4840620405034963, -13.099999899999853
-27.057429244802773, -4.433230086490907, -13.099999899999853
-26.403410855674668, -7.328659784715225, -13.099999899999853
-25.448460545070684, -10.139299714482531, -13.099999899999853
-24.20618249806305, -12.835295130397315, -13.099999899999853
-22.688546968561475, -15.38640676630282, -13.099999899999853
-20.90555189623716, -17.75953629107368, -13.099999899999853
-18.868110522804077, -19.917939672566458, -13.099999899999853
-16.597389510702417, -21.829543303569267, -13.099999899999853
-14.13094737824416, -23.481141161044757, -13.099999899999853
-11.503486562328783, -24.862454996454023, -13.099999899999853
-8.746438501691005, -25.962606877419308, -13.099999899999853
-5.889673000695605, -26.769074348441514, -13.099999899999853
-2.9632943476397533, -27.26634524867682, -13.099999899999853
0.0, -27.436711531350966, -13.099999899999853
0.0, -27.43671153135097, -13.099999899999853
2.9632943437059245, -27.266345219983258, -13.099999899999853
5.8896729962780965, -26.76907434272558, -13.099999899999853
8.746438504220265, -25.962606895243805, -13.099999899999853
11.50348655875756, -24.862454997794607, -13.099999899999853
14.130947371852203, -23.481141157893433, -13.099999899999853
16.597389475602967, -21.8295432606938, -13.099999899999853
18.868110451584243, -19.917939601047465, -13.099999899999853
20.905551822918667, -17.75953623417267, -13.099999899999853
22.68854695023925, -15.386406759308443, -13.099999899999853
24.206182496347044, -12.835295134540132, -13.099999899999853
25.448460543221717, -10.139299719116297, -13.099999899999853
26.403410860921408, -7.328659791391458, -13.099999899999853
27.057429207224715, -4.433230084839101, -13.099999899999853
27.393636265385144, -1.4840620455257365, -13.099999899999853
27.393636257758118, 1.48406204070384, -13.099999899999853
27.05742922264099, 4.433230082653241, -13.099999899999853
26.403410848795026, 7.328659782576554, -13.099999899999853
25.448460545290093, 10.139299713932527, -13.099999899999853
24.20618250547908, 12.835295133570915, -13.099999899999853
22.688546926690503, 15.386406737522409, -13.099999899999853
20.9055518840807, 17.75953627995915, -13.099999899999853
18.868110453368704, 19.917939599364036, -13.099999899999853
16.59738947755731, 21.82954325921459, -13.099999899999853
14.13094737681532, 23.481141160456435, -13.099999899999853
11.503486561791208, 24.86245499690477, -13.099999899999853
8.746438501210477, 25.96260687758263, -13.099999899999853
5.889673000365596, 26.769074348516124, -13.099999899999853
2.963294347471737, 27.266345248696354, -13.099999899999853
-4.440892098500626e-16, 27.43671153135097, -13.099999899999853
3.552713678800501e-14, 26.859361262161343, -14.099999899999853
-2.899854064813485, 26.689245381192407, -14.099999899999853
-5.762818987420576, 26.196670303827283, -14.099999899999853
-8.557519458235465, 25.40325266409001, -14.099999899999853
-11.255614183480864, 24.326059558909282, -14.099999899999853
-13.82868991324917, 22.977266997898713, -14.099999899999853
-16.245810475502992, 21.365772642724725, -14.099999899999853
-18.471030657856073, 19.498465312387857, -14.099999899999853
-20.46366390808355, 17.384900743350144, -14.099999899999853
-22.203957357382183, 15.058880965072177, -14.099999899999853
-23.684942251964163, 12.559598654949266, -14.099999899999853
-24.899325869544093, 9.92040848063508, -14.099999899999853
-25.836342315322188, 7.170495182398418, -14.099999899999853
-26.481817303172935, 4.33801817305178, -14.099999899999853
-26.816202440826586, 1.4523768937467845, -14.099999899999853
-26.816202438738166, -1.4523768939690136, -14.099999899999853
-26.481817323727046, -4.33801817705989, -14.099999899999853
-25.836342306689755, -7.170495179560397, -14.099999899999853
-24.89932586974586, -9.920408480129828, -14.099999899999853
-23.684942275217683, -12.55959866745845, -14.099999899999853
-22.203957335455968, -15.058880951187016, -14.099999899999853
-20.463663906204214, -17.384900742244913, -14.099999899999853
-18.47103065767008, -19.49846531264324, -14.099999899999853
-16.245810476914485, -21.365772645086395, -14.099999899999853
-13.828689928936031, -22.977267024387906, -14.099999899999853
-11.255614188506, -24.326059568609317, -14.099999899999853
-8.557519450781879, -25.40325264251114, -14.099999899999853
-5.762818993587687, -26.196670331519496, -14.099999899999853
-2.899854066869005, -26.689245399986994, -14.099999899999853
0.0, -26.859361262161343, -14.099999899999853
4.440892098500626e-16, -26.859361262161343, -14.099999899999853
2.8998540648141793, -26.68924538119228, -14.099999899999853
5.762818987421898, -26.19667030382692, -14.099999899999853
8.55751945823738, -25.403252664089308, -14.099999899999853
11.255614183483313, -24.32605955890812, -14.099999899999853
13.828689913252063, -22.97726699789697, -14.099999899999853
16.245810475506378, -21.365772642722483, -14.099999899999853
18.471030657859508, -19.498465312384614, -14.099999899999853
20.46366390808704, -17.384900743346034, -14.099999899999853
22.203957357385566, -15.058880965067155, -14.099999899999853
23.684942251967303, -12.559598654943327, -14.099999899999853
24.899325869546875, -9.920408480628245, -14.099999899999853
25.836342358697916, -7.170495193986211, -14.099999899999853
26.48181732293189, -4.33801817692887, -14.099999899999853
26.81620243873758, -1.452376893978972, -14.099999899999853
26.816202440179264, 1.4523768932896677, -14.099999899999853
26.481817323419822, 4.3380181767862105, -14.099999899999853
25.83634231405974, 7.1704951815721865, -14.099999899999853
24.89932586974857, 9.920408480123074, -14.099999899999853
23.68494227522078, 12.559598667452605, -14.099999899999853
22.203957335459346, 15.05888095118211, -14.099999899999853
20.463663906207646, 17.384900742240877, -14.099999899999853
18.47103065767348, 19.498465312640086, -14.099999899999853
16.245810476917697, 21.365772645084043, -14.099999899999853
13.828689928938896, 22.977267024386244, -14.099999899999853
11.255614188508414, 24.326059568608233, -14.099999899999853
8.557519450783765, 25.40325264251053, -14.099999899999853
5.762818993588984, 26.19667033151922, -14.099999899999853
2.8998540668696764, 26.68924539998701, -14.099999899999853
-4.440892098500626e-16, 26.859361262161343, -14.099999899999853
3.552713678800501e-14, 26.282010992971724, -15.099999899999853
-2.836409564585741, 26.112099930732043, -15.099999899999853
-5.635952193959316, 25.62422015637284, -15.099999899999853
-8.368595055389488, 24.843889404326, -15.099999899999853
-11.007741488487317, 23.789660072606303, -15.099999899999853
-13.526414861587421, 22.473357868551943, -15.099999899999853
-15.894199207642586, 20.901959428052624, -15.099999899999853
-18.073946017068508, 19.078987192708396, -15.099999899999853
-20.021751007831636, 17.010242369616574, -15.099999899999853
-21.719322056976125, 14.731326479125276, -15.099999899999853
-23.16368402086202, 12.28389575119319, -15.099999899999853
-24.35019099753521, 9.701516641620792, -15.099999899999853
-25.269246664662955, 7.012319922715788, -15.099999899999853
-25.906150229853445, 4.242796178530457, -15.099999899999853
-26.238749218569875, 1.4206920371997078, -15.099999899999853
-26.238749220643555, -1.4206920390850444, -15.099999899999853
-25.906150249234976, -4.24279618413436, -15.099999899999853
-25.269246655297895, -7.012319920704409, -15.099999899999853
-24.35019099740553, -9.701516641945652, -15.099999899999853
-23.16368398839787, -12.283895734082863, -15.099999899999853
-21.719322039502902, -14.731326466815672, -15.099999899999853
-20.021750979922675, -17.01024234622932, -15.099999899999853
-18.0739459832834, -19.078987156982816, -15.099999899999853
-15.894199206720767, -20.901959426187794, -15.099999899999853
-13.526414871723635, -22.473357885019205, -15.099999899999853
-11.007741477934442, -23.789660050132177, -15.099999899999853
-8.368595056089418, -24.84388940724221, -15.099999899999853
-5.635952194162098, -25.624220157379643, -15.099999899999853
-2.8364095664053934, -26.11209994796833, -15.099999899999853
0.0, -26.28201099297172, -15.099999899999853
4.440892098500626e-16, -26.282010992971724, -15.099999899999853
2.836409564634143, -26.11209993072633, -15.099999899999853
5.6359521940542505, -25.62422015635088, -15.099999899999853
8.368595055527768, -24.843889404278706, -15.099999899999853
11.007741478887016, -23.78966005091444, -15.099999899999853
13.526414858106362, -22.473357860863956, -15.099999899999853
15.894199206959957, -20.901959425795013, -15.099999899999853
18.073946011780567, -19.078987185775606, -15.099999899999853
20.021750980172456, -17.010242345930333, -15.099999899999853
21.719322048334696, -14.73132647198408, -15.099999899999853
23.163683968797947, -12.283895723384006, -15.099999899999853
24.350190997210092, -9.70151664243478, -15.099999899999853
25.26924667937153, -7.012319927920982, -15.099999899999853
25.906150247322326, -4.242796183147493, -15.099999899999853
26.238749220684657, -1.4206920384044837, -15.099999899999853
26.238749230934154, 1.4206920399410803, -15.099999899999853
25.906150247628645, 4.242796182761582, -15.099999899999853
25.269246664458414, 7.012319923899486, -15.099999899999853
24.35019099708036, 9.701516642759739, -15.099999899999853
23.16368401748113, 12.28389575077452, -15.099999899999853
21.719322027709676, 14.731326461094493, -15.099999899999853
20.021750986174272, 17.0102423534118, -15.099999899999853
18.07394601628819, 19.07898719344249, -15.099999899999853
15.894199205955335, 20.901959427727274, -15.099999899999853
13.52641488541408, 22.473357910041972, -15.099999899999853
11.007741495707839, 23.78966008892815, -15.099999899999853
8.368595056227624, 24.84388940719499, -15.099999899999853
5.63595219425697, 25.62422015735781, -15.099999899999853
2.8364095664537414, 26.112099947962857, -15.099999899999853
-4.440892098500626e-16, 26.282010992971724, -15.099999899999853
3.197442310920451e-14, 25.7046607237821, -16.09999989999985
-2.77296034348632, 25.534905349252103, -16.09999989999985
-5.509071635463862, 25.051721033306254, -16.09999989999985
-8.17966498769137, 24.284516715867316, -16.09999989999985
-10.759868464233993, 23.253256278991675, -16.09999989999985
-13.224121322219238, 21.96941165071798, -16.09999989999985
-15.542553475909381, 20.438100373786188, -16.09999989999985
-17.676855990193978, 18.65950474869851, -16.09999989999985
-19.579811036444553, 16.635559363917857, -16.09999989999985
-21.234637984438187, 14.403741620643322, -16.09999989999985
-22.642406727700333, 12.008186109450195, -16.09999989999985
-23.801055903418195, 9.482624156207379, -16.09999989999985
-24.702122433612846, 6.854133308157921, -16.09999989999985
-25.33042424098545, 4.1475631946212115, -16.09999989999985
-25.66127489081194, 1.389007432140958, -16.09999989999985
-25.66127488896326, -1.3890074318848904, -16.09999989999985
-25.33042425602627, -4.147563197226964, -16.09999989999985
-24.702122433047972, -6.8541333080402165, -16.09999989999985
-23.801055902136536, -9.482624155472058, -16.09999989999985
-22.642406723754675, -12.00818610762004, -16.09999989999985
-21.234637953662457, -14.403741600672934, -16.09999989999985
-19.579811046577092, -16.635559372342904, -16.09999989999985
-17.67685599023964, -18.659504748655735, -16.09999989999985
-15.542553478303972, -20.438100376688098, -16.09999989999985
-13.224121315008139, -21.969411638407315, -16.09999989999985
-10.759868460771097, -23.253256271660028, -16.09999989999985
-8.179664985453275, -24.28451670948547, -16.09999989999985
-5.509071639069951, -25.051721049967284, -16.09999989999985
-2.772960344955709, -25.534905363024325, -16.09999989999985
0.0, -25.7046607237821, -16.09999989999985
4.440892098500626e-16, -25.7046607237821, -16.09999989999985
2.7729603434863486, -25.534905349252067, -16.09999989999985
5.5090716354639, -25.05172103330626, -16.09999989999985
8.179664987691401, -24.28451671586729, -16.09999989999985
10.75986846423404, -23.253256278991685, -16.09999989999985
13.224121322219268, -21.969411650717955, -16.09999989999985
15.542553475909411, -20.438100373786163, -16.09999989999985
17.676855990194014, -18.65950474869849, -16.09999989999985
19.579811036444607, -16.635559363917853, -16.09999989999985
21.23463798443825, -14.403741620643322, -16.09999989999985
22.64240672770036, -12.008186109450174, -16.09999989999985
23.801055903418224, -9.482624156207361, -16.09999989999985
24.70212243361285, -6.854133308157895, -16.09999989999985
25.330424240985472, -4.147563194621186, -16.09999989999985
25.661274890811928, -1.3890074321409251, -16.09999989999985
25.66127488896326, 1.3890074318849266, -16.09999989999985
25.33042425602625, 4.1475631972270035, -16.09999989999985
24.702122433047954, 6.854133308040255, -16.09999989999985
23.801055902136497, 9.482624155472088, -16.09999989999985
22.642406723754657, 12.008186107620077, -16.09999989999985
21.234637953662375, 14.403741600672927, -16.09999989999985
19.57981104657708, 16.635559372342932, -16.09999989999985
17.676855990239616, 18.659504748655753, -16.09999989999985
15.542553478303947, 20.43810037668811, -16.09999989999985
13.224121315008158, 21.969411638407383, -16.09999989999985
10.75986846077111, 23.2532562716601, -16.09999989999985
8.179664985453268, 24.284516709485494, -16.09999989999985
5.509071639069937, 25.051721049967306, -16.09999989999985
2.7729603449556466, 25.534905363024038, -16.09999989999985
-8.881784197001252e-16, 25.7046607237821, -16.09999989999985
-4.440892098500626e-16, 25.071126571846797, -17.09999989999985
2.7036148040767323, 24.902385533179594, -17.09999989999985
5.370592895050396, 24.425845348847044, -17.09999989999985
7.973605585056183, 23.674072256257908, -17.09999989999985
10.489374222918421, 22.668067198817237, -17.09999989999985
12.893670620218069, 21.41893421661339, -17.09999989999985
15.157275108748287, 19.93022486927686, -17.09999989999985
17.24113173603692, 18.19928766181193, -17.09999989999985
19.095363930240865, 16.224643742018678, -17.09999989999985
20.70461912776715, 14.045236762558902, -17.09999989999985
22.073463264561425, 11.707092191108382, -17.09999989999985
23.20200345320937, 9.243859532002151, -17.09999989999985
24.082761806073364, 6.681569214163244, -17.09999989999985
24.700264486930447, 4.043555669233023, -17.09999989999985
25.027852323528833, 1.354357367006191, -17.09999989999985
25.02785232044152, -1.3543573672881486, -17.09999989999985
24.700264476917134, -4.043555667425993, -17.09999989999985
24.08276178043477, -6.681569206469776, -17.09999989999985
23.202003465422298, -9.24385953673726, -17.09999989999985
22.073463294649116, -11.707092207128618, -17.09999989999985
20.70461916073376, -14.045236784273817, -17.09999989999985
19.095363915239812, -16.224643729713716, -17.09999989999985
17.241131731611755, -18.19928765736536, -17.09999989999985
15.157275104632204, -19.93022486374544, -17.09999989999985
12.89367062672895, -21.418934227274224, -17.09999989999985
10.489374243848575, -22.66806724474643, -17.09999989999985
7.973605591073062, -23.67407227400648, -17.09999989999985
5.370592890174055, -24.425845326378703, -17.09999989999985
2.7036148031508405, -24.902385523974814, -17.09999989999985
4.440892098500626e-16, -25.071126571846797, -17.09999989999985
0.0, -25.07112657184678, -17.09999989999985
-2.7036148040623837, -24.90238553318174, -17.09999989999985
-5.370592895022172, -24.425845348853635, -17.09999989999985
-7.973605585015086, -23.674072256272026, -17.09999989999985
-10.48937422286575, -22.66806719884136, -17.09999989999985
-12.893670620155575, -21.418934216649966, -17.09999989999985
-15.15727510867839, -19.930224869328462, -17.09999989999985
-17.241131735963002, -18.19928766188129, -17.09999989999985
-19.095363930166922, -16.224643742107844, -17.09999989999985
-20.704619127695608, -14.045236762667816, -17.09999989999985
-22.07346326449471, -11.707092191236873, -17.09999989999985
-23.202003453150205, -9.243859532150005, -17.09999989999985
-24.082761792912244, -6.68156921036186, -17.09999989999985
-24.70026449672576, -4.04355567091143, -17.09999989999985
-25.027852320441994, -1.3543573672809688, -17.09999989999985
-25.02785232045257, 1.3543573671134022, -17.09999989999985
-24.70026447941465, 4.04355566754367, -17.09999989999985
-24.082761793958117, 6.68156921026852, -17.09999989999985
-23.202003475537186, 9.243859540866312, -17.09999989999985
-22.07346325909843, 11.707092188306795, -17.09999989999985
-20.704619148947657, 14.045236776719559, -17.09999989999985
-19.095363930166855, 16.224643742107787, -17.09999989999985
-17.24113173166028, 18.199287657319886, -17.09999989999985
-15.157275110808097, 19.930224872308816, -17.09999989999985
-12.893670613776187, 21.418934204661106, -17.09999989999985
-10.489374232539133, 22.668067219906018, -17.09999989999985
-7.9736055910319505, 23.674072274020602, -17.09999989999985
-5.3705928901458275, 24.425845326385307, -17.09999989999985
-2.7036148031364347, 24.902385523976555, -17.09999989999985
3.197442310920451e-14, 25.0711265718468, -17.09999989999985
3.197442310920451e-14, 24.169537808949375, -18.09999989999985
-2.6061060314918723, 24.005962715147263, -18.09999989999985
-5.176695861293956, 23.545073412953112, -18.09999989999985
-7.685605582304553, 22.81935921267563, -18.09999989999985
-10.110667337987678, 21.849486497023765, -18.09999989999985
-12.428719494542948, 20.646135318753252, -18.09999989999985
-14.611572759250137, 19.212332384029864, -18.09999989999985
-16.621104716540927, 17.5447270174847, -18.09999989999985
-18.408138912649136, 15.640926369182854, -18.09999989999985
-19.958169186918948, 13.539159954461354, -18.09999989999985
-21.276599020955956, 11.28464089602789, -18.09999989999985
-22.36412013456128, 8.910013358365608, -18.09999989999985
-23.213737427782394, 6.440264557725785, -18.09999989999985
-23.810352317344837, 3.897639099377479, -18.09999989999985
-24.127546151452492, 1.3055356690461744, -18.09999989999985
-24.127546154400644, -1.3055356684890989, -18.09999989999985
-23.81035232700811, -3.8976391009050255, -18.09999989999985
-23.21373745331133, -6.440264565198313, -18.09999989999985
-22.364120144417893, -8.91001336219725, -18.09999989999985
-21.27659901295335, -11.28464089217579, -18.09999989999985
-19.958169162671634, -13.539159938818681, -18.09999989999985
-18.40813892885215, -15.640926382423151, -18.09999989999985
-16.62110471668996, -17.54472701734511, -18.09999989999985
-14.611572761075816, -19.212332385757616, -18.09999989999985
-12.428719486408866, -20.646135305013985, -18.09999989999985
-10.110667329668098, -21.849486479279502, -18.09999989999985
-7.685605575896836, -22.819359193805308, -18.09999989999985
-5.1766958663747715, -23.545073436349995, -18.09999989999985
-2.606106032195727, -24.00596272246187, -18.09999989999985
0.0, -24.169537808949375, -18.09999989999985
-4.440892098500626e-16, -24.16953780894937, -18.09999989999985
2.6061060314849103, -24.00596271514812, -18.09999989999985
5.176695861280257, -23.545073412956267, -18.09999989999985
7.6856055822845954, -22.81935921268248, -18.09999989999985
10.110667337962077, -21.84948649703546, -18.09999989999985
12.428719494512547, -20.646135318770966, -18.09999989999985
14.6115727592161, -19.212332384054857, -18.09999989999985
16.621104716504927, -17.54472701751833, -18.09999989999985
18.408138912613147, -15.64092636922615, -18.09999989999985
19.95816918688405, -13.53915995451421, -18.09999989999985
21.27659902092349, -11.284640896090323, -18.09999989999985
22.364120144268846, -8.91001336246449, -18.09999989999985
23.213737441725208, -6.440264561772117, -18.09999989999985
23.81035232151157, -3.8976390998968604, -18.09999989999985
24.127546151458176, -1.3055356689563646, -18.09999989999985
24.127546151472107, 1.3055356687370532, -18.09999989999985
23.810352338112498, 3.897639102744422, -18.09999989999985
23.213737440698104, 6.4402645614547165, -18.09999989999985
22.364120144389126, 8.910013362269176, -18.09999989999985
21.276599012920915, 11.284640892238293, -18.09999989999985
19.95816916263682, 13.539159938871633, -18.09999989999985
18.40813892881618, 15.640926382466509, -18.09999989999985
16.621104716653967, 17.544727017378797, -18.09999989999985
14.611572761041776, 19.21233238578265, -18.09999989999985
12.42871948637844, 20.646135305031724, -18.09999989999985
10.110667329642482, 21.84948647929123, -18.09999989999985
7.685605575876869, 22.8193591938122, -18.09999989999985
5.176695866361083, 23.545073436353245, -18.09999989999985
2.606106032188808, 24.005962722463043, -18.09999989999985
-4.440892098500626e-16, 24.16953780894937, -18.09999989999985
