6.780452945456402e-16, -0.14866246953622225, 0.9888879967677794
0.016316071543710644, -0.14583443191825712, 0.9875944627049797
0.035910942437413225, -0.1395373356507959, 0.9872402866771859
0.05679390611405557, -0.13117135541264568, 0.9866927604011178
0.07900268287766929, -0.1207516967471011, 0.9858785276138265
0.10218525610403227, -0.10796762799489582, 0.9848987474519929
0.12561519057668313, -0.09220991807744824, 0.9825617428997633
0.1500226511932485, -0.07424199307689495, 0.9797713341496326
0.17472244540930995, -0.053719457190531575, 0.9755835551308145
0.19969004537461502, -0.030770549817302623, 0.9695302537375856
0.22568985096558922, -0.005833624878815696, 0.9626442635980059
0.22480919627617096, 0.01900466728123587, 0.9630391966572148
0.21194060766011685, 0.047222752708790075, 0.9653674956640369
0.19736217127655953, 0.077108977347571, 0.9677130721500755
0.18003202908753813, 0.10795851339725633, 0.9686167383193316
0.15948289474589789, 0.13911456145783363, 0.9681500652823738
0.13660697556407358, 0.1712745462434731, 0.9665843987278462
0.11033726522886426, 0.2030612375835059, 0.9627282936758482
0.08134551850864948, 0.23488405950589875, 0.9568119889160022
0.05021159222637411, 0.2674590734042915, 0.9495019443055652
0.01610813808449988, 0.2988267648582122, 0.9386450835421671
-0.01653439912619607, 0.3064383401206398, 0.9357450418360438
-0.05385835026931852, 0.287792118627025, 0.9416215986122489
-0.09291983682909624, 0.2677552688936892, 0.9480049661344967
-0.13166732323183108, 0.24245303846947755, 0.9493205167960181
-0.1718642631012984, 0.2153381034569078, 0.9507233237567578
-0.21192273410685394, 0.1848131843125066, 0.949454867622114
-0.25133541430820594, 0.15038991774305324, 0.9448143793291301
-0.29203542338157523, 0.11406892565394575, 0.9398550299466206
-0.32968075261382923, 0.0735461627690241, 0.9280291456804095
-0.3681918303502826, 0.030949905054803748, 0.9151075537125236
-0.39154158448333076, -0.010247083760075403, 0.9080187810936462
-0.36780816881706985, -0.056757447209244395, 0.9183708918173179
-0.3401352480583385, -0.10413745285864016, 0.9257998533350398
-0.3097369914304861, -0.15254014126901205, 0.9316763358428131
-0.275753803709871, -0.2014379199849034, 0.9348714229915647
-0.23730119661194363, -0.24959391653865012, 0.9337973557024873
-0.19557757739728027, -0.297522871683654, 0.9298701390341464
-0.1505710661182034, -0.34500648952531227, 0.9228787678668356
-0.1020463916100688, -0.3910294152069815, 0.9111194356913158
-0.050846362983806515, -0.43611998233323573, 0.8957177980409999
7.846913223363838e-17, -0.47906977518318156, 0.8777768227208644
5.0366475473533456e-15, -0.4790697751831821, 0.8777768227208643
0.05278465956715868, -0.4418075598608971, 0.8917861606125919
0.10709257386470927, -0.40377783750315765, 0.9060471664392751
0.15986055866663001, -0.36248164134040417, 0.9156817985459468
0.2110619565821792, -0.31787822800377974, 0.9206195265089421
0.26219181881768594, -0.2729814126562746, 0.9252469341277456
0.30844676490183587, -0.22286678418819472, 0.9213472693936395
0.3542422316388103, -0.17220920116482205, 0.9165314398868599
0.39731514805651574, -0.11985735441507464, 0.9075092867867548
0.43674249258918696, -0.06546995008341111, 0.8929939723793144
0.4759420849157834, -0.010849484348134998, 0.8779934625688535
0.4574063684772248, 0.04018900249988474, 0.8873604406367551
0.4188109415121777, 0.09483605315465515, 0.9015060690186852
0.3781024958593419, 0.14886856148635594, 0.9128845521119844
0.334124462790763, 0.201197118279288, 0.9194963226320839
0.2880499144304436, 0.2521910708136776, 0.9230481532856041
0.2392774515622586, 0.3009692984580493, 0.9223746543309795
0.18816786185688603, 0.3472183737399346, 0.9175516169053073
0.13543286308564997, 0.3912726654103813, 0.9091576276030886
0.0811352425841809, 0.43250516684305373, 0.8964590048012271
0.025797936983164363, 0.4714479433293407, 0.8804176691538874
-0.02666857929218124, 0.4712767451484027, 0.8802516994008582
-0.08188592803387457, 0.43203071637385615, 0.894387272462792
-0.13716862611749345, 0.39257766449986753, 0.9083834517065015
-0.1899708259505203, 0.3481036259656292, 0.9151227418392672
-0.24235428029938427, 0.3025491032254651, 0.9204136568255618
-0.2917448194370177, 0.2535063647448838, 0.9200503328973804
-0.3394927798518821, 0.20266617210836982, 0.9167020346456738
-0.3846854365437754, 0.14978713701681284, 0.9091126484384642
-0.426916443655479, 0.09525836030926005, 0.8970412864395642
-0.46631317915143705, 0.03938573541429007, 0.8807607292743824
-0.4860757008103108, -0.012280006202934346, 0.8729942619505423
-0.44855477166912655, -0.06863520191235623, 0.8902044574347912
-0.40754572176022064, -0.12387091832652518, 0.9027246100444406
-0.3651187360010763, -0.1786695790681947, 0.9133964971598445
-0.3186529622751787, -0.23117469938703455, 0.9180034901631065
-0.27008030218219814, -0.28199664144100367, 0.919311898789478
-0.21954687496456549, -0.3311712584460946, 0.9174697431140805
-0.16613575170245554, -0.3767883991264459, 0.9097692346215505
-0.11147880981521338, -0.42019090134510695, 0.898656618202884
-0.055348978224468395, -0.4607551380521541, 0.8832575355425331
4.461491939777851e-17, -0.4999999999999943, 0.8660254037844419
4.73552866481929e-15, -0.4999999999999943, 0.8660254037844419
0.055661776077825936, -0.46113110104014793, 0.8831569356276734
0.11167967791443764, -0.4201512199395628, 0.8972792419384605
0.16713880076609705, -0.3780841027916744, 0.9097936071388923
0.2201781708650862, -0.33147877159518474, 0.9155312101027003
0.2716988414163104, -0.2831369768038494, 0.9183752318127465
0.32092832134916677, -0.23222582560162489, 0.916900592970407
0.36731402415849757, -0.1791766051083772, 0.9108666150580722
0.41168346660803823, -0.12471933680362401, 0.9016475370881805
0.45211185019194844, -0.06860762961454825, 0.8868182546559323
0.49105215802563895, -0.011881319457082514, 0.8698853970842875
0.47202208861384404, 0.040306094258469226, 0.8787582165806074
0.4326800056126098, 0.09683470534452196, 0.895175550050725
0.3895813328219313, 0.1519076482336276, 0.9062935828009915
0.3444005586007352, 0.2058184544869009, 0.9142544006705604
0.29689458852045025, 0.25813736350704886, 0.9185401123574028
0.2461175405946442, 0.3075691806583993, 0.9173637765255644
0.1937858053281814, 0.35494513592917176, 0.912884242707494
0.13953365405887475, 0.39974359412227145, 0.9042799800311219
0.08392318904272841, 0.4416211929817786, 0.8914219286359473
0.027352671159379824, 0.4810832621079195, 0.8750812439806644
-0.026944859156991588, 0.4816128372296243, 0.8752986062515886
-0.08341814348761922, 0.44197754537505085, 0.8912873766217009
-0.1391244819411749, 0.40014465467945515, 0.90425033249309
-0.19327975624025767, 0.35545664819512574, 0.9129275530486183
-0.2461522364688985, 0.30859737740372606, 0.9182928344556818
-0.29628976096097903, 0.2585266380942278, 0.918355877018787
-0.3443022395183452, 0.20657761190851653, 0.9148579370638036
-0.3893706117264697, 0.15255443818985828, 0.9066995272170435
-0.43263984150941504, 0.09752168922730567, 0.8958234389443998
-0.47141028286476727, 0.04070037742309794, 0.878662215638869
-0.4915284729739631, -0.011405280866788891, 0.8697276540596814
-0.4525346352364132, -0.06813226243405841, 0.8866994204983176
-0.4120124902880553, -0.12424966112274397, 0.901504595606403
-0.36719025869367805, -0.17849566255628224, 0.9101034656707668
-0.3216373775161188, -0.23230564227741707, 0.9175785944517204
-0.27141557820746615, -0.28232018763038447, 0.9174011081859046
-0.22081431475269886, -0.3320090028462388, 0.9165967964791726
-0.16657906166500108, -0.3767752712846863, 0.9079219011900586
-0.11190404378198401, -0.4209017915052784, 0.8982375171220555
-0.055851992279829225, -0.4615483494872727, 0.8835404136932719
-6.635317295611287e-17, -0.4999999999999965, 0.8660254037844407
4.045422975540855e-15, -0.4999999999999965, 0.8660254037844406
0.054805239759148534, -0.46258034189273917, 0.8836761096029495
0.11097016187111816, -0.4219048369216614, 0.8982994903265691
0.16639205152596784, -0.3792114181210702, 0.9101243896532709
0.21962833028153467, -0.3327076020559185, 0.9161412847473253
0.27104607372953654, -0.28400748710070667, 0.918560829555542
0.3203893995874021, -0.233176860973036, 0.9172372373106279
0.3675308288226007, -0.18043884228529802, 0.9122653917946515
0.41108547913542137, -0.12548215937701487, 0.9017659082062628
0.4519130934110269, -0.06944871248407918, 0.8874745394421457
0.49072612677356287, -0.012665396570153878, 0.8703624647781025
0.47161398285671585, 0.040077066354504545, 0.8780490890500111
0.43230886262750645, 0.09675606463649535, 0.8946678049746786
0.38919304012040307, 0.1517157648127625, 0.9057424669565333
0.34362791739729204, 0.20554359289820773, 0.9132349760418795
0.29641917983168997, 0.2580409863799892, 0.9180309077286828
0.2454355005892212, 0.3072243015063768, 0.9164258440434705
0.1932310531813931, 0.35482521120217014, 0.9122523846206323
0.1389214505113043, 0.39923241299235634, 0.9031153611111546
0.0833921916730995, 0.4412551571356431, 0.8904550681575096
0.026836195402033313, 0.48065841992876346, 0.8740389724578598
-0.026843179171287215, 0.48132342212225543, 0.8749340961011514
-0.08356270661095472, 0.442364298945877, 0.8918071579227105
-0.1391353500594387, 0.4003743250626923, 0.9044686796512382
-0.1934598921792432, 0.35590860048928297, 0.9134913346061413
-0.2461424500855226, 0.30884716250016125, 0.9185013619691734
-0.29639477122133995, 0.2589396095029244, 0.9188037253785046
-0.34413676939220156, 0.20683605191414478, 0.9149280623412835
-0.38935907623111443, 0.15301486945537454, 0.9071075680131775
-0.43204062189189796, 0.0978283591489413, 0.8955177995197545
-0.4714951381681972, 0.04131879489134574, 0.8794013838466774
-0.49051805077580396, -0.012840455192126062, 0.8699913580340157
-0.4511049637272554, -0.06938162459960195, 0.8863928399023367
-0.4114842421414104, -0.12582246236803474, 0.9024878079099513
-0.3655042510840336, -0.17926087530137108, 0.9092370354061267
-0.31946124702408496, -0.23264961996788633, 0.915879908721616
-0.2705404343265041, -0.28344021505090955, 0.9175840958264964
-0.21858062785334417, -0.33137481582926176, 0.9139815978450156
-0.16627417995226818, -0.37883937840814436, 0.9096317339505177
-0.11050961231729865, -0.4199985790083586, 0.8958615877606468
-0.054319146810084346, -0.4603041956813584, 0.8808402912761158
-2.484991379336776e-16, -0.4999999999999985, 0.8660254037844395
3.1892893964332422e-15, -0.4999999999999985, 0.8660254037844395
0.05561380451861244, -0.46133329282029145, 0.8833077642138938
0.1120927453095287, -0.4220214565302485, 0.8995171593084526
0.1667895908180937, -0.3783989904545856, 0.9096780986172174
0.2200103419382841, -0.3324009092949897, 0.9161982098550626
0.2713394630697304, -0.283932389548847, 0.9187454448420007
0.32047845206415515, -0.23318955332723995, 0.9173166555740929
0.3672253930042051, -0.18045843745089357, 0.911950719620087
0.41125203265549, -0.1259647297283001, 0.9023818940211801
0.45162829693095435, -0.06986483633557852, 0.8876045407920082
0.49077760510070095, -0.01341465879291964, 0.8709809219424559
0.47069648258401997, 0.041382606818450386, 0.8783339511902092
0.4314417559912711, 0.09784804470948251, 0.894828442432592
0.3884368885276104, 0.1526097085159137, 0.9058508279306622
0.34281207231722083, 0.2061556007387808, 0.9130334145216208
0.29596988302754057, 0.25875753864228007, 0.9182469487335491
0.24500704859036887, 0.3076441019076802, 0.916392227052125
0.19272757506143606, 0.35495110542721625, 0.9119053565668662
0.13886885076716088, 0.39972793832349507, 0.9035313337132617
0.083076287920621, 0.4407246346416851, 0.889564756062895
0.026752749851585808, 0.48048786804889554, 0.8738156530411625
-0.026728087811248694, 0.4812183892897772, 0.8747906114149315
-0.08337589388968315, 0.44237535615140144, 0.8916265807025368
-0.13890108850283883, 0.4006530385042979, 0.9044859909705575
-0.19312597872406945, 0.3562384104391713, 0.9134580796742913
-0.2456571405586388, 0.30917538075281037, 0.9183506394713906
-0.2960159002951168, 0.25952601529620517, 0.9189795520291106
-0.34382683920862067, 0.20754948027170156, 0.9152649063710976
-0.38895981811405034, 0.1537176751181013, 0.9073654872806358
-0.4312752045485114, 0.098438224394716, 0.8953247041251238
-0.4715507032144684, 0.042265914884413044, 0.8803480453820819
-0.4906810204286418, -0.012709864765104762, 0.8700620620995698
-0.4516679570224076, -0.06927450379724907, 0.8868806644166707
-0.411190751241491, -0.12522152705730158, 0.9015916818855377
-0.36625763906167474, -0.17922813234452115, 0.9098545087245744
-0.32062730409451473, -0.23269235499573238, 0.9169886761398403
-0.27089151753676555, -0.2829411591272156, 0.9174534910437366
-0.22015349362225045, -0.3320778179777515, 0.9160009572320057
-0.16632370486422424, -0.3772866578553961, 0.9081604913426738
-0.11210871495458505, -0.42178323698921144, 0.8992553805072145
-0.0555862121689343, -0.4609718468745534, 0.8826768327261267
-4.978656376053436e-16, -0.5000000000000001, 0.8660254037844386
2.14538494129584e-15, -0.5000000000000002, 0.8660254037844385
0.05454959959729809, -0.4622137439464261, 0.8831216836888744
0.1109136786907657, -0.42244182779911393, 0.8987434539591447
0.1660464111907576, -0.3794548000607805, 0.909947784744247
0.2192792665603663, -0.333236812775918, 0.916268766721518
0.2706338747139796, -0.28465408198312353, 0.9187507769358055
0.31980978705152374, -0.233848504898583, 0.9172922514915586
0.36655539642314916, -0.1810584247193356, 0.9118421588244949
0.41068654719689607, -0.12659304489223244, 0.9023928765024061
0.4514282333992098, -0.07056604249565085, 0.8880723578064531
0.4901981118066247, -0.013966670199036219, 0.8709616240840568
0.4714070299998819, 0.04109578949403975, 0.8788972685677279
0.4318762239703121, 0.0975132156714869, 0.8949761494028076
0.3890100655993, 0.15252734151410544, 0.9062523292545019
0.34386763139910714, 0.2063696596019094, 0.9141823221408301
0.2961348559625685, 0.2582571338077999, 0.9179509779977221
0.2457835349725263, 0.3079101232763394, 0.917321910042427
0.19348401877955243, 0.3550479235059293, 0.9126261397062625
0.13926551120767477, 0.3995644033306249, 0.9037692068421825
0.08404755834135372, 0.44172414910360136, 0.8915187215914911
0.027484696162640425, 0.4805966236462993, 0.8745471744362805
-0.026988641946607363, 0.4814171099398285, 0.8751842642668607
-0.08353165103312013, 0.4422596825020032, 0.8916415060958855
-0.13911795323900086, 0.40062678840464383, 0.904638093578117
-0.19340304872986927, 0.3562674142777158, 0.9137025972053794
-0.2457512719466986, 0.3089696910327392, 0.9182407005765998
-0.29601007944706953, 0.25927646211422684, 0.9187460932791169
-0.3438104336667822, 0.2073675806721082, 0.9150574024466492
-0.3890243087906276, 0.15365493851551232, 0.9073239305652194
-0.4316932080643212, 0.09855382846714782, 0.8958321252512942
-0.4709165600222217, 0.04207788487434051, 0.8795525010125267
-0.4907461944763175, -0.013412487036839086, 0.87075172476186
-0.4511591887330968, -0.06963766631615269, 0.8868525968673648
-0.4101678410103725, -0.12547167458013578, 0.9007559073343069
-0.36666198250894777, -0.18001974258722186, 0.9109662734333613
-0.32013984507812854, -0.23287120023106736, 0.9166918080207485
-0.270978064515687, -0.2834152769662523, 0.9179422163546725
-0.219989126244105, -0.33226292699863125, 0.9160139596657074
-0.1664340925689418, -0.37750327391585126, 0.9084106694287293
-0.11196327170259565, -0.42141367882815284, 0.8987360283126203
-0.05592081859663998, -0.4613467632827603, 0.8833645414620077
-8.096279723035504e-16, -0.5000000000000016, 0.8660254037844377
8.83440741158014e-16, -0.5000000000000016, 0.8660254037844378
0.05596569144849644, -0.461628013161306, 0.8839192879933604
0.11212749229940182, -0.4215673576987537, 0.8990315603539073
0.1668064296601804, -0.378212817632187, 0.9094462324442967
0.22003690766445477, -0.3323977267706614, 0.9161772323187886
0.27129046607264073, -0.2839749741398009, 0.918724763340024
0.32056275214027896, -0.23344977446714074, 0.9175984525185585
0.3670806702061294, -0.1806285967418613, 0.9119100723119772
0.4106954452924021, -0.12607380780915378, 0.9018599985414316
0.45108098651130835, -0.07012159953367733, 0.887275121252479
0.49006444673770067, -0.013612742325922904, 0.8707497719750543
0.4712744944922012, 0.04186782137604393, 0.8796311022824181
0.43090274062297806, 0.09787797981684827, 0.8943513203742722
0.38905039737947483, 0.15325763277098436, 0.9069449755341081
0.3435039824767088, 0.20665414711945138, 0.9140984025120591
0.2961522630065675, 0.2587365407167511, 0.918379807679134
0.24560019074960088, 0.308002458601205, 0.9172237768365755
0.19350406821581523, 0.3552372359885978, 0.9127977688688835
0.1392875638759366, 0.3995443655500167, 0.9037363709960682
0.08417046960440384, 0.4417060814661443, 0.8915903960557823
0.027673984839891703, 0.4804955346807651, 0.8746024147583336
-0.027599625896860908, 0.48074960749155937, 0.8750675071292191
-0.08389543404412765, 0.44119864851609913, 0.8908901721806108
-0.13962440844194557, 0.4003273862160913, 0.9048072969027711
-0.19355883830039358, 0.3555462969325667, 0.9131432500778196
-0.24585545114502694, 0.3084770612524659, 0.9178781965488212
-0.29597867978020453, 0.2587752636277725, 0.9182607923201146
-0.3435627434674073, 0.20691688134834124, 0.9143878003814503
-0.38918545899574564, 0.1535335294759531, 0.9073281961704641
-0.43077962654201096, 0.09811120592624355, 0.8944458616429051
-0.4703076127068003, 0.041788648574197285, 0.8786601411695036
-0.490308568688552, -0.013622421860327246, 0.8705355272868178
-0.45131214930250807, -0.07002375231056587, 0.887265070489867
-0.4103802176413999, -0.1256672413946901, 0.901159127035645
-0.366139479816773, -0.17986828237801278, 0.9102877118260131
-0.32036696652100405, -0.23303284418474218, 0.9170298618795213
-0.27071938871251083, -0.2831861552174011, 0.9174887051372254
-0.22014427166293177, -0.33225980616673245, 0.9161218670110233
-0.16633269670013254, -0.3772122710697922, 0.9080425470810375
-0.11231540762242584, -0.4217573498511322, 0.899362051737217
-0.05591396720864762, -0.4608272362400215, 0.8827893061581037
-1.1762712657202579e-15, -0.5000000000000028, 0.866025403784437
-6.399711186308539e-16, -0.5000000000000028, 0.8660254037844372
0.055584000362542116, -0.46052368763277773, 0.8823533505785837
0.11193713033456582, -0.42112929908334856, 0.8983501567020106
0.16650293289362533, -0.37781720508183725, 0.9087648467978017
0.22009329358692953, -0.332493400659557, 0.9162864284387557
0.2708641084844388, -0.28358051469277695, 0.9179760751325865
0.3203911308645284, -0.23336132638609552, 0.9173454353544346
0.3663578918511251, -0.18021980184690398, 0.910817902269311
0.41031571757316576, -0.12598745448612525, 0.9013468857618949
0.4505768571737371, -0.06996863705314668, 0.8865626208040874
0.49012752968003515, -0.013690834814367517, 0.8707575798461635
0.4709419149400419, 0.0418934788274576, 0.879171687772654
0.4315263002977988, 0.09817641988479738, 0.8952282392487991
0.3885738318886083, 0.15299261525222194, 0.906207512936744
0.34362207769519504, 0.20674895989309627, 0.9142595666846351
0.29586858370242297, 0.2584387766303549, 0.9178486842772833
0.24567298284475553, 0.3080096296183469, 0.9172785605349696
0.1935927033598241, 0.35525373419411876, 0.9128687881002923
0.1393437507874976, 0.39941697237503143, 0.9036307824447982
0.08427541278654899, 0.44172886776276604, 0.8917215134865243
0.027844840940293186, 0.48054681385606535, 0.8747805348136868
-0.027734823503997568, 0.4806597747812724, 0.8749959440018477
-0.08389034812848462, 0.4409368768329554, 0.8906094293566008
-0.13956523302172805, 0.3998497491383552, 0.9042252670957289
-0.1934154672163565, 0.35517250418919216, 0.912640851484088
-0.24582326465726984, 0.3082417130303611, 0.9176246855871486
-0.29575579553896364, 0.25848195035037047, 0.9177794615455337
-0.3438867025367314, 0.2070228339448565, 0.9147491033931303
-0.388663431300957, 0.15319604824064922, 0.9064664008097625
-0.4314223303601261, 0.09826665257719078, 0.8952231255021419
-0.47077596215373513, 0.0420134056711704, 0.8790995117491979
-0.49049046507283034, -0.013812808907479681, 0.8708875470687483
-0.45094795386634196, -0.06994626328009777, 0.8869106126405919
-0.40991538149872775, -0.12566061292089387, 0.900622461609829
-0.3666169198485868, -0.1802071430905256, 0.9110253422828922
-0.31993779437967584, -0.2328217258794058, 0.9164328020207754
-0.271057054857641, -0.28349322729925314, 0.9180617990359631
-0.21984211834475698, -0.33195452821143895, 0.9155521447059607
-0.16665004667231373, -0.3775330531765774, 0.9085643240027476
-0.11188237067863036, -0.4207279542979521, 0.8979173139624695
-0.0562854610383401, -0.4616819184563593, 0.8840449954661224
-1.5869196148127207e-15, -0.5000000000000038, 0.8660254037844366
-2.489460495511777e-15, -0.5000000000000037, 0.8660254037844365
0.05623369022330031, -0.46178860854209003, 0.8843264314734095
0.11178273389538601, -0.42025073569201665, 0.897322610509921
0.16729052334039915, -0.3786448936012563, 0.910216762331826
0.21972455803322977, -0.3316789201950048, 0.9151951202038008
0.2714323570997807, -0.28392936222843446, 0.9187979354138941
0.3199679983478168, -0.2327594258225204, 0.9163938290862033
0.36663738689247255, -0.1802997127214996, 0.911091323471484
0.4102661010073531, -0.12574796165462765, 0.9010729982478576
0.45169170168464345, -0.07033677863645435, 0.8879039709005447
0.49017861466152585, -0.013796089530261903, 0.8705306696740129
0.4711860834073126, 0.04205832703028719, 0.8797478908448684
0.43083421267248057, 0.09803659490159924, 0.894393466350129
0.3891488583513593, 0.15349701587336412, 0.9071647251959964
0.34348688485287626, 0.2067037090126239, 0.9140820032088228
0.2964599402920624, 0.2590879217308782, 0.9189683786365699
0.24563937550601983, 0.3079690231519612, 0.9171958117393122
0.19391078349525276, 0.35574365623238036, 0.9135832167705866
0.13959096719913738, 0.3997091454989494, 0.9040703902172424
0.0843401096029298, 0.44185704452473995, 0.891962400405063
0.028048781333343993, 0.4809449052980331, 0.875400024280711
-0.02810420846205731, 0.48118685597856387, 0.8758474516193915
-0.084015362648089, 0.4408671258925313, 0.8906625731292288
-0.13970839502302068, 0.39967343354980434, 0.9041234549353669
-0.19349876841228675, 0.3550482123690394, 0.9125752410416952
-0.2461384717084691, 0.30836515266360454, 0.9180146296222479
-0.2957227500056047, 0.2582847331118012, 0.9175540134543858
-0.344257680117546, 0.20716020794129025, 0.9151816510678462
-0.38853946275602125, 0.1530016317797428, 0.9061375730728839
-0.4318689841586664, 0.09837968730958178, 0.8957021304017267
-0.47078954021748326, 0.04196870190245845, 0.8789648650223656
-0.490164514190094, -0.013854407251600934, 0.8707368310185699
-0.45137001234564267, -0.07030872013078, 0.887618744868828
-0.41038000722023493, -0.12596664786594777, 0.9013511973958709
-0.3672125904307937, -0.18072401315511835, 0.912002324371001
-0.3201613891161753, -0.23307335667070878, 0.9168500219760752
-0.2712184028053954, -0.2837390604070247, 0.9184234394782572
-0.22033577824524456, -0.3325615857291021, 0.9165336503577108
-0.16692006993770517, -0.3780818475552554, 0.9093121522495327
-0.11209591037703416, -0.42093146954977906, 0.8982487291910461
-0.05631505476027642, -0.4618982906179008, 0.8844964630707361
-2.0245036116278703e-15, -0.5000000000000042, 0.8660254037844363
-4.7655269697047425e-15, -0.5000000000000041, 0.8660254037844362
0.056124095491293165, -0.4612016400766554, 0.8836182910161067
0.11195166412056255, -0.42034425242172696, 0.8975276886214033
0.16709653180102207, -0.37820473560981854, 0.9095859842910885
0.21992042782182397, -0.33179667036260807, 0.9154581318414751
0.27124998538691103, -0.2836642570844685, 0.9183823927183035
0.32027686571383757, -0.23295007909822668, 0.9168272546987325
0.3665420713337751, -0.18019236266902144, 0.9108793767054564
0.41075107304350333, -0.12598248335384943, 0.9017225773486585
0.4514340098461409, -0.0702646251790068, 0.887538832443804
0.49011494619059504, -0.013761598503499959, 0.8705298201295985
0.4706608784937355, 0.0420226030116882, 0.8790169345875323
0.43179591583659305, 0.09848102286988179, 0.8957176595172418
0.3889394408880425, 0.1533465265792016, 0.9068018386711021
0.34380709425335726, 0.20693646132104093, 0.9145569136183938
0.2963108635543033, 0.2588791919414505, 0.918631513991746
0.24599016866007561, 0.30833187563625886, 0.9178333595173687
0.1935963603039923, 0.35516326073123183, 0.9127365315622366
0.1400249736143836, 0.4004173252083707, 0.9051088195868882
0.0841414053566695, 0.44099937558400626, 0.890835657261166
0.027933165561023467, 0.48057382975349844, 0.8750630441590914
-0.0281179543956171, 0.48114473057319884, 0.8758075505400241
-0.0842204692230939, 0.4413346292704496, 0.8912908200627316
-0.13988272859778256, 0.4001457954292328, 0.9047082645082967
-0.19377980749988571, 0.35553884734624674, 0.9132384396936463
-0.24625847927616307, 0.30867216187646956, 0.9183955320880945
-0.2961933786740878, 0.2588655417060934, 0.9185130329504876
-0.34434908186588215, 0.20741489021649923, 0.9154664492424747
-0.38923137816172987, 0.15359581795691957, 0.9072820449252299
-0.43177392679878535, 0.09856340846618099, 0.895768158327934
-0.47092212084818574, 0.04222613945636267, 0.8794888460046788
-0.49002948020931075, -0.013623184530596431, 0.870452679240399
-0.4508514021416452, -0.07000521306343666, 0.8867109979548025
-0.41114355156666865, -0.1261887804907856, 0.9022250315256568
-0.3665143574729173, -0.18011140252674512, 0.9107683730736276
-0.3207235032609605, -0.233310604860253, 0.9175628568853199
-0.27102913666858813, -0.283380834659975, 0.9179083537331708
-0.2202378386770698, -0.3321649220050245, 0.9160668661549154
-0.16678667747371928, -0.3776463988766329, 0.9087532417957482
-0.1122092964901043, -0.420774019860582, 0.8981056195958551
-0.05591529650374095, -0.46029066180078565, 0.8823483025470373
-2.461138931542095e-15, -0.5000000000000046, 0.866025403784436
-7.63349882190042e-15, -0.5000000000000047, 0.866025403784436
0.0564089914929983, -0.46211791345600367, 0.8847960415147065
0.11237379443675663, -0.42158508765128283, 0.8991083002769323
0.16709194442736505, -0.3783767956374391, 0.9096857792136959
0.22020317281958654, -0.33246452591847536, 0.9163007230666109
0.27140486180796286, -0.28404390955267966, 0.9188690974459829
0.32044011844330433, -0.2333843304878318, 0.9173624970312197
0.3670429470874496, -0.18074434526186559, 0.911803640250847
0.4108355823068057, -0.12633440011612376, 0.902057342192893
0.4518627944363404, -0.07062365828813577, 0.8884286766852764
0.4901728504148383, -0.014008243334511958, 0.8709342101465988
0.4705095335391578, 0.0418368399526527, 0.878630346381858
0.431321107583046, 0.09821731718219452, 0.894901446226208
0.3890252691973596, 0.15326748995804837, 0.9067679848075603
0.3437805566096411, 0.20684123052009917, 0.9144164602262392
0.29608820829161353, 0.25856383510428593, 0.9181295209123257
0.2461191652463674, 0.3083938129422743, 0.9179989046345902
0.19360647407223128, 0.3550937627506009, 0.9126491063343607
0.13997605735416582, 0.4002168551588704, 0.9048235219597645
0.08426760828829814, 0.4412112527111318, 0.891131756026017
0.027947404619977884, 0.4804224603334244, 0.8748222262023078
-0.028160379674292323, 0.48111452880762395, 0.875677205607764
-0.08439844673211039, 0.4417640148442954, 0.8918539059099895
-0.1399674911476671, 0.40038168406135477, 0.9049693981259513
-0.19410614757131486, 0.35602792052791576, 0.9139377218279428
-0.24623714983574596, 0.30867706430572117, 0.9183701724389224
-0.29634148872408766, 0.2590155774748718, 0.9187802145857421
-0.3441470457007047, 0.2072781997489744, 0.9151339770802458
-0.389326623056708, 0.15367889733015172, 0.9073971781239161
-0.431774775253654, 0.09858208743825556, 0.895748195606872
-0.47119046724432895, 0.04224359666445366, 0.8799223739414916
-0.4901727612967907, -0.013799072874773527, 0.8705908141407955
-0.451466005162162, -0.07031362120110475, 0.8875768810974964
-0.4107608070881381, -0.12607637250871145, 0.9017278273927487
-0.36723049307901, -0.18065410771871737, 0.9118645653514024
-0.3204587938875325, -0.2332135612825915, 0.9172183765074934
-0.2712460530615361, -0.2836854221060589, 0.9183834450581326
-0.22025646182850456, -0.3323154277730584, 0.9162001427807488
-0.16722389931418538, -0.37844008454903183, 0.9098207209755711
-0.11219495752402767, -0.4210194564090623, 0.8983582510736894
-0.05644685719708092, -0.4618235612164531, 0.8843036601663068
-2.8468980645124375e-15, -0.5000000000000048, 0.8660254037844359
-1.1385857159609773e-14, -0.5000000000000047, 0.8660254037844358
0.05639564643718212, -0.4618780248987575, 0.8845138787784346
0.11242220710437378, -0.42148106014307973, 0.8989917211114086
0.16706176803085335, -0.3781550230743353, 0.9094059232025218
0.22023648643403806, -0.33235061363965057, 0.91619887376732
0.27139035229302694, -0.28388311274401545, 0.9186989668539649
0.3206456519685087, -0.2333984872404817, 0.9175567130301931
0.3672322947313543, -0.18070681825192958, 0.9119004201601363
0.4110434032084098, -0.12625472785207922, 0.9021392514441846
0.45143045729654446, -0.07031921260435205, 0.8876224925761913
0.4905171734172873, -0.013990985180569503, 0.8709773923755704
0.4709166635948947, 0.042169559108700155, 0.879339241523069
0.4319767741985625, 0.09861004494793153, 0.8959493773543765
0.38908333975631665, 0.15351594323378273, 0.906988566850505
0.343946906175558, 0.20708905697978336, 0.9147566880215409
0.2964403161566358, 0.2590701902652212, 0.9189211941808926
0.24610710312905867, 0.3085275937030142, 0.9180999509964125
0.19374873900745096, 0.355482000861011, 0.913093757054018
0.13986575272500376, 0.4000963397730034, 0.9045441747969123
0.08451691545520142, 0.4421288486539537, 0.8923053657708276
0.02811266450839888, 0.48087639220096423, 0.875277718323774
-0.02816314838426797, 0.4808042348599798, 0.87510161940008
-0.08442994206203036, 0.44150723815731746, 0.8914131169542865
-0.1398121473607443, 0.39996951449984086, 0.9043993364004527
-0.19378963724163945, 0.3553376502575193, 0.9129954501630413
-0.24601189092234022, 0.3082784132509699, 0.917772837736049
-0.2960041761129951, 0.25849225338050996, 0.917965434780553
-0.34376392474797224, 0.20685476389636456, 0.9143807563363966
-0.3888673852716965, 0.1531884020724194, 0.9064853652789191
-0.43157492140165665, 0.0983533835904469, 0.8951661854445889
-0.4708506026410848, 0.0419955027688638, 0.8790046307089867
-0.4903705319556311, -0.013997621717229972, 0.871184390656077
-0.45129442249520446, -0.07041663731196343, 0.88757815089365
-0.41090505790641807, -0.126336842356891, 0.9020465341242155
-0.3671303221986667, -0.18080196625178263, 0.9118599517946193
-0.32028460019637384, -0.23325579279003775, 0.9170745395743976
-0.27127340000592604, -0.28389136088739997, 0.9185927784276355
-0.2202577989700382, -0.332512639676232, 0.9163590151663303
-0.16721234985061154, -0.3785962674145927, 0.9098956365684461
-0.1121877740733389, -0.4212001696843646, 0.8984816357189797
-0.05638414151298444, -0.46181968980689186, 0.88421682329443
-3.085530962676497e-15, -0.5000000000000044, 0.866025403784436
-1.6593574770792717e-14, -0.5000000000000044, 0.866025403784436
0.056283137296022155, -0.4609327682527138, 0.8828514613913347
0.11260984139557975, -0.42179963440881035, 0.8993959252210316
0.16662573384254592, -0.3773354389704995, 0.9082291331285687
0.22040768285738305, -0.33241650733493666, 0.9164043459522029
0.2709281390735233, -0.2832936732526278, 0.9177032398679758
0.3207913289450972, -0.2333926404804964, 0.9176660610377733
0.3663456642948084, -0.18005729372148796, 0.9104699683690006
0.41123158820412054, -0.12626274807974294, 0.9022480106538974
0.45132012100180263, -0.07026717489327128, 0.8872497128195578
0.490312649853603, -0.013881248096299701, 0.8706395003577203
0.47084272751886813, 0.04216783204449058, 0.8792156796293159
0.431584225912797, 0.0985294480162867, 0.8953222319379961
0.3888769942990512, 0.1533708808363536, 0.9066206634212285
0.34378152271746326, 0.20699073351327466, 0.914489453625078
0.29631002193355327, 0.25891670610226547, 0.9186450957663476
0.24581550372680083, 0.308178607366311, 0.9174806516064111
0.19376897932779896, 0.35542714784109514, 0.9130244296591421
0.13957124256458678, 0.39954173577868446, 0.9037289486552268
0.08456830357394679, 0.4422493329326952, 0.8924289115362833
0.02815695317703519, 0.48087536461799485, 0.8751510341898717
-0.028108709009561247, 0.4808966182380726, 0.8752640960114959
-0.0844875888986566, 0.44181808622043894, 0.8917474746960132
-0.13985160643609978, 0.4001777610982802, 0.9045538282427791
-0.19380075257846896, 0.35555808519143983, 0.9131626289830789
-0.24611295528552551, 0.3086047511238, 0.9181667891452927
-0.2961484396952951, 0.25888085880624023, 0.9184609015951195
-0.34394761062978496, 0.20723002835748514, 0.9148553199295977
-0.38914834926290365, 0.15365455049408355, 0.9070946315980083
-0.43166117594297365, 0.09866464998260278, 0.8955569302948336
-0.4711818542659343, 0.04244200647707444, 0.8797713838465269
-0.49053034563631737, -0.01396087629341049, 0.8704910474681357
-0.4512688904800578, -0.07023849138546025, 0.8868759999098589
-0.411150567398408, -0.12613923322450052, 0.9020202934769018
-0.36612997290962845, -0.17985114461083399, 0.9100599743873095
-0.3206174580763807, -0.2332407853670372, 0.9173656219917906
-0.27079403220193005, -0.2830722986022902, 0.9173533129088496
-0.2202327978249388, -0.3322543444167967, 0.9160474028930885
-0.16656922632179158, -0.37710286152861494, 0.907920752435858
-0.11193012540662878, -0.4205300302678049, 0.8976014127775022
-0.05649513448160074, -0.4617440783609454, 0.8840054647226236
-2.9559688030644793e-15, -0.500000000000004, 0.8660254037844363
