37.01166571329239, 42.512605906405064, -0.09999989999321635
33.62905579043101, 42.471706600678786, -0.10520823332654967
30.2781274722236, 42.46345696839232, -0.110416566659883
26.919323301538203, 42.457018869138906, -0.11562489999321635
23.556939556038362, 42.43848985671685, -0.12083323332654969
20.1954210064143, 42.4199608442948, -0.126041566659883
16.83476765266601, 42.40143183187275, -0.13124989999321635
13.474979494793502, 42.382902819450685, -0.1364582333265497
10.116056532796767, 42.364373807028635, -0.141666566659883
6.757998766675812, 42.345844794606585, -0.14687489999321635
3.4008061964306324, 42.32731578218453, -0.1520832333265497
0.044478822061228995, 42.30878676976248, -0.157291566659883
-3.3109833564323985, 42.29025775734043, -0.16249989999321635
-6.6655803390502495, 42.27172874491837, -0.1677082333265497
-10.01931212579232, 42.25319973249632, -0.172916566659883
-13.372178716658611, 42.23467072007427, -0.17812489999321635
-16.724180111649137, 42.21614170765221, -0.1833332333265497
-20.075316310763878, 42.19761269523016, -0.188541566659883
-23.425587314002843, 42.17908368280811, -0.19374989999321635
-26.774993121366037, 42.160554670386055, -0.1989582333265497
-30.123533732853446, 42.142025657964, -0.204166566659883
-33.47120914846508, 42.12349664554195, -0.20937489999321635
-36.80112254088012, 41.91654588026847, -0.21458323332654966
-39.61909549574254, 40.440454055339636, -0.21979156665988298
-40.956223805455544, 37.942204350942056, -0.22499989999321635
-41.747153701487576, 35.25521942791869, -0.23020823332654966
-42.03085158343169, 31.970503531312744, -0.23541656665988303
-42.01232257100963, 28.598753117771796, -0.24062489999321635
-41.99379355858758, 25.227867900106617, -0.24583323332654966
-41.97526454616553, 21.857847878317223, -0.25104156665988303
-41.95673553374348, 18.488693052403605, -0.25624989999321635
-41.93820652132142, 15.12040342236574, -0.26145823332654966
-41.919677508899376, 11.752978988203685, -0.26666656665988303
-41.90114849647732, 8.3864197499174, -0.27187489999321635
-41.88261948405527, 5.020725707506876, -0.27708323332654966
-41.86409047163322, 1.6558968609721436, -0.28229156665988303
-41.84556145921116, -1.7080667896868174, -0.28749989999321635
-41.827032446789104, -5.0711652444699995, -0.29270823332654966
-41.80850343436706, -8.433398503377413, -0.29791656665988303
-41.789974421945004, -11.794766566409043, -0.30312489999321635
-41.771445409522954, -15.155269433564882, -0.30833323332654966
-41.752916397100904, -18.514907104844962, -0.31354156665988303
-41.73438738467885, -21.873679580249263, -0.31874989999321635
-41.71585837225679, -25.231586859777785, -0.32395823332654966
-41.69732935983474, -28.588628943430525, -0.32916656665988303
-41.67880034741269, -31.944805831207493, -0.33437489999321635
-41.53295936782342, -35.28870075308109, -0.33958323332654966
-40.536903439215685, -38.28883015154938, -0.344791566659883
-38.83595713971138, -40.30455140180278, -0.34999989999321635
-36.12369658157379, -41.504686741671634, -0.35520823332654966
-32.75201013132208, -41.58615528530248, -0.36041656665988303
-29.37175824561564, -41.56762627288042, -0.36562489999321635
-25.992371555784988, -41.54909726045837, -0.37083323332654966
-22.61385006183012, -41.53056824803631, -0.37604156665988303
-19.236193763751036, -41.51203923561426, -0.38124989999321635
-15.859402661547712, -41.4935102231922, -0.38645823332654966
-12.483476755220163, -41.47498121077015, -0.39166656665988303
-9.108416044768374, -41.4564521983481, -0.39687489999321635
-5.734220530192395, -41.437923185926046, -0.40208323332654966
-2.360890211492193, -41.419394173503996, -0.40729156665988303
1.01157491133225, -41.400865161081946, -0.41249989999321635
4.383174838280899, -41.38233614865989, -0.41770823332654966
7.753909569353828, -41.36380713623784, -0.42291656665988303
11.123779104550922, -41.34527812381579, -0.42812489999321635
14.492783443872241, -41.32674911139373, -0.43333323332654966
17.8609225873178, -41.308220098971674, -0.43854156665988303
21.228196534887566, -41.289691086549624, -0.44374989999321635
24.594605286581597, -41.27116207412757, -0.44895823332654966
27.960148842399803, -41.25263306170552, -0.45416656665988303
31.32482720234223, -41.23410404928346, -0.45937489999321635
34.68270332369264, -41.1493728284917, -0.46458323332654966
37.86498913513176, -40.633352753074504, -0.469791566659883
40.420474339928745, -39.20059205104057, -0.47499989999321635
41.15998799959524, -36.016714196700306, -0.48020823332654966
41.14145898717318, -32.62709564295282, -0.48541656665988303
41.12292997475113, -29.238342285081096, -0.49062489999321635
41.10440096232908, -25.850454123085132, -0.49583323332654966
41.08587194990703, -22.46343115696495, -0.501041566659883
41.06734293748497, -19.077273386720545, -0.5062498999932163
41.04881392506293, -15.691980812351911, -0.5114582333265497
41.030284912640866, -12.307553433859105, -0.516666566659883
41.01175590021882, -8.923991251242027, -0.5218748999932163
40.993226887796766, -5.541294264500727, -0.5270832333265497
40.97469787537471, -2.1594624736352017, -0.5322915666598831
40.956168862952666, 1.2215041213545457, -0.5374998999932163
40.93763985053061, 4.601605520468476, -0.5427082333265496
40.91911083810856, 7.980841723706668, -0.547916566659883
40.9005818256865, 11.359212731069086, -0.5531248999932163
40.88205281326445, 14.736718542555675, -0.5583332333265497
40.8635238008424, 18.113359158166592, -0.5635415666598831
40.844994788420344, 21.489134577901627, -0.5687498999932163
40.826465775998294, 24.86404480176094, -0.5739582333265496
40.807936763576244, 28.23808982974448, -0.579166566659883
40.78940775115419, 31.61126966185218, -0.5843748999932163
40.76578626228506, 34.98312762769822, -0.5895832333265497
40.508730111627415, 38.2827638509252, -0.594791566659883
38.09649689720186, 40.660249466129954, -0.5999998999932146
38.09649689720186, 40.660249466129954, -0.5999998999932146
40.45951016632918, 38.59725974465269, -0.6052082333265479
38.41912719991375, 40.14278158429606, -0.6104165666598826
35.12509471480927, 40.69967139788854, -0.6156248999932163
31.625606068443883, 40.68828829255538, -0.6208332333265497
28.1295654832579, 40.67690518722222, -0.626041566659883
24.636972959251327, 40.66552208188906, -0.6312498999932163
21.14782849642416, 40.6541389765559, -0.6364582333265497
17.6621320947764, 40.64275587122273, -0.641666566659883
14.179883754308044, 40.63137276588958, -0.6468748999932163
10.701083475019106, 40.61998966055641, -0.6520832333265497
7.225731256909572, 40.60860655522325, -0.657291566659883
3.7538270999794383, 40.597223449890095, -0.6624998999932163
0.28537100422871275, 40.585840344556935, -0.6677082333265497
-3.179637030342591, 40.57445723922377, -0.6729165666598831
-6.641197003734501, 40.56307413389061, -0.6781248999932163
-10.099308915946997, 40.55169102855746, -0.6833332333265496
-13.553972766980092, 40.54030792322429, -0.6885415666598831
-17.00518855683378, 40.52892481789113, -0.6937498999932163
-20.452956285508044, 40.51754171255797, -0.6989582333265496
-23.89727595300291, 40.50615860722481, -0.7041665666598831
-27.338147559318386, 40.49477550189165, -0.7093748999932163
-30.77557110445442, 40.48339239655849, -0.7145832333265496
-34.18794321696669, 40.34440938748514, -0.7197915666598831
-37.125568777431425, 39.61538966241078, -0.7249998999932163
-39.5909187005591, 38.239368313634024, -0.7302082333265496
-40.43785997522586, 35.04287928455747, -0.735416566659883
-40.426476869892696, 31.60020313227775, -0.7406248999932163
-40.415093764559536, 28.16097504117742, -0.7458332333265496
-40.403710659226384, 24.72519501125649, -0.751041566659883
-40.392327553893224, 21.292863042514966, -0.7562498999932163
-40.38094444856006, 17.86397913495285, -0.7614582333265496
-40.369561343226906, 14.438543288570164, -0.766666566659883
-40.35817823789374, 11.01655550336687, -0.7718748999932163
-40.34679513256058, 7.598015779342972, -0.7770832333265496
-40.33541202722743, 4.182924116498495, -0.782291566659883
-40.32402892189426, 0.7712805148334099, -0.7874998999932162
-40.3126458165611, -2.6369150256522396, -0.7927082333265496
-40.30126271122795, -6.041662504958496, -0.797916566659883
-40.28987960589478, -9.44296192308536, -0.8031248999932162
-40.278496500561616, -12.84081328003278, -0.8083332333265496
-40.26711339522846, -16.235216575800827, -0.813541566659883
-40.255730289895304, -19.62617181038946, -0.8187498999932162
-40.244347184562145, -23.01367898379866, -0.8239582333265496
-40.23296407922899, -26.397738096028455, -0.8291665666598829
-40.221580973895826, -29.778349147078863, -0.8343748999932163
-40.21019786856266, -33.155512136949866, -0.8395832333265496
-39.9380671338474, -36.48508104573336, -0.8447915666598822
-38.46017298705527, -38.868769749552605, -0.8499998999932155
-35.74096792323009, -40.08013252941046, -0.8552082333265496
-32.36414998513885, -40.16466544723008, -0.8604165666598831
-28.98173440062429, -40.153282341896926, -0.8656248999932163
-25.602766877289138, -40.14189923656376, -0.8708332333265496
-22.22724741513342, -40.1305161312306, -0.8760415666598831
-18.85517601415711, -40.11913302589744, -0.8812498999932163
-15.486552674360178, -40.10774992056428, -0.8864582333265496
-12.121377395742682, -40.09636681523112, -0.8916665666598831
-8.759650178304538, -40.08498370989796, -0.8968748999932163
-5.401371022045858, -40.0736006045648, -0.9020832333265496
-2.0465399269665845, -40.06221749923164, -0.907291566659883
1.3048431069333084, -40.05083439389848, -0.9124998999932163
4.652778079653766, -40.03945128856532, -0.9177082333265497
7.997264991194873, -40.02806818323216, -0.9229165666598831
11.338303841556515, -40.016685077899, -0.9281248999932163
14.67589463073875, -40.005301972565846, -0.9333332333265496
18.010037358741606, -39.99391886723268, -0.938541566659883
21.340732025565025, -39.98253576189952, -0.9437498999932163
24.66797863120909, -39.97115265656636, -0.9489582333265497
27.991777175673693, -39.9597695512332, -0.9541665666598831
31.312127658958886, -39.94838644590004, -0.9593748999932163
34.629030081064705, -39.93700334056688, -0.9645832333265496
37.87579577361925, -39.5317248802097, -0.969791566659883
39.66155623920437, -37.177630959390015, -0.9749998999932163
39.90285402456738, -33.917448352043095, -0.9802082333265497
39.89147091923422, -30.591845249114186, -0.9854165666598831
39.88008781390106, -27.269690207364654, -0.9906248999932163
39.868704708567904, -23.950983226794552, -0.9958332333265496
39.857321603234745, -20.63572430740385, -1.001041566659883
39.845938497901585, -17.323913449192514, -1.0062498999932163
39.834555392568426, -14.015550652160607, -1.0114582333265496
39.82317228723527, -10.710635916308162, -1.016666566659883
39.811789181902114, -7.409169241635068, -1.0218748999932163
39.80040607656895, -4.111150628141388, -1.0270832333265496
39.789022971235795, -0.8165800758271144, -1.032291566659883
39.77763986590263, 2.474542415307751, -1.0374998999932163
39.76625676056947, 5.7622168452631515, -1.0427082333265496
39.75487365523631, 9.046443214039202, -1.047916566659883
39.74349054990315, 12.327221521635845, -1.0531248999932163
39.73210744456999, 15.604551768053023, -1.0583332333265496
39.72072433923683, 18.87843395329091, -1.063541566659883
39.70934123390367, 22.14886807734927, -1.0687498999932163
39.69795812857051, 25.415854140228284, -1.0739582333265496
39.68657502323735, 28.679392141927885, -1.079166566659883
39.67519191790419, 31.93948208244802, -1.0843748999932163
39.663808812571034, 35.19612396178887, -1.0895832333265498
39.12305555409521, 38.35940429539846, -1.094791566659883
36.26009650797915, 39.6410426019047, -1.0999998999932163
36.26009650797914, 39.64104260190468, -1.0999998999932163
29.606343690689293, 39.618228698495, -1.1106381978655568
22.960357308602745, 39.595414795085325, -1.1212764957378973
16.322137361719484, 39.57260089167565, -1.1319147936102376
9.69168385003952, 39.54978698826597, -1.1425530914825779
3.0689967735628487, 39.526973084856294, -1.1531913893549184
-3.5459238677105294, 39.50415918144661, -1.1638296872272589
-10.153078073780605, 39.48134527803693, -1.1744679850995994
-16.752465844647396, 39.458531374627256, -1.1851062829719397
-23.3440871803109, 39.435717471217586, -1.1957445808442801
-29.927942080771093, 39.41290356780791, -1.2063828787166206
-36.50137279464259, 39.338869458938426, -1.217021176588961
-39.36727576098857, 34.33927378699747, -1.2276594744613012
-39.34446185757889, 27.733090385327785, -1.2382977723336417
-39.321647954169215, 21.134673418861425, -1.248936070205982
-39.29883405075954, 14.54402288759833, -1.2595743680783225
-39.276020147349854, 7.961138791538545, -1.270212665950663
-39.253206243940184, 1.3860211306820494, -1.2808509638230035
-39.23039234053051, -5.1813300949711625, -1.2914892616953437
-39.20757843712083, -11.74091488542105, -1.3021275595676842
-39.18476453371116, -18.29273324066767, -1.3127658574400247
-39.161950630301476, -24.836785160710996, -1.323404155312365
-39.139136726891806, -31.373070645551007, -1.3340424531847055
-38.5916255365567, -37.812339792932185, -1.3446807510570453
-32.441750371625744, -39.09350892007251, -1.3553190489293865
-25.88313638557624, -39.07069501666284, -1.365957346801727
-19.332288834730033, -39.04788111325316, -1.3765956446740675
-12.78920771908713, -39.025067209843485, -1.3872339425464078
-6.253893038647541, -39.00225330643381, -1.3978722404187482
0.27365520658881276, -38.979439403024124, -1.4085105382910887
6.793437016621834, -38.95662549961445, -1.419148836163429
13.305452391451553, -38.93381159620477, -1.4297871340357695
19.809701331078006, -38.91099769279509, -1.4404254319081098
26.306183835501155, -38.88818378938542, -1.4510637297804505
32.794899904720985, -38.865369885975745, -1.461702027652791
38.52797491646799, -37.04094296067862, -1.4723403255251313
38.81974207915637, -30.567526261863907, -1.4829786233974716
38.7969281757467, -24.056481691434612, -1.493616921269812
38.77411427233702, -17.553203556208583, -1.5042552191421525
38.751300368927346, -11.05769185618582, -1.514893517014493
38.728486465517676, -4.5699465913664055, -1.5255318148868335
38.70567256210799, 1.9100322382497312, -1.5361701127591738
38.68285865869832, 8.382244632662573, -1.546808410631514
38.66004475528864, 14.84669059187212, -1.5574467085038546
38.63723085187896, 21.30337011587837, -1.568085006376195
38.61441694846929, 27.752283204681326, -1.5787233042485356
38.591603045059614, 34.19342985828099, -1.5893616021208758
35.18784304772437, 38.5687891416499, -1.5999998999932163
35.187843047724364, 38.56878914164988, -1.5999998999932163
28.716601457711924, 38.5459752382402, -1.6106381978655568
22.253126302902782, 38.523161334830526, -1.6212764957378973
15.797417583296934, 38.50034743142085, -1.6319147936102376
9.349475298894378, 38.47753352801118, -1.6425530914825779
2.9092994496951188, 38.4547196246015, -1.6531913893549184
-3.5231099643008483, 38.43190572119182, -1.6638296872272589
-9.947752943093517, 38.40909181778214, -1.6744679850995994
-16.364629486682897, 38.386277914372464, -1.6851062829719399
-22.773739595068985, 38.36346401096279, -1.6957445808442801
-29.175083268251765, 38.34065010755311, -1.7063828787166206
-35.56526763325584, 38.25244872965814, -1.717021176588961
-38.29502230073377, 33.31264813356202, -1.7276594744613012
-38.27220839732409, 26.888975959169755, -1.7382977723336415
-38.249394493914416, 20.4730702199808, -1.748936070205982
-38.22658059050474, 14.064930915995124, -1.7595743680783225
-38.203766687095055, 7.664558047212744, -1.770212665950663
-38.180952783685385, 1.2719516136336715, -1.7808509638230032
-38.15813888027571, -5.112888384742124, -1.7914892616953437
-38.13532497686603, -11.489961947914606, -1.802127559567684
-38.11251107345636, -17.85926907588381, -1.8127658574400245
-38.089697170046676, -24.2208097686497, -1.823404155312365
-38.06688326663701, -30.574584026212328, -1.8340424531847055
-37.46424380861747, -36.81085602122256, -1.8446807510570462
-31.460752525009667, -38.02125545981774, -1.8553190489293865
-25.08464976623758, -37.99844155640805, -1.8659573468017268
-18.716313442668792, -37.975627652998384, -1.8765956446740675
-12.355743554303277, -37.95281374958871, -1.8872339425464078
-6.002940101141087, -37.92999984617903, -1.8978722404187482
0.3420969168178146, -37.907185942769345, -1.9085105382910887
6.679367499573428, -37.884372039359675, -1.9191488361634292
13.008871647125737, -37.86155813595, -1.9297871340357693
19.330609359474792, -37.83874423254032, -1.94042543190811
25.644580636620525, -37.815930329130644, -1.9510637297804503
31.950785478562953, -37.79311642572097, -1.9617020276527908
37.4729453768444, -35.926437479013764, -1.9723403255251313
37.7474886189016, -29.63215622206718, -1.9829786233974718
37.72467471549193, -23.30362287891528, -1.9936169212698123
37.70186081208225, -16.982855970966664, -2.0042552191421525
37.679046908672575, -10.66985549822134, -2.014893517014493
37.6562330052629, -4.364621460679297, -2.0255318148868335
37.63341910185322, 1.9328461416594231, -2.036170112759174
37.610605198443544, 8.222547308794802, -2.046808410631514
37.58779129503387, 14.504482040726996, -2.057446708503855
37.5649773916242, 20.778650337455847, -2.068085006376195
37.54216348821452, 27.045052198981402, -2.078723304248536
37.519349584804836, 33.30368762530367, -2.089361602120876
34.11558958746959, 37.4965356813951, -2.0999998999932163
34.11558958746959, 37.496535681395095, -2.0999998999932163
27.826859224734566, 37.47372177798542, -2.1106381978655566
21.545895297202836, 37.45090787457574, -2.1212764957378973
15.2726978048744, 37.42809397116607, -2.1319147936102376
9.007266747749256, 37.40528006775639, -2.1425530914825783
2.749602125827406, 37.38246616434671, -2.1531913893549186
-3.500296060891146, 37.359652260937025, -2.163829687227259
-9.74242781240641, 37.33683835752735, -2.174467985099599
-15.976793128718375, 37.31402445411767, -2.1851062829719394
-22.203392009827045, 37.291210550708, -2.19574458084428
-28.422224455732426, 37.268396647298324, -2.206382878716621
-34.62916247186903, 37.16602800037785, -2.217021176588961
-37.22276884047897, 32.286022480126604, -2.227659474461301
-37.19995493706929, 26.044861533011748, -2.2382977723336412
-37.177141033659616, 19.81146702110019, -2.248936070205982
-37.15432713024994, 13.585838944391936, -2.2595743680783222
-37.131513226840255, 7.367977302886956, -2.2702126659506625
-37.108699323430585, 1.1578820965852867, -2.2808509638230032
-37.08588542002091, -5.044446674513089, -2.2914892616953435
-37.06307151661123, -11.239009010408179, -2.3021275595676842
-37.040257613201554, -17.425804911099974, -2.3127658574400245
-37.01744370979188, -23.604834376588457, -2.3234041553123648
-36.99462980638221, -29.77609740687366, -2.334042453184705
-36.32746288512715, -35.80313002418279, -2.344680751057046
-30.47975467839359, -36.94900199956297, -2.3553190489293865
-24.2861631468989, -36.92618809615329, -2.3659573468017268
-18.100338050607522, -36.90337419274361, -2.3765956446740675
-11.922279389519428, -36.880560289333935, -2.387233942546408
-5.75198716363464, -36.85774638592426, -2.3978722404187485
0.4105386270468612, -36.834932482514574, -2.4085105382910887
6.565297982525063, -36.812118579104904, -2.419148836163429
12.712290902799971, -36.78930467569523, -2.4297871340357693
18.851517387871613, -36.76649077228555, -2.44042543190811
24.982977437739926, -36.74367686887587, -2.4510637297804507
31.10667105240495, -36.720862965466196, -2.461702027652791
36.41791583722079, -34.811931997348964, -2.4723403255251313
36.67523515864683, -28.696786182270486, -2.4829786233974716
36.652421255237144, -22.55076406639599, -2.4936169212698123
36.629607351827474, -16.41250838572475, -2.5042552191421525
36.6067934484178, -10.282019140256851, -2.514893517014493
36.58397954500812, -4.159296329992247, -2.5255318148868335
36.56116564159845, 1.9556600450690587, -2.536170112759174
36.538351738188766, 8.06284998492709, -2.546808410631514
36.515537834779096, 14.16227348958179, -2.5574467085038544
36.49272393136942, 20.25393055903321, -2.568085006376195
36.469910027959735, 26.337821193281393, -2.5787233042485354
36.447096124550065, 32.41394539232623, -2.589361602120876
33.043336127214815, 36.4242822211403, -2.5999998999932163
33.043336127214815, 36.424282221140295, -2.5999998999932163
26.9371169917572, 36.40146831773062, -2.6106381978655566
20.83866429150288, 36.37865441432095, -2.6212764957378973
14.747978026451852, 36.355840510911264, -2.6319147936102376
8.665058196604118, 36.33302660750159, -2.642553091482578
2.5899048019596806, 36.31021270409191, -2.653191389354918
-3.4774821574814627, 36.287398800682226, -2.663829687227259
-9.537102681719313, 36.26458489727255, -2.674467985099599
-15.588956770753875, 36.24177099386287, -2.68510628297194
-21.63304442458513, 36.2189570904532, -2.69574458084428
-27.669365643213098, 36.19614318704352, -2.706382878716621
-33.693057310482274, 36.07960727109756, -2.717021176588961
-36.15051538022418, 31.259396826691134, -2.727659474461301
-36.127701476814494, 25.20074710685369, -2.7382977723336412
-36.104887573404824, 19.149863822219555, -2.748936070205982
-36.08207366999514, 13.106746972788695, -2.7595743680783222
-36.05925976658546, 7.071396558561126, -2.7702126659506625
-36.03644586317579, 1.0438125795368662, -2.7808509638230037
-36.013631959766116, -4.976004964284106, -2.7914892616953435
-35.99081805635643, -10.988056072901792, -2.8021275595676842
-35.96800415294676, -16.992340746316174, -2.8127658574400245
-35.945190249537085, -22.988858984527273, -2.8234041553123648
-35.92237634612741, -28.97761078753505, -2.834042453184705
-35.19068196163678, -34.795404027143064, -2.844680751057046
-29.49875683177745, -35.87674853930818, -2.8553190489293865
-23.487676527560165, -35.85393463589851, -2.8659573468017268
-17.48436265854619, -35.831120732488834, -2.8765956446740675
-11.488815224735529, -35.80830682907916, -2.8872339425464078
-5.501034226128159, -35.78549292566948, -2.8978722404187485
0.478980337275944, -35.762679022259796, -2.9085105382910887
6.451228465476724, -35.73986511885012, -2.919148836163429
12.415710158474246, -35.71705121544044, -2.9297871340357693
18.372425416268445, -35.694237312030765, -2.94042543190811
24.321374238859338, -35.671423408621095, -2.9510637297804507
30.262556626246955, -35.64860950521141, -2.961702027652791
35.36288629759717, -33.69742651568414, -2.9723403255251313
35.60298169839206, -27.76141614247375, -2.9829786233974716
35.58016779498237, -21.797905253876678, -2.9936169212698123
35.5573538915727, -15.84216080048289, -3.004255219142152
35.534539988163026, -9.894182782292386, -3.014893517014493
35.51172608475335, -3.9539711993052036, -3.0255318148868335
35.48891218134367, 1.9784739484786873, -3.036170112759174
35.466098277933995, 7.90315266105934, -3.046808410631514
35.44328437452432, 13.820064938436655, -3.057446708503855
35.42047047111464, 19.72921078061067, -3.068085006376195
35.39765656770497, 25.63059018758146, -3.0787233042485354
35.374842664295294, 31.5242031593489, -3.0893616021208756
31.971082666960033, 35.35202876088551, -3.0999998999932163
31.971082666960037, 35.352028760885496, -3.0999998999932163
26.047374758779835, 35.32921485747582, -3.1106381978655566
20.13143328580292, 35.30640095406615, -3.1212764957378973
14.223258248029303, 35.283587050656465, -3.1319147936102376
8.322849645458978, 35.26077314724679, -3.142553091482578
2.4302074780919503, 35.23795924383711, -3.153191389354918
-3.454668254071783, 35.215145340427426, -3.163829687227259
-9.331777551032223, 35.19233143701775, -3.174467985099599
-15.20112041278937, 35.16951753360807, -3.1851062829719394
-21.062696839343232, 35.1467036301984, -3.19574458084428
-26.916506830693788, 35.123889726788725, -3.206382878716621
-32.75603750995307, 34.989534261130295, -3.217021176588961
-35.078261919969385, 30.232771173255692, -3.227659474461301
-35.05544801655971, 24.356632680695643, -3.2382977723336412
-35.03263411315003, 18.48826062333892, -3.248936070205982
-35.009820209740354, 12.627655001185476, -3.2595743680783222
-34.98700630633068, 6.774815814235321, -3.2702126659506625
-34.964192402921, 0.9297430624884704, -3.280850963823003
-34.94137849951132, -4.907563254055102, -3.2914892616953435
-34.918564596101646, -10.73710313539536, -3.302127559567684
-34.895750692691976, -16.55887658153233, -3.3127658574400245
-34.87293678928229, -22.37288359246601, -3.3234041553123648
-34.85012288587262, -28.179124168196388, -3.334042453184705
-34.05390103814646, -33.78767803010328, -3.344680751057046
-28.51775898516136, -34.80449507905341, -3.3553190489293865
-22.6891899082215, -34.781681175643726, -3.3659573468017268
-16.868387266484937, -34.758867272234056, -3.376595644674067
-11.055351059951697, -34.73605336882438, -3.3872339425464078
-5.250081288621734, -34.7132394654147, -3.397872240418748
0.5474220475049474, -34.69042556200502, -3.4085105382910887
6.337158948428324, -34.66761165859535, -3.419148836163429
12.119129414148407, -34.64479775518567, -3.4297871340357697
17.893333444665195, -34.621983851775994, -3.44042543190811
23.659771039978693, -34.59916994836632, -3.4510637297804507
29.418442200088883, -34.57635604495664, -3.461702027652791
34.30785675797357, -32.58292103401932, -3.4723403255251313
34.53072823813727, -26.826046102677054, -3.4829786233974716
34.507914334727595, -21.04504644135738, -3.493616921269812
34.48510043131792, -15.271813215240995, -3.504255219142152
34.46228652790824, -9.506346424327925, -3.514893517014493
34.43947262449856, -3.7486460686181275, -3.525531814886833
34.416658721088886, 2.0012878518883492, -3.536170112759174
34.39384481767921, 7.743455337191567, -3.5468084106315145
34.37103091426954, 13.477856387291508, -3.557446708503855
34.34821701085986, 19.204491002188107, -3.568085006376195
34.325403107450185, 24.92335918188141, -3.578723304248536
34.30258920404051, 30.63446092637141, -3.589361602120876
30.898829206705265, 34.27977530063071, -3.5999998999932163
30.898829206705265, 34.279775300630696, -3.5999998999932163
25.15763252580247, 34.25696139722102, -3.6106381978655566
19.42420228010297, 34.23414749381135, -3.6212764957378973
13.698538469606767, 34.211333590401665, -3.6319147936102376
7.980641094313853, 34.18851968699199, -3.6425530914825783
2.2705101542242336, 34.16570578358231, -3.6531913893549186
-3.4318543506620873, 34.142891880172634, -3.663829687227259
-9.126452420345117, 34.12007797676296, -3.674467985099599
-14.813284054824857, 34.09726407335327, -3.6851062829719394
-20.492349254101303, 34.0744501699436, -3.69574458084428
-26.163648018174452, 34.051636266533926, -3.706382878716621
-31.814740801522202, 33.88238296596343, -3.717021176588961
-34.006008459714586, 29.206145519820254, -3.7276594744613005
-33.98319455630491, 23.51251825453763, -3.7382977723336412
-33.96038065289523, 17.82665742445831, -3.7489360702059815
-33.937566749485555, 12.148563029582276, -3.7595743680783222
-33.91475284607588, 6.478235069909543, -3.7702126659506625
-33.8919389426662, 0.8156735454401047, -3.780850963823003
-33.869125039256524, -4.839121543826042, -3.791489261695343
-33.84631113584685, -10.4861501978889, -3.8021275595676833
-33.82349723243718, -16.12541241674846, -3.8127658574400245
-33.80068332902749, -21.756908200404716, -3.8234041553123648
-33.77786942561782, -27.380637548857692, -3.834042453184705
-32.917120114656164, -32.77995203306347, -3.8446807510570453
-27.53676113854531, -33.73224161879863, -3.8553190489293865
-21.890703288882868, -33.709427715388955, -3.865957346801727
-16.252411874423714, -33.68661381197928, -3.8765956446740675
-10.621886895167854, -33.6637999085696, -3.887233942546408
-4.999128351115308, -33.640986005159924, -3.8978722404187485
0.6158637577339591, -33.61817210175024, -3.9085105382910887
6.223089431379933, -33.59535819834056, -3.919148836163429
11.822548669822604, -33.572544294930886, -3.9297871340357693
17.414241473061992, -33.54973039152121, -3.9404254319081105
22.998167841098088, -33.52691648811154, -3.9510637297804503
28.574327773930875, -33.50410258470186, -3.9617020276527906
33.25282721834996, -31.468415552354507, -3.9723403255251313
33.45847477788249, -25.89067606288036, -3.9829786233974716
33.435660874472816, -20.29218762883809, -3.9936169212698123
33.412846971063146, -14.701465629999115, -4.004255219142152
33.39003306765347, -9.118510066363415, -4.014893517014493
33.36721916424379, -3.5433209379310266, -4.0255318148868335
33.344405260834115, 2.0241017552980636, -4.036170112759174
33.32159135742444, 7.583758013323839, -4.046808410631514
33.29877745401477, 13.135647836146346, -4.057446708503854
33.27596355060509, 18.679771223765552, -4.0680850063761955
33.253149647195414, 24.216128176181467, -4.078723304248536
33.23033574378574, 29.74471869339409, -4.089361602120876
29.82657574645048, 33.20752184037592, -4.099999899993216
29.82657574645048, 33.2075218403759, -4.099999899993216
24.267890292825093, 33.18470793696621, -4.110638197865557
18.716971274403008, 33.16189403355654, -4.121276495737897
13.173818691184213, 33.139080130146866, -4.131914793610238
7.638432543168709, 33.11626622673719, -4.142553091482577
2.1108128303565006, 33.09345232332751, -4.153191389354919
-3.4090404472524085, 33.070638419917834, -4.163829687227259
-8.921127289658028, 33.04782451650816, -4.174467985099599
-14.425447696860354, 33.02501061309848, -4.185106282971939
-19.922001668859384, 33.0021967096888, -4.195744580844281
-25.410789205655124, 32.979382806279126, -4.206382878716621
-30.869243405484205, 32.75845774378234, -4.217021176588961
-32.93375499945979, 28.1795198663848, -4.227659474461301
-32.91094109605011, 22.668403828379592, -4.238297772333642
-32.88812719264043, 17.165054225577684, -4.248936070205982
-32.865313289230755, 11.669471057979067, -4.259574368078322
-32.84249938582108, 6.181654325583745, -4.2702126659506625
-32.8196854824114, 0.7016040283917169, -4.280850963823004
-32.796871579001724, -4.770679833597008, -4.291489261695343
-32.77405767559205, -10.235197260382453, -4.302127559567683
-32.75124377218237, -15.691948251964607, -4.312765857440025
-32.72842986877269, -21.140932808343457, -4.323404155312365
-32.705615965363016, -26.58215092951902, -4.334042453184706
-31.78033919116583, -31.772226036023696, -4.344680751057045
-26.55576329192922, -32.659988158543854, -4.3553190489293865
-21.092216669544193, -32.63717425513418, -4.365957346801727
-15.636436482362456, -32.6143603517245, -4.376595644674067
-10.188422730384001, -32.59154644831482, -4.387233942546408
-4.748175413608863, -32.568732544905146, -4.397872240418748
0.6843054679629913, -32.54591864149546, -4.408510538291089
6.109019914331551, -32.52310473808579, -4.419148836163429
11.525967925496818, -32.500290834676115, -4.42978713403577
16.93514950145879, -32.47747693126644, -4.44042543190811
22.336564642217468, -32.45466302785676, -4.451063729780451
27.730213347772853, -32.43184912444708, -4.461702027652791
32.197797678726346, -30.3539100706897, -4.472340325525131
32.386221317627715, -24.955306023083658, -4.4829786233974716
32.363407414218045, -19.53932881631878, -4.493616921269812
32.34059351080837, -14.13111804475722, -4.504255219142152
32.31777960739869, -8.73067370839895, -4.514893517014493
32.294965703989014, -3.3379958072439755, -4.5255318148868335
32.27215180057934, 2.046915658707727, -4.536170112759174
32.24933789716966, 7.424060689456109, -4.546808410631514
32.22652399375999, 12.7934392850012, -4.557446708503854
32.20371009035031, 18.155051445343, -4.5680850063761955
32.180896186940636, 23.5088971704815, -4.578723304248536
32.1498039644437, 28.85454690895693, -4.589361602120876
28.75432228619571, 32.13526838012112, -4.599999899993216
28.75432228619571, 32.135268380121104, -4.599999899993216
23.378148059847735, 32.11245447671143, -4.610638197865557
18.00974026870306, 32.08964057330175, -4.621276495737898
12.649098912761671, 32.06682666989207, -4.631914793610238
7.296223992023585, 32.044012766482396, -4.642553091482578
1.9511155064887886, 32.02119886307272, -4.653191389354919
-3.3862265438427173, 31.99838495966304, -4.663829687227259
-8.715802158970922, 31.975571056253365, -4.674467985099599
-14.037611338895832, 31.95275715284368, -4.685106282971939
-19.35165408361745, 31.92994324943401, -4.695744580844281
-24.657930393135775, 31.907129346024334, -4.706382878716621
-29.923746009446162, 31.634532521601265, -4.717021176588961
-31.861501539204987, 27.152894212949377, -4.7276594744613005
-31.83868763579531, 21.82428940222158, -4.738297772333641
-31.815873732385633, 16.503451026697086, -4.748936070205982
-31.793059828975956, 11.190379086375884, -4.759574368078322
-31.77024592556628, 5.88507358125797, -4.770212665950662
-31.74743202215661, 0.5875345113433516, -4.780850963823003
-31.724618118746925, -4.702238123367969, -4.791489261695343
-31.701804215337248, -9.984244322876009, -4.802127559567683
-31.678990311927578, -15.258484087180742, -4.8127658574400245
-31.6561764085179, -20.52495741628219, -4.823404155312364
-31.633362505108224, -25.783664310180338, -4.834042453184704
-30.64355826767551, -30.76450003898391, -4.844680751057046
-25.57476544531314, -31.587734698289076, -4.8553190489293865
-20.293730050205525, -31.564920794879402, -4.865957346801727
-15.020461090301207, -31.54210689146972, -4.876595644674067
-9.754958565600177, -31.519292988060045, -4.887233942546407
-4.497222476102426, -31.496479084650367, -4.8978722404187485
0.7527471781920161, -31.47366518124069, -4.908510538291089
5.994950397283162, -31.450851277831013, -4.919148836163429
11.229387181171013, -31.428037374421336, -4.929787134035769
16.456057529855592, -31.40522347101166, -4.94042543190811
21.674961443336855, -31.382409567601982, -4.951063729780451
26.88609892161485, -31.359595664192305, -4.961702027652791
31.142768139102742, -29.239404589024872, -4.972340325525131
31.313967857372944, -24.01993598328694, -4.9829786233974716
31.291153953963263, -18.78647000379949, -4.993616921269812
31.26834005055359, -13.560770459515318, -5.004255219142152
31.245526147143913, -8.342837350434465, -5.014893517014493
31.222712243734236, -3.132670676556908, -5.0255318148868335
31.199898340324562, 2.069729562117385, -5.036170112759174
31.177084436914885, 7.2643633655883555, -5.046808410631514
31.15427053350521, 12.451230733856033, -5.057446708503854
31.13145663009553, 17.63033166692041, -5.068085006376195
31.108642726685858, 22.801666164781512, -5.078723304248535
31.05888275703766, 27.96383603029747, -5.089361602120876
27.682068825940927, 31.063014919866323, -5.099999899993216
27.68206882594093, 31.063014919866305, -5.099999899993216
22.48840582687037, 31.040201016456628, -5.110638197865557
17.302509263003103, 31.017387113046954, -5.121276495737897
12.12437913433913, 30.994573209637277, -5.131914793610237
6.95401544087845, 30.971759306227597, -5.142553091482577
1.7914181826210667, 30.948945402817916, -5.153191389354918
-3.363412640433027, 30.926131499408243, -5.16382968722726
-8.510477028283823, 30.903317595998566, -5.1744679850996
-13.649774980931321, 30.880503692588885, -5.18510628297194
-18.781306498375532, 30.85768978917921, -5.195744580844281
-23.90507158061644, 30.834875885769534, -5.206382878716621
-28.97824861340814, 30.510607299420187, -5.217021176588961
-30.789248078950195, 26.12626855951394, -5.2276594744613005
-30.76643417554051, 20.98017497606356, -5.238297772333641
-30.74362027213084, 15.841847827816466, -5.248936070205981
-30.720806368721163, 10.711287114772674, -5.259574368078322
-30.697992465311486, 5.588492836932167, -5.2702126659506625
-30.675178561901813, 0.47346499429495204, -5.280850963823003
-30.652364658492132, -4.633796413138954, -5.291489261695343
-30.629550755082455, -9.733291385369581, -5.302127559567683
-30.60673685167278, -14.825019922396905, -5.3127658574400245
-30.5839229482631, -19.908982024220947, -5.323404155312364
-30.561109044853428, -24.985177690841684, -5.334042453184705
-29.506777344185174, -29.756774041944148, -5.344680751057046
-24.593767598697028, -30.515481238034297, -5.3553190489293865
-19.49524343086682, -30.492667334624624, -5.365957346801727
-14.404485698239913, -30.469853431214947, -5.376595644674067
-9.321494400816306, -30.447039527805266, -5.387233942546407
-4.246269538595959, -30.424225624395593, -5.397872240418748
0.8211888884210701, -30.40141172098592, -5.408510538291089
5.880880880234821, -30.378597817576242, -5.419148836163429
10.932806436845262, -30.355783914166558, -5.42978713403577
15.976965558252436, -30.332970010756885, -5.44042543190811
21.01335824445629, -30.310156107347208, -5.451063729780451
26.041984495456873, -30.287342203937534, -5.461702027652791
30.087738599479156, -28.12489910736, -5.472340325525131
30.241714397118162, -23.08456594349019, -5.4829786233974716
30.21890049370849, -18.033611191280126, -5.493616921269812
30.196086590298812, -12.990422874273422, -5.504255219142152
30.173272686889135, -7.955000992469969, -5.514893517014492
30.150458783479458, -2.9273455458698363, -5.525531814886833
30.12764488006978, 2.0925434655270316, -5.536170112759174
30.104830976660107, 7.104666041720576, -5.546808410631514
30.08201707325043, 12.109022182710849, -5.557446708503855
30.059203169840753, 17.105611888497805, -5.5680850063761955
30.036389266431076, 22.094435159081506, -5.578723304248536
29.967739604748907, 27.073113635200016, -5.589361602120876
26.609815365686153, 29.990761459611527, -5.599999899993216
26.609815365686153, 29.990761459611512, -5.599999899993216
21.598663593893, 29.967947556201832, -5.610638197865557
16.595278257303146, 29.945133652792162, -5.621276495737897
11.599659355916582, 29.92231974938248, -5.631914793610238
6.611806889733312, 29.899505845972804, -5.642553091482578
1.63172085875334, 29.876691942563124, -5.653191389354918
-3.340598737023343, 29.85387803915345, -5.66382968722726
-8.30515189759673, 29.831064135743773, -5.674467985099599
-13.261938622966824, 29.808250232334093, -5.685106282971939
-18.21095891313362, 29.785436328924416, -5.695744580844281
-23.152212768097126, 29.762622425514742, -5.706382878716621
-28.032751217370148, 29.386682077239094, -5.717021176588961
-29.716994618695395, 25.099642906078483, -5.727659474461301
-29.694180715285718, 20.1360605499055, -5.738297772333641
-29.67136681187604, 15.180244628935823, -5.748936070205981
-29.648552908466364, 10.232195143169438, -5.759574368078322
-29.625739005056687, 5.291912092606347, -5.770212665950662
-29.602925101647017, 0.35939547724654325, -5.780850963823003
-29.580111198237333, -4.565354702909959, -5.791489261695343
-29.55729729482766, -9.48233844786317, -5.802127559567683
-29.534483391417986, -14.39155575761309, -5.812765857440024
-29.511669488008305, -19.29300663215971, -5.823404155312365
-29.48885558459863, -24.186691071503045, -5.834042453184704
-28.369996420694825, -28.749048044904395, -5.844680751057046
-23.612769752080915, -29.443227777779526, -5.8553190489293865
-18.69675681152811, -29.42041387436985, -5.865957346801727
-13.788510306178598, -29.397599970960172, -5.876595644674067
-8.888030236032382, -29.37478606755049, -5.887233942546408
-3.995316601089469, -29.351972164140818, -5.8978722404187485
0.889630598650154, -29.32915826073114, -5.908510538291089
5.766811363186494, -29.306344357321464, -5.919148836163429
10.636225692519512, -29.283530453911787, -5.92978713403577
15.497873586649263, -29.26071655050211, -5.9404254319081105
20.35175504557571, -29.237902647092433, -5.951063729780451
25.197870069298872, -29.215088743682756, -5.961702027652791
29.03270905985556, -27.01039362569516, -5.972340325525131
29.169460936863388, -22.149195903693432, -5.9829786233974716
29.14664703345371, -17.28075237876082, -5.993616921269813
29.123833130044034, -12.420075289031496, -6.004255219142152
29.101019226634357, -7.567164634505455, -6.014893517014493
29.078205323224683, -2.7220204151827128, -6.025531814886833
29.055391419815006, 2.11535736893674, -6.036170112759174
29.032577516405333, 6.944968717852845, -6.046808410631514
29.009763612995656, 11.76681363156571, -6.057446708503854
28.98694970958598, 16.58089211007528, -6.068085006376195
28.964135806176305, 21.387204153381557, -6.078723304248536
28.87659645246013, 26.18239124010261, -6.089361602120876
25.537561905431374, 28.918507999356727, -6.099999899993216
25.53756190543138, 28.918507999356713, -6.099999899993216
20.70892136091564, 28.895694095947036, -6.110638197865557
15.88804725160319, 28.872880192537362, -6.121276495737898
11.074939577494035, 28.850066289127685, -6.131914793610237
6.2695983385881755, 28.827252385718, -6.142553091482578
1.4720235348856066, 28.804438482308328, -6.153191389354918
-3.317784833613662, 28.78162457889865, -6.16382968722726
-8.099826766909642, 28.758810675488974, -6.174467985099599
-12.874102265002325, 28.735996772079293, -6.185106282971939
-17.64061132789172, 28.71318286866962, -6.195744580844281
-22.399353955577816, 28.690368965259943, -6.206382878716621
-27.087253821332144, 28.262756855058, -6.217021176588961
-28.644741158440603, 24.073017252643027, -6.227659474461301
-28.62192725503092, 19.291946123747458, -6.238297772333641
-28.599113351621245, 14.518641430055187, -6.248936070205982
-28.576299448211564, 9.753103171566206, -6.259574368078321
-28.55348554480189, 4.995331348280529, -6.2702126659506625
-28.530671641392217, 0.24532596019813524, -6.280850963823003
-28.50785773798254, -4.496912992680965, -6.291489261695343
-28.485043834572863, -9.231385510356763, -6.302127559567683
-28.462229931163186, -13.95809159282927, -6.312765857440024
-28.43941602775351, -18.677031240098472, -6.323404155312364
-28.416602124343832, -23.3882044521644, -6.334042453184705
-27.23321549720449, -27.741322047864628, -6.344680751057046
-22.63177190546481, -28.370974317524748, -6.3553190489293865
-17.898270192189422, -28.34816041411507, -6.365957346801727
-13.172534914117321, -28.325346510705398, -6.376595644674067
-8.454566071248511, -28.302532607295717, -6.387233942546407
-3.7443636635830124, -28.27971870388604, -6.397872240418748
0.9580723088792013, -28.256904800476363, -6.408510538291088
5.652741846138122, -28.23409089706669, -6.419148836163429
10.339644948193719, -28.21127699365701, -6.42978713403577
15.018781615046048, -28.188463090247332, -6.44042543190811
19.690151846695088, -28.165649186837655, -6.451063729780451
24.353755643140826, -28.14283528342798, -6.461702027652791
27.977679520231938, -25.89588814403037, -6.472340325525131
28.09720747660861, -21.213825863896737, -6.4829786233974716
28.074393573198932, -16.527893566241534, -6.493616921269812
28.05157966978926, -11.849727703789615, -6.504255219142153
28.028765766379582, -7.179328276541012, -6.514893517014492
28.005951862969905, -2.516695284495682, -6.5255318148868335
27.98313795956023, 2.1381712723463533, -6.536170112759174
27.960324056150554, 6.785271393985088, -6.546808410631515
27.937510152740877, 11.424605080420537, -6.557446708503854
27.9146962493312, 16.05617233165269, -6.5680850063761955
27.891882345921523, 20.679973147681554, -6.578723304248536
27.78545330017137, 25.291668845005137, -6.589361602120875
24.465308445176625, 27.846254539101928, -6.599999899993216
24.465308445176596, 27.846254539101917, -6.599999899993216
19.819179127938266, 27.82344063569224, -6.610638197865557
15.18081624590323, 27.800626732282563, -6.621276495737898
10.550219799071487, 27.777812828872886, -6.631914793610238
5.92738978744304, 27.75499892546321, -6.642553091482577
1.3123262110178882, 27.732185022053528, -6.653191389354919
-3.294970930203977, 27.709371118643855, -6.66382968722726
-7.894501636222543, 27.686557215234178, -6.674467985099599
-12.486265907037813, 27.663743311824497, -6.685106282971939
-17.070263742649793, 27.640929408414824, -6.695744580844281
-21.646495143058473, 27.618115505005143, -6.706382878716621
-26.141756425294133, 27.138831632876915, -6.717021176588961
-27.572487698185803, 23.04639159920758, -6.727659474461301
-27.549673794776126, 18.44783169758943, -6.73829777233364
-27.52685989136645, 13.857038231174563, -6.748936070205981
-27.504045987956772, 9.274011199962995, -6.759574368078322
-27.481232084547095, 4.698750603954732, -6.770212665950662
-27.458418181137418, 0.13125644314975357, -6.780850963823003
-27.435604277727744, -4.42847128245193, -6.791489261695343
-27.412790374318064, -8.980432572850326, -6.802127559567683
-27.389976470908394, -13.524627428045413, -6.8127658574400245
-27.367162567498713, -18.061055848037213, -6.823404155312364
-27.34434866408904, -22.58971783282572, -6.834042453184704
-26.096434573714177, -26.733596050824843, -6.844680751057046
-21.65077405884874, -27.29872085726997, -6.8553190489293865
-17.099783572850768, -27.275906953860293, -6.865957346801727
-12.55655952205609, -27.253093050450616, -6.876595644674067
-8.021101906464697, -27.23027914704094, -6.887233942546408
-3.4934107260765943, -27.207465243631262, -6.897872240418748
1.0265140191082005, -27.18465134022159, -6.908510538291088
5.538672329089727, -27.161837436811908, -6.919148836163429
10.043064203867912, -27.13902353340223, -6.929787134035769
14.539689643442848, -27.116209629992554, -6.9404254319081105
19.02854864781447, -27.093395726582877, -6.951063729780451
23.5096412169828, -27.070581823173203, -6.961702027652791
26.922649980608327, -24.781382662365555, -6.972340325525131
27.024954016353835, -20.278455824100043, -6.9829786233974716
27.00214011294416, -15.77503475372222, -6.993616921269812
26.97932620953448, -11.279380118547714, -7.004255219142152
26.956512306124807, -6.791491918576506, -7.014893517014492
26.93369840271513, -2.3113701538085873, -7.0255318148868335
26.910884499305453, 2.1609851757560374, -7.036170112759174
26.88807059589578, 6.625574070117369, -7.046808410631515
26.8652566924861, 11.082396529275432, -7.057446708503855
26.842442789076426, 15.53145255323015, -7.068085006376195
26.819628885666752, 19.972742141981595, -7.078723304248536
26.6943101478826, 24.400946449907764, -7.089361602120876
23.393054984921818, 26.774001078847135, -7.099999899993216
23.393054984921825, 26.77400107884712, -7.099999899993216
18.929436894960904, 26.751187175437444, -7.110638197865557
14.473585240203278, 26.72837327202777, -7.121276495737897
10.025500020648947, 26.70555936861809, -7.131914793610237
5.585181236297907, 26.68274546520841, -7.142553091482578
1.1526288871501644, 26.659931561798732, -7.153191389354919
-3.272157026794285, 26.63711765838906, -7.16382968722726
-7.689176505535441, 26.61430375497938, -7.174467985099599
-12.0984295490733, 26.591489851569705, -7.185106282971939
-16.499916157407863, 26.568675948160024, -7.195744580844281
-20.89363633053914, 26.54586204475035, -7.206382878716621
-25.192932088363094, 26.009896888228063, -7.217021176588963
-26.500234237931007, 22.019765945772157, -7.227659474461301
-26.477420334521327, 17.603717271431414, -7.23829777233364
-26.454606431111653, 13.195435032293958, -7.248936070205981
-26.431792527701976, 8.794919228359802, -7.259574368078321
-26.4089786242923, 4.402169859628946, -7.270212665950661
-26.386164720882626, 0.017186926101386925, -7.280850963823003
-26.36335081747295, -4.360029572222883, -7.291489261695343
-26.34053691406327, -8.729479635343868, -7.302127559567683
-26.317723010653594, -13.091163263261546, -7.312765857440024
-26.294909107243917, -17.44508045597593, -7.323404155312364
-26.27209520383424, -21.791231213487023, -7.334042453184704
-24.95469264822649, -25.71840005302961, -7.344680751057046
-20.66977621223269, -26.226467397015192, -7.3553190489293865
-16.301296953512114, -26.20365349360552, -7.365957346801727
-11.940584129994853, -26.18083959019584, -7.376595644674067
-7.587637741680865, -26.15802568678616, -7.387233942546407
-3.242457788570179, -26.135211783376484, -7.397872240418748
1.0949557293372136, -26.11239787996681, -7.408510538291088
5.424602812041327, -26.089583976557137, -7.419148836163429
9.746483459542127, -26.066770073147453, -7.429787134035769
14.06059767183964, -26.04395616973778, -7.44042543190811
18.366945448933848, -26.021142266328102, -7.45106372978045
22.665094598603304, -25.989999151051123, -7.461702027652791
25.86256696050038, -23.66561163967331, -7.472340325525131
25.952700556099057, -19.34308578430334, -7.4829786233974716
25.929886652689383, -15.02217594120295, -7.493616921269813
25.907072749279706, -10.709032533305836, -7.504255219142153
25.88425884587003, -6.4036555606120364, -7.514893517014493
25.861444942460352, -2.1060450231215326, -7.5255318148868335
25.83863103905068, 2.183799079165703, -7.536170112759174
25.815817135641, 6.465876746249594, -7.546808410631514
25.79300323223132, 10.740187978130242, -7.557446708503855
25.770189328821647, 15.006732774807569, -7.5680850063761955
25.74737542541197, 19.265511136281628, -7.578723304248536
25.57997687716881, 23.50441656304086, -7.589361602120876
22.32080152466704, 25.701747618592336, -7.599999899993216
22.320801524667047, 25.701747618592325, -7.599999899993216
18.03969466198354, 25.678933715182648, -7.610638197865557
13.766354234503327, 25.656119811772975, -7.621276495737898
9.500780242226407, 25.633305908363297, -7.631914793610238
5.24297268515278, 25.610492004953617, -7.642553091482578
0.9929315632824486, 25.58767810154394, -7.653191389354919
-3.2493431233845875, 25.564864198134263, -7.66382968722726
-7.4838513748483315, 25.542050294724586, -7.6744679850996
-11.710593191108783, 25.519236391314905, -7.68510628297194
-15.92956857216594, 25.496422487905228, -7.695744580844281
-20.1407775180198, 25.47360858449555, -7.706382878716621
-24.229533467590663, 24.85901699796258, -7.717021176588963
-25.42798077767621, 20.993140292336726, -7.7276594744613
-25.40516687426653, 16.759602845273392, -7.73829777233364
-25.382352970856857, 12.533831833413355, -7.74893607020598
-25.35953906744718, 8.315827256756608, -7.7595743680783205
-25.336725164037503, 4.10558911530316, -7.770212665950661
-25.313911260627826, -0.09688259094698996, -7.780850963823003
-25.29109735721815, -4.291587861993856, -7.791489261695342
-25.268283453808472, -8.478526697837427, -7.802127559567682
-25.2454695503988, -12.657699098477696, -7.812765857440024
-25.22265564698912, -16.829105063914668, -7.823404155312364
-25.19984174357944, -20.992744594148363, -7.834042453184704
-23.80295925401157, -24.688159457594743, -7.844680751057046
-19.688778365616603, -25.154213936760414, -7.8553190489293865
-15.502810334173443, -25.13140003335074, -7.865957346801727
-11.324608737933584, -25.108586129941063, -7.876595644674068
-7.154173576897005, -25.085772226531383, -7.887233942546408
-2.9915048510637425, -25.062958323121705, -7.8978722404187485
1.1633974395662487, -25.040144419712032, -7.908510538291089
5.310533294992929, -25.017330516302355, -7.919148836163428
9.449902715216332, -24.994516612892674, -7.92978713403577
13.581505700236416, -24.971702709483, -7.9404254319081105
17.70534225005321, -24.948888806073324, -7.951063729780451
21.81992860566757, -24.897479887642383, -7.961702027652791
24.796495173104162, -22.548340852466183, -7.972340325525131
24.88044709584428, -18.40771574450664, -7.9829786233974716
24.8576331924346, -14.269317128683667, -7.993616921269812
24.834819289024928, -10.138684948063963, -8.004255219142152
24.81200538561525, -6.015819202647577, -8.014893517014492
24.789191482205574, -1.900719892434464, -8.025531814886834
24.766377578795897, 2.2066129825753356, -8.036170112759175
24.74356367538622, 6.306179422381833, -8.046808410631515
24.720749771976543, 10.39797942698507, -8.057446708503855
24.697935868566873, 14.48201299638501, -8.068085006376196
24.675121965157196, 18.558280130581633, -8.078723304248536
24.439387558581814, 22.601311384960457, -8.089361602120876
21.24854806441227, 24.629494158337543, -8.099999899993216
21.24854806441227, 24.62949415833753, -8.099999899993216
17.14995242900617, 24.606680254927852, -8.110638197865557
13.05912322880337, 24.583866351518175, -8.121276495737899
8.976060463803861, 24.561052448108498, -8.131914793610237
4.900764134007645, 24.538238544698817, -8.142553091482577
0.8332342394147232, 24.515424641289144, -8.153191389354918
-3.226529219974901, 24.492610737879467, -8.16382968722726
-7.278526244161237, 24.46979683446979, -8.1744679850996
-11.322756833144279, 24.44698293106011, -8.185106282971939
-15.359220986924024, 24.424169027650436, -8.19574458084428
-19.387918705500475, 24.40135512424076, -8.20638287871662
-23.254071202158382, 23.689972342854475, -8.217021176588963
-24.355727317421415, 19.966514638901277, -8.2276594744613
-24.332913414011735, 15.915488419115349, -8.23829777233364
-24.310099510602058, 11.872228634532721, -8.248936070205982
-24.287285607192384, 7.836735285153388, -8.25957436807832
-24.264471703782704, 3.809008370977348, -8.27021266595066
-24.24165780037303, -0.21095210799539998, -8.280850963823003
-24.218843896963353, -4.223146151764851, -8.291489261695343
-24.196029993553676, -8.227573760331012, -8.302127559567683
-24.173216090144003, -12.224234933693875, -8.312765857440024
-24.150402186734325, -16.21312967185344, -8.323404155312364
-24.12758828332465, -20.19425797480973, -8.334042453184704
-22.646201750936648, -23.65035383860232, -8.344680751057046
-18.70778051900048, -24.081960476505643, -8.355319048929386
-14.704323714834727, -24.059146573095962, -8.365957346801727
-10.708633345872277, -24.03633266968629, -8.376595644674067
-6.720709412113106, -24.013518766276608, -8.387233942546407
-2.7405519135572503, -23.990704862866934, -8.39787224041875
1.2318391497953314, -23.967890959457257, -8.40851053829109
5.196463777944601, -23.94507705604758, -8.41914883616343
9.153321970890595, -23.9222631526379, -8.42978713403577
13.102413728633275, -23.899449249228226, -8.44042543190811
17.04373905117266, -23.87663534581855, -8.45106372978045
20.974588976859554, -23.801614312345116, -8.461702027652791
23.728964135853808, -21.430704625921575, -8.472340325525131
23.808193635589504, -17.47234570470988, -8.482978623397472
23.785379732179827, -13.51645831616431, -8.493616921269812
23.76256582877015, -9.568337362822026, -8.504255219142152
23.739751925360476, -5.627982844683044, -8.514893517014492
23.7169380219508, -1.695394761747373, -8.525531814886833
23.694124118541122, 2.229426885985047, -8.536170112759175
23.67131021513145, 6.146482098514125, -8.546808410631515
23.64849631172177, 10.055770875839936, -8.557446708503853
23.625682408312095, 13.957293217962453, -8.568085006376194
23.602868504902418, 17.851049124881644, -8.578723304248536
23.298238415758654, 21.698066010328056, -8.589361602120876
20.17629460415752, 23.55724069808274, -8.599999899993216
20.176294604157498, 23.55724069808273, -8.599999899993216
16.260210196028808, 23.534426794673053, -8.610638197865557
12.351892223103416, 23.51161289126338, -8.621276495737897
8.451340685381313, 23.488798987853702, -8.631914793610237
4.558555582862506, 23.465985084444018, -8.642553091482577
0.6735369155469952, 23.44317118103434, -8.653191389354918
-3.2037153165652263, 23.420357277624667, -8.66382968722726
-7.073201113474148, 23.39754337421499, -8.674467985099598
-10.934920475179776, 23.374729470805313, -8.68510628297194
-14.788873401682112, 23.351915567395636, -8.69574458084428
-18.635059892981154, 23.329101663985956, -8.70638287871662
-22.278608936726105, 22.520927687746376, -8.717021176588963
-23.28347385716662, 18.939888985465814, -8.7276594744613
-23.26065995375694, 15.071373992957298, -8.73829777233364
-23.237846050347265, 11.210625435652082, -8.74893607020598
-23.215032146937588, 7.357643313550156, -8.75957436807832
-23.19221824352791, 3.512427626651526, -8.77021266595066
-23.169404340118234, -0.32502162504380994, -8.780850963823003
-23.146590436708557, -4.154704441535848, -8.791489261695343
-23.12377653329888, -7.976620822824598, -8.802127559567683
-23.100962629889207, -11.790770768910043, -8.812765857440024
-23.078148726479526, -15.597154279792207, -8.823404155312364
-23.05533482306985, -19.395771355471076, -8.834042453184704
-21.489444247861734, -22.61254821960989, -8.844680751057046
-17.72678267238437, -23.009707016250864, -8.855319048929386
-13.905837095496034, -22.986893112841184, -8.865957346801727
-10.092657953810985, -22.96407920943151, -8.876595644674067
-6.287245247329231, -22.941265306021833, -8.887233942546407
-2.489598976050785, -22.918451402612156, -8.897872240418748
1.30028086002438, -22.89563749920248, -8.90851053829109
5.082394260896246, -22.872823595792802, -8.91914883616343
8.856741226564832, -22.850009692383125, -8.92978713403577
12.623321757030102, -22.827195788973448, -8.94042543190811
16.382135852292073, -22.80438188556377, -8.95106372978045
20.129249348051506, -22.70574873704785, -8.961702027652791
22.661433098603446, -20.31306839937702, -8.972340325525131
22.73594017533473, -16.53697566491314, -8.982978623397472
22.713126271925052, -12.763599503645, -8.993616921269812
22.69031236851538, -8.997989777580113, -9.004255219142152
22.667498465105698, -5.240146486718542, -9.014893517014492
22.644684561696025, -1.4900696310602939, -9.025531814886833
22.62187065828635, 2.2522407893946914, -9.036170112759175
22.599056754876674, 5.9867847746463765, -9.046808410631515
22.576242851466997, 9.713562324694797, -9.057446708503853
22.55342894805732, 13.43257343953987, -9.068085006376196
22.530615044647643, 17.143818119181674, -9.078723304248536
22.157089272935487, 20.794820635695643, -9.089361602120876
19.104041143902712, 22.484987237827948, -9.099999899993216
19.10404114390272, 22.484987237827934, -9.099999899993216
15.370467963051443, 22.462173334418257, -9.110638197865557
11.644661217403458, 22.439359431008583, -9.121276495737897
7.926620906958769, 22.416545527598903, -9.131914793610237
4.2163470317173735, 22.393731624189225, -9.142553091482577
0.5138395916792735, 22.370917720779545, -9.15319138935492
-3.1809014131555355, 22.34810381736987, -9.16382968722726
-6.867875982787048, 22.325289913960194, -9.1744679850996
-10.547084117215269, 22.302476010550517, -9.18510628297194
-14.218525816440197, 22.279662107140844, -9.19574458084428
-17.882201080461822, 22.256848203731163, -9.20638287871662
-21.30314667129381, 21.351883032638284, -9.217021176588963
-22.21122039691182, 17.913263332030372, -9.2276594744613
-22.188406493502143, 14.227259566799265, -9.23829777233364
-22.165592590092466, 10.549022236771464, -9.24893607020598
-22.14277868668279, 6.878551341946949, -9.25957436807832
-22.11996478327311, 3.2158468823257262, -9.27021266595066
-22.097150879863438, -0.4390911420921959, -9.280850963823003
-22.07433697645376, -4.086262731306828, -9.291489261695343
-22.05152307304408, -7.725667885318169, -9.302127559567682
-22.02870916963441, -11.357306604126205, -9.312765857440024
-22.005895266224734, -14.981178887730954, -9.323404155312364
-21.97626157883669, -18.596930866206392, -9.334042453184704
-20.33268674478684, -21.574742600617455, -9.344680751057046
-16.745784825768297, -21.937453555996086, -9.355319048929386
-13.107350476157377, -21.91463965258641, -9.365957346801727
-9.47668256174973, -21.891825749176732, -9.376595644674069
-5.853781082545396, -21.869011845767055, -9.387233942546409
-2.23864603854436, -21.846197942357378, -9.397872240418748
1.3687225702533965, -21.8233840389477, -9.40851053829109
4.968324743847848, -21.800570135538027, -9.41914883616343
8.560160482239011, -21.777756232128347, -9.42978713403577
12.144229785426882, -21.75494232871867, -9.44042543190811
15.72053265341145, -21.732128425308993, -9.45106372978045
19.283909719243418, -21.60988316175059, -9.461702027652791
21.59390206135308, -19.19543217283252, -9.472340325525131
21.66368671507995, -15.601605625116441, -9.482978623397472
21.640872811670274, -12.01074069112569, -9.493616921269812
21.6180589082606, -8.427642192338233, -9.504255219142152
21.595245004850923, -4.852310128754075, -9.514893517014492
21.572431101441246, -1.2847445003732163, -9.525531814886833
21.54961719803157, 2.275054692804353, -9.536170112759175
21.526803294621892, 5.827087450778629, -9.546808410631513
21.50398939121222, 9.371353773549615, -9.557446708503855
21.481175487802542, 12.907853661117324, -9.568085006376196
21.45836158439287, 16.43658711348171, -9.578723304248536
21.01594013011232, 19.89157526106323, -9.589361602120876
18.031787683647938, 21.41273377757315, -9.599999899993216
18.031787683647945, 21.412733777573138, -9.599999899993216
14.480725730074077, 21.38991987416346, -9.610638197865557
10.937430211703504, 21.367105970753784, -9.621276495737899
7.401901128536225, 21.34429206734411, -9.631914793610237
3.8741384805722388, 21.321478163934426, -9.642553091482577
0.35414226781154806, 21.298664260524752, -9.653191389354918
-3.1580875097458483, 21.275850357115075, -9.66382968722726
-6.662550852099951, 21.2530364537054, -9.6744679850996
-10.159247759250762, 21.23022255029572, -9.68510628297194
-13.64817823119828, 21.207408646886048, -9.69574458084428
-17.129342267942498, 21.184594743476364, -9.70638287871662
-20.327684405861525, 20.18283837753019, -9.717021176588963
-21.138966936657027, 16.886637678594933, -9.7276594744613
-21.116153033247347, 13.383145140641236, -9.73829777233364
-21.093339129837673, 9.887419037890844, -9.74893607020598
-21.070525226427996, 6.399459370343736, -9.759574368078322
-21.04771132301832, 2.919266137999926, -9.77021266595066
-21.024897419608642, -0.5531606591405874, -9.780850963823003
-21.002083516198965, -4.017821021077809, -9.791489261695343
-20.979269612789288, -7.474714947811738, -9.802127559567683
-20.956455709379615, -10.92384243934237, -9.812765857440024
-20.933641805969938, -14.365203495669704, -9.823404155312364
-20.882995388803117, -17.797353923016445, -9.834042453184706
-19.175929241711945, -20.536936981625022, -9.844680751057046
-15.764786979152216, -20.865200095741308, -9.855319048929386
-12.308863856818704, -20.84238619233163, -9.865957346801727
-8.860707169688474, -20.819572288921954, -9.876595644674067
-5.420316917761554, -20.796758385512277, -9.887233942546407
-1.9876931010379209, -20.7739444821026, -9.89787224041875
1.4371642804824345, -20.751130578692923, -9.90851053829109
4.854255226799472, -20.72831667528325, -9.91914883616343
8.263579737913215, -20.70550277187357, -9.92978713403577
11.665137813823677, -20.68268886846389, -9.94042543190811
15.058929454530853, -20.659874965054218, -9.95106372978045
18.430547374871306, -20.481981772816923, -9.961702027652791
20.52637102410272, -18.077795946287985, -9.972340325525131
20.591433254825173, -14.66623558531973, -9.982978623397472
20.5686193514155, -11.257881878606385, -9.993616921269812
20.545805448005822, -7.857294607096348, -10.004255219142152
20.522991544596145, -4.464473770789592, -10.014893517014492
20.50017764118647, -1.0794193696861423, -10.025531814886833
20.477363737776795, 2.297868596214037, -10.036170112759173
20.454549834367118, 5.6673901269109, -10.046808410631515
20.43173593095744, 9.02914522240447, -10.057446708503855
20.408922027547764, 12.38313388269477, -10.068085006376196
20.386108124138087, 15.72935610778178, -10.078723304248536
19.87479098728915, 18.988329886430854, -10.089361602120876
16.95953422339316, 20.340480317318352, -10.099999899993216
16.959534223393163, 20.34048031731834, -10.099999899993216
13.590983497096707, 20.317666413908665, -10.110638197865557
10.230199206003542, 20.294852510498988, -10.121276495737899
6.877181350113675, 20.27203860708931, -10.131914793610239
3.5319299294271, 20.249224703679634, -10.14255309148258
0.19444494394382072, 20.226410800269953, -10.15319138935492
-3.1352736063361664, 20.20359689686028, -10.163829687227258
-6.4572257214128586, 20.180782993450602, -10.174467985099598
-9.771411401286256, 20.157969090040925, -10.185106282971939
-13.077830645956364, 20.13515518663125, -10.19574458084428
-16.376483455423173, 20.11234128322157, -10.20638287871662
-19.352222140429234, 19.01379372242209, -10.217021176588963
-20.066713476402228, 15.860012025159483, -10.2276594744613
-20.04389957299255, 12.539030714483197, -10.23829777233364
-20.021085669582874, 9.225815839010217, -10.24893607020598
-19.998271766173197, 5.92036739874052, -10.25957436807832
-19.97545786276352, 2.622685393674126, -10.27021266595066
-19.952643959353846, -0.6672301761889787, -10.280850963823003
-19.92983005594417, -3.949379310848788, -10.291489261695343
-19.907016152534492, -7.223762010305302, -10.302127559567683
-19.88420224912482, -10.490378274558521, -10.312765857440024
-19.86138834571514, -13.749228103608448, -10.323404155312364
-19.782407390497333, -16.997397060497704, -10.334042453184704
-18.01917173863706, -19.499131362632575, -10.344680751057048
-14.783789132536121, -19.79294663548653, -10.355319048929386
-11.510377237480018, -19.770132732076853, -10.365957346801729
-8.244731777627205, -19.747318828667176, -10.376595644674069
-4.98685275297769, -19.7245049252575, -10.387233942546409
-1.736740163531472, -19.701691021847825, -10.39787224041875
1.5056059907114745, -19.678877118438148, -10.40851053829109
4.740185709751106, -19.656063215028475, -10.41914883616343
7.966998993587444, -19.63324931161879, -10.42978713403577
11.186045842220492, -19.610435408209117, -10.44042543190811
14.397326255650253, -19.58762150479944, -10.45106372978045
17.570816266315013, -19.328649027022756, -10.461702027652791
19.458839986852357, -16.960159719743434, -10.472340325525131
19.519179794570395, -13.730865545522997, -10.482978623397472
19.496365891160718, -10.50502306608707, -10.493616921269812
19.473551987751044, -7.286947021854439, -10.504255219142154
19.450738084341367, -4.076637412825099, -10.514893517014494
19.42792418093169, -0.8740942389990527, -10.525531814886834
19.405110277522013, 2.320682499623705, -10.536170112759175
19.38229637411234, 5.507692803043153, -10.546808410631513
19.359482470702662, 8.686936671259334, -10.557446708503853
19.33666856729299, 11.858414104272196, -10.568085006376194
19.313854663883312, 15.022125102081787, -10.578723304248536
18.703168525378764, 18.064846468737546, -10.589361602120876
15.887280763138383, 19.268226857063556, -10.599999899993216
15.887280763138392, 19.268226857063546, -10.599999899993216
12.701241264119346, 19.24541295365387, -10.610638197865557
9.522968200303595, 19.222599050244195, -10.621276495737899
6.352461571691136, 19.199785146834515, -10.631914793610237
3.1897213782819733, 19.176971243424834, -10.642553091482577
0.03474762007610286, 19.154157340015157, -10.653191389354918
-3.112459702926474, 19.131343436605484, -10.66382968722726
-6.251900590725751, 19.108529533195806, -10.6744679850996
-9.383575043321741, 19.08571562978613, -10.68510628297194
-12.507483060714438, 19.062901726376452, -10.69574458084428
-15.623377922047352, 19.03533301669347, -10.70638287871662
-18.376759874996935, 17.84474906731401, -10.717021176588963
-18.994460016147436, 14.833386371724052, -10.7276594744613
-18.971646112737755, 11.69491628832518, -10.73829777233364
-18.94883220932808, 8.564212640129611, -10.74893607020598
-18.926018305918404, 5.441275427137324, -10.759574368078322
-18.903204402508727, 2.326104649348336, -10.77021266595066
-18.88039049909905, -0.7812996932373601, -10.780850963823003
-18.857576595689373, -3.880937600619764, -10.791489261695343
-18.834762692279696, -6.97280907279887, -10.802127559567683
-18.811948788870023, -10.056914109774683, -10.812765857440024
-18.789134885460342, -13.1332527115472, -10.823404155312364
-18.68181939219155, -16.197440197978985, -10.834042453184706
-16.86241423556216, -18.46132574364014, -10.844680751057048
-13.802791285920012, -18.72069317523176, -10.855319048929386
-10.711890618141325, -18.697879271822078, -10.865957346801727
-7.6287563855659215, -18.6750653684124, -10.876595644674067
-4.553388588193811, -18.652251465002728, -10.887233942546409
-1.485787226025009, -18.62943756159305, -10.897872240418748
1.5740477009405192, -18.606623658183373, -10.90851053829109
4.626116192702739, -18.583809754773696, -10.91914883616343
7.670418249261672, -18.56099585136402, -10.92978713403577
10.706953870617305, -18.538181947954342, -10.94042543190811
13.735723056769643, -18.515368044544665, -10.95106372978045
16.709822913088214, -18.170275963557497, -10.961702027652791
18.391308949601996, -15.842523493198884, -10.972340325525131
18.44692633431562, -12.795495505726288, -10.982978623397472
18.424112430905943, -9.752164253567777, -10.993616921269812
18.401298527496266, -6.716599436612548, -11.004255219142152
18.378484624086592, -3.6888010548606136, -11.014893517014492
18.355670720676915, -0.668769108311984, -11.025531814886833
18.332856817267242, 2.3434964030333516, -11.036170112759173
18.31004291385756, 5.347995479175405, -11.046808410631515
18.287229010447888, 8.344728120114167, -11.057446708503855
18.26441510703821, 11.333694325849628, -11.068085006376196
18.241601203628534, 14.314894096381765, -11.078723304248534
17.50247765910735, 17.12205804467176, -11.089361602120876
14.815027302883607, 18.19597339680876, -11.099999899993216
14.815027302883614, 18.195973396808746, -11.099999899993216
11.81149903114198, 18.17315949339907, -11.110638197865557
8.815737194603635, 18.150345589989396, -11.121276495737897
5.827741793268586, 18.127531686579715, -11.131914793610237
2.8475128271368333, 18.104717783170038, -11.142553091482577
-0.12494970379162741, 18.08190387976036, -11.153191389354918
-3.089645799516794, 18.059089976350684, -11.163829687227258
-6.046575460038665, 18.036276072941007, -11.174467985099598
-8.99573868535724, 18.01346216953133, -11.18510628297194
-11.937135475472529, 17.990648266121653, -11.19574458084428
-14.86924128837817, 17.938453377257343, -11.206382878716623
-17.39544742493278, 16.671819167934324, -11.217021176588963
-17.922206555892636, 13.806760718288603, -11.227659474461301
-17.89939265248296, 10.850801862167144, -11.238297772333638
-17.876578749073282, 7.9026094412489805, -11.24893607020598
-17.853764845663605, 4.9621834555341096, -11.25957436807832
-17.830950942253928, 2.0295239050225327, -11.27021266595066
-17.808137038844254, -0.8953692102857549, -11.280850963823003
-17.785323135434577, -3.8124958903907435, -11.291489261695343
-17.7625092320249, -6.721856135292431, -11.302127559567682
-17.739695328615227, -9.623449944990833, -11.312765857440024
-17.71688142520555, -12.517277319485942, -11.323404155312364
-17.562567738023837, -15.39280940383907, -11.334042453184708
-15.705656732487267, -17.423520124647702, -11.344680751057048
-12.82179343930393, -17.64843971497698, -11.355319048929388
-9.913403998802648, -17.6256258115673, -11.365957346801727
-7.012780993504655, -17.602811908157626, -11.376595644674069
-4.119924423409964, -17.57999800474795, -11.387233942546407
-1.2348342885185648, -17.557184101338272, -11.39787224041875
1.642489411169546, -17.534370197928595, -11.40851053829109
4.512046675654358, -17.51155629451892, -11.41914883616343
7.3738375049358815, -17.48874239110924, -11.42978713403577
10.227861899014105, -17.465928487699568, -11.44042543190811
13.074119857889034, -17.443114584289887, -11.45106372978045
15.848829559861407, -17.01190290009224, -11.461702027652791
17.323777912351634, -14.724887266654349, -11.472340325525131
17.374672874060842, -11.860125465929574, -11.482978623397472
17.351858970651165, -8.999305441048488, -11.493616921269812
17.329045067241488, -6.14625185137067, -11.504255219142152
17.306231163831814, -3.3009646968961475, -11.514893517014492
17.283417260422137, -0.4634439776249195, -11.525531814886834
17.260603357012464, 2.366310306443014, -11.536170112759175
17.237789453602787, 5.188298155307651, -11.546808410631513
17.21497555019311, 8.00251956896899, -11.557446708503855
17.192161646783433, 10.808974547427027, -11.568085006376196
17.16934774337376, 13.60766309068178, -11.578723304248536
16.301169272381504, 16.178859510846976, -11.589361602120876
13.74277384262883, 17.12371993655396, -11.599999899993216
13.742773842628836, 17.123719936553954, -11.599999899993216
10.92175679816461, 17.100906033144273, -11.610638197865557
8.108506188903682, 17.078092129734596, -11.621276495737897
5.303022014846046, 17.05527822632492, -11.631914793610237
2.505304275991703, 17.032464322915246, -11.64255309148258
-0.28464702765934424, 17.00965041950557, -11.653191389354918
-3.066831896107099, 16.98683651609589, -11.66382968722726
-5.841250329351556, 16.964022612686215, -11.6744679850996
-8.607902327392724, 16.941208709276538, -11.685106282971939
-11.3667878902306, 16.91839480586686, -11.69574458084428
-14.114667192148755, 16.833142955943064, -11.706382878716623
-16.390279233423993, 15.483046113402393, -11.717021176588963
-16.849953095637844, 12.780135064853166, -11.727659474461301
-16.827139192228167, 10.006687436009114, -11.73829777233364
-16.80432528881849, 7.241006242368363, -11.74893607020598
-16.781511385408812, 4.483091483930902, -11.759574368078322
-16.758697481999135, 1.732943160696733, -11.77021266595066
-16.73588357858946, -1.009438727334142, -11.780850963823003
-16.71306967517978, -3.744054180161723, -11.791489261695343
-16.690255771770104, -6.470903197786002, -11.802127559567682
-16.66744186836043, -9.189985780206996, -11.812765857440024
-16.644627964950754, -11.901301927424697, -11.823404155312364
-16.40566045077632, -14.57874852507539, -11.834042453184708
-14.548899229412356, -16.385714505655272, -11.844680751057048
-11.840795592687822, -16.576186254722202, -11.855319048929386
-9.11491737946395, -16.553372351312525, -11.865957346801727
-6.396805601443362, -16.53055844790285, -11.876595644674067
-3.6864602586260853, -16.50774454449317, -11.887233942546409
-0.9838813510120885, -16.484930641083494, -11.89787224041875
1.7109311213986058, -16.462116737673817, -11.90851053829109
4.397977158606006, -16.439302834264144, -11.91914883616343
7.077256760610121, -16.416488930854467, -11.92978713403577
9.748769927410931, -16.39367502744479, -11.94042543190811
12.41251665900846, -16.37086112403511, -11.95106372978045
14.987836206634626, -15.853529836626972, -11.961702027652791
16.256246875101276, -13.607251040109787, -11.972340325525131
16.302419413806067, -10.924755426132828, -11.982978623397472
16.27960551039639, -8.24644662852914, -11.993616921269812
16.256791606986717, -5.57590426612873, -12.004255219142152
16.23397770357704, -2.9131283389316245, -12.014893517014494
16.211163800167363, -0.25811884693780135, -12.025531814886833
16.188349896757686, 2.3891242098527026, -12.036170112759173
16.165535993348012, 5.028600831439949, -12.046808410631515
16.142722089938335, 7.660311017823863, -12.057446708503853
16.119908186528658, 10.284254769004509, -12.068085006376196
16.077293522472626, 12.899404648668991, -12.078723304248536
15.099860885655648, 15.235660977022214, -12.089361602120876
12.670520382374054, 16.051466476299165, -12.099999899993216
12.670520382374058, 16.051466476299154, -12.099999899993216
10.032014565187243, 16.028652572889474, -12.110638197865557
7.401275183203721, 16.0058386694798, -12.121276495737897
4.778302236423494, 15.983024766070121, -12.131914793610239
2.1630957248465603, 15.960210862660444, -12.142553091482577
-0.44434435152707985, 15.937396959250767, -12.153191389354918
-3.044017992697423, 15.914583055841092, -12.163829687227258
-5.635925198664475, 15.891769152431415, -12.1744679850996
-8.22006596942823, 15.868955249021738, -12.18510628297194
-10.796440304988696, 15.846141345612063, -12.19574458084428
-13.358869805330272, 15.722947765996183, -12.20638287871662
-15.369697535062718, 14.28403658891743, -12.217021176588963
-15.777699635383044, 11.753509411417706, -12.227659474461301
-15.754885731973364, 9.162573009851064, -12.23829777233364
-15.73207182856369, 6.579403043487716, -12.24893607020598
-15.709257925154013, 4.003999512327669, -12.259574368078322
-15.686444021744334, 1.4363624163709074, -12.27021266595066
-15.66363011833466, -1.123508244382559, -12.280850963823003
-15.640816214924982, -3.675612469932732, -12.291489261695343
-15.618002311515305, -6.219950260279604, -12.302127559567683
-15.595188408105631, -8.756521615423189, -12.312765857440024
-15.572374504695953, -11.285326535363476, -12.323404155312364
-15.23006346666893, -13.760007193254214, -12.334042453184704
-13.392141726337435, -15.347908886662848, -12.344680751057048
-10.859797746071713, -15.503932794467422, -12.355319048929388
-8.316430760125252, -15.481118891057745, -12.365957346801729
-5.780830209382081, -15.45830498764807, -12.376595644674069
-3.2529960938422047, -15.435491084238393, -12.387233942546409
-0.7329284135056284, -15.412677180828716, -12.39787224041875
1.779372831627657, -15.38986327741904, -12.40851053829109
4.283907641557639, -15.367049374009365, -12.41914883616343
6.780676016284342, -15.344235470599687, -12.42978713403577
9.269677955807744, -15.321421567190011, -12.44042543190811
11.750913460127855, -15.298607663780334, -12.451063729780453
14.092757875438902, -14.64383351000805, -12.461702027652791
15.188715837850914, -12.489614813565247, -12.472340325525131
15.230165953551289, -9.989385386336103, -12.482978623397473
15.207352050141614, -7.4935878160098275, -12.493616921269814
15.184538146731938, -5.005556680886842, -12.504255219142154
15.161724243322261, -2.5252919809671424, -12.514893517014494
15.138910339912584, -0.05279371625073467, -12.525531814886834
15.11609643650291, 2.411938113262363, -12.536170112759176
15.093282533093232, 4.868903507572185, -12.546808410631515
15.070468629683557, 7.318102466678708, -12.557446708503857
15.047654726273882, 9.759534990581942, -12.568085006376196
14.967988277707956, 12.190251072945584, -12.578723304248536
13.898552498929805, 14.292462443197433, -12.589361602120876
11.598266922119276, 14.979213016044369, -12.599999899993216
11.59826692211928, 14.979213016044357, -12.599999899993216
9.142272332209874, 14.95639911263468, -12.610638197865557
6.694044177503765, 14.933585209225004, -12.621276495737899
4.25358245800095, 14.910771305815324, -12.631914793610237
1.8208871737014278, 14.887957402405648, -12.642553091482577
-0.6040416753948004, 14.865143498995971, -12.65319138935492
-3.0212040892877345, 14.842329595586296, -12.66382968722726
-5.430600067977372, 14.81951569217662, -12.674467985099598
-7.832229611463719, 14.796701788766942, -12.68510628297194
-10.226092719746774, 14.773887885357265, -12.69574458084428
-12.595106722392217, 14.580944448946546, -12.706382878716624
-14.349115836701428, 13.08502706443248, -12.717021176588963
-14.705446175128245, 10.726883757982256, -12.727659474461301
-14.682632271718566, 8.318458583693031, -12.73829777233364
-14.65981836830889, 5.9177998446070985, -12.74893607020598
-14.637004464899213, 3.5249075407244597, -12.759574368078322
-14.614190561489536, 1.1397816720451113, -12.770212665950659
-14.591376658079861, -1.2375777614309451, -12.780850963823003
-14.568562754670186, -3.6071707597037044, -12.791489261695343
-14.545748851260509, -5.968997322773161, -12.802127559567683
-14.522934947850834, -8.323057450639336, -12.812765857440024
-14.500121044441155, -10.669351143302206, -12.823404155312364
-14.054466482561562, -12.941265861432989, -12.834042453184706
-12.235384223262564, -14.310103267670403, -12.844680751057046
-9.878799899455647, -14.431679334212646, -12.855319048929386
-7.517944140786591, -14.408865430802969, -12.865957346801727
-5.164854817320839, -14.386051527393292, -12.876595644674067
-2.8195319290583667, -14.363237623983617, -12.887233942546407
-0.481975475999202, -14.340423720573941, -12.897872240418748
1.8478145418566791, -14.317609817164264, -12.90851053829109
4.169838124509257, -14.294795913754589, -12.919148836163428
6.484095271958546, -14.27198201034491, -12.92978713403577
8.79058598420454, -14.249168106935233, -12.940425431908109
11.087929334546105, -14.199740973354935, -12.95106372978045
13.182604173919227, -13.411437529630254, -12.961702027652791
14.121184800600552, -11.371978587020728, -12.972340325525131
14.157912493296514, -9.054015346539416, -12.982978623397472
14.135098589886839, -6.740729003490547, -12.99361692126981
14.112284686477162, -4.435209095644967, -13.004255219142152
14.089470783067485, -2.137455623002678, -13.01489351701449
14.06665687965781, 0.1525314144363293, -13.025531814886833
14.043842976248134, 2.4347520166720162, -13.036170112759171
14.021029072838457, 4.709206183704422, -13.046808410631513
13.998215169428782, 6.975893915533549, -13.057446708503853
13.975401266019105, 9.234815212159353, -13.068085006376194
13.857955433385204, 11.481059743005503, -13.078723304248536
12.697244112203984, 13.34926390937263, -13.089361602120874
10.526013461864503, 13.906959555789568, -13.099999899993216
10.526013461864501, 13.90695955578956, -13.099999899993216
8.252530099232507, 13.884145652379884, -13.110638197865555
5.986813171803808, 13.861331748970208, -13.121276495737899
3.728862679578403, 13.83851784556053, -13.131914793610237
1.4786786225562913, 13.815703942150853, -13.14255309148258
-0.7637389992625275, 13.792890038741174, -13.153191389354918
-2.99839018587805, 13.7700761353315, -13.16382968722726
-5.225274937290279, 13.747262231921823, -13.1744679850996
-7.444393253499213, 13.724448328512146, -13.185106282971939
-9.655745134504858, 13.701634425102469, -13.195744580844282
-11.818617411976579, 13.388123544197077, -13.206382878716623
-13.328534138340139, 11.886017539947549, -13.217021176588963
-13.633192714873449, 9.700258104546823, -13.227659474461301
-13.61037881146377, 7.474344157535004, -13.23829777233364
-13.587564908054095, 5.2561966457264795, -13.248936070205982
-13.564751004644418, 3.045815569121246, -13.25957436807832
-13.54193710123474, 0.8432009277193107, -13.27021266595066
-13.519123197825065, -1.3516472784793374, -13.280850963823003
-13.496309294415388, -3.538729049474683, -13.291489261695343
-13.473495391005713, -5.718044385266735, -13.302127559567682
-13.450681487596036, -7.889593285855498, -13.312765857440024
-13.415896668047314, -10.052754595611706, -13.323404155312364
-12.855185000069687, -12.106795100966082, -13.334042453184706
-11.076803760355439, -13.265018317754567, -13.344680751057046
-8.897802052839545, -13.359425873957871, -13.355319048929385
-6.7194575214479, -13.336611970548194, -13.365957346801725
-4.5488794252595515, -13.313798067138517, -13.376595644674065
-2.3860677642744976, -13.290984163728842, -13.387233942546407
-0.23102253849273802, -13.268170260319167, -13.397872240418748
1.916256252085735, -13.24535635690949, -13.40851053829109
4.055768607460907, -13.222542453499813, -13.419148836163428
6.187514527632789, -13.199728550090136, -13.429787134035768
8.311494012601369, -13.17691464668046, -13.44042543190811
10.424191840369597, -13.08635535748536, -13.451063729780449
12.271669371701977, -12.177865411286636, -13.461702027652791
13.053653763350193, -10.25434236047615, -13.472340325525131
13.085659033041738, -8.118645306742682, -13.482978623397472
13.06284512963206, -5.987870190971214, -13.493616921269812
13.040031226222384, -3.8648615104030495, -13.504255219142152
13.017217322812709, -1.7496192650381677, -13.514893517014492
12.994403419403032, 0.3578565451234102, -13.525531814886833
12.971589515993356, 2.4575659200817017, -13.536170112759173
12.948775612583681, 4.549508859836701, -13.546808410631515
12.925961709174004, 6.633685364388396, -13.557446708503853
12.903147805764327, 8.710095433736809, -13.568085006376196
12.694257255043038, 10.758429025654438, -13.578723304248536
11.473362959201445, 12.37207656013758, -13.589361602120876
9.453760001609723, 12.834706095534774, -13.599999899993216
9.453760001609723, 12.834706095534761, -13.599999899993218
7.362787866255139, 12.811892192125084, -13.610638197865557
5.279582166103849, 12.789078288715409, -13.6212764957379
3.204142901155852, 12.76626438530573, -13.631914793610239
1.1364700714111513, 12.743450481896053, -13.64255309148258
-0.923436323130256, 12.720636578486376, -13.65319138935492
-2.975576282468371, 12.697822675076702, -13.663829687227262
-5.019949806603189, 12.675008771667024, -13.6744679850996
-7.056556895534714, 12.652194868257347, -13.68510628297194
-9.08514790121582, 12.624569745733364, -13.695744580844284
-11.042128101560955, 12.195302639447592, -13.706382878716623
-12.307952439978859, 10.687008015462586, -13.717021176588963
-12.560939254618654, 8.673632451111363, -13.727659474461301
-12.538125351208976, 6.630229731376953, -13.73829777233364
-12.5153114477993, 4.594593446845844, -13.748936070205982
-12.492497544389623, 2.566723597518023, -13.75957436807832
-12.469683640979946, 0.5466201833934983, -13.770212665950663
-12.446869737570271, -1.4657167955277388, -13.780850963823003
-12.424055834160594, -3.4702873392456715, -13.791489261695343
-12.401241930750917, -5.467091447760312, -13.802127559567683
-12.378428027341242, -7.456129121071662, -13.812765857440024
-12.307721885614825, -9.434915291781167, -13.823404155312364
-11.610434344129494, -11.242127200254782, -13.834042453184704
-9.915079905038636, -12.207381366874351, -13.844680751057044
-7.916804206223445, -12.287172413703097, -13.855319048929386
-5.9209709021092145, -12.264358510293418, -13.865957346801727
-3.932904033198275, -12.241544606883743, -13.876595644674069
-1.9526035994906392, -12.218730703474066, -13.887233942546409
0.019930399013713407, -12.195916800064388, -13.897872240418748
1.9846979623147707, -12.173102896654713, -13.90851053829109
3.9416990904125266, -12.150288993245034, -13.91914883616343
5.890933783306995, -12.12747508983536, -13.92978713403577
7.832402040998165, -12.104661186425682, -13.94042543190811
9.755699947016513, -11.95289890645318, -13.95106372978045
11.360734569484709, -10.944293292943035, -13.961702027652791
11.986122726099829, -9.136706133931629, -13.972340325525131
12.01340557278696, -7.183275266945983, -13.982978623397472
11.990591669377284, -5.235011378451915, -13.993616921269812
11.967777765967607, -3.2945139251611657, -14.004255219142152
11.944963862557932, -1.3617829070736969, -14.014893517014492
11.922149959148255, 0.563181675810476, -14.025531814886834
11.89933605573858, 2.4803798234913566, -14.036170112759173
11.876522152328903, 4.389811535968956, -14.046808410631513
11.853708248919226, 6.291476813243234, -14.057446708503855
11.830894345509552, 8.18537565531423, -14.068085006376196
11.486083132676729, 10.024660216029574, -14.078723304248534
