-2.2560709267376876e-16, -0.16614297813328452, 0.9861016736711297
0.034984111395247014, -0.14762430180912686, 0.982308291927642
0.0710132862576879, -0.12323044184512104, 0.9785671937051297
0.10555579296959683, -0.09298131836703835, 0.9753880392801981
0.13803249000382672, -0.06128591894514994, 0.9723576027890922
0.16975389603196311, -0.03209251091406882, 0.9687743585797665
0.1972086343672952, -0.0040862315193825535, 0.9650570637599839
0.2175718322531126, 0.021105712311711673, 0.9616315198336636
0.23192489669814792, 0.040742412856955616, 0.9583022881529849
0.24238740881349363, 0.05393683824194283, 0.954831548438019
0.24514930636301727, 0.059866819291852676, 0.9516724467045419
0.2398439503123473, 0.05701981304032909, 0.9483744769369582
0.22874318180049866, 0.04655173588154654, 0.944555798445145
0.2122602604828823, 0.030477424983625698, 0.9406675075491343
0.18828764544152277, 0.0071569046697685795, 0.937537565545256
0.15792562263136956, -0.0239592489233125, 0.9349705992263739
0.1318350745835091, -0.06695737306849898, 0.9315631422203845
0.11296458251722456, -0.12079439430008217, 0.9274462132412485
0.08774297514948798, -0.1701278614395657, 0.9236813132084933
0.05645767585013111, -0.21326939906517497, 0.920651460737263
0.01993662522199282, -0.24951411815709354, 0.9180182435613935
-0.020933455944740432, -0.279384000649886, 0.9146140698225677
-0.06537204255660184, -0.30213377285662385, 0.9103172179346514
-0.11211601903978916, -0.3153988186545636, 0.9063423250871352
-0.15947941737850427, -0.31786740806126185, 0.9032939615852633
-0.2059923283354337, -0.30961276328018117, 0.9008852177345588
-0.25876901662787466, -0.28448228496075967, 0.8976315259672238
-0.3131020238299254, -0.24554617436184722, 0.8930284270828136
-0.35999868453514255, -0.19575239094257377, 0.8888395319999036
-0.3966628240547592, -0.13681875512171737, 0.8858496321276504
-0.42258579161302634, -0.07179550053846116, 0.8836403785863609
-0.4382752445358128, -0.0022531976936995927, 0.8806965924383455
-0.44411939696435376, 0.07053251085881748, 0.8761230028628767
-0.43781334414386974, 0.14433104269349645, 0.8716505158334078
-0.4183030010973291, 0.2164879620060739, 0.8683623730143113
-0.3850135033326584, 0.28429050617824725, 0.8663922111096667
-0.3404998897262268, 0.34678005647392407, 0.8639841611937853
-0.2881908105657753, 0.40478253258149616, 0.8592611667966987
-0.22723357510927053, 0.45518653225730943, 0.8543008558793217
-0.15731071206213706, 0.49392126094213545, 0.8508562816097519
-0.08051650806179199, 0.518148261693992, 0.8491942000678612
0.0, 0.5311681118253928, 0.8472664498136623
0.0, 0.5311681118253933, 0.847266449813662
0.0831400917981732, 0.530968225710517, 0.8424124549679946
0.1675863207907572, 0.5179217119551931, 0.837283694880858
0.24965548616995503, 0.4874653350259047, 0.8339591691344173
0.3262190930029402, 0.44106884361947196, 0.8321646395726616
0.395903499088774, 0.38150899196403765, 0.8300695638327752
0.45843325002863944, 0.3116934125890999, 0.8256744042457365
0.5090672586155368, 0.2306491558065697, 0.820906623750806
0.5427070618998465, 0.1394040484469138, 0.8174490549310793
0.5581803826300178, 0.04151555881888927, 0.8150662376026651
0.5559142114398262, -0.05933780416058324, 0.8128335871347889
0.5371824546435675, -0.15965537386761403, 0.8090793036622477
0.4998653343017707, -0.25569875589136803, 0.8045347985823478
0.4434274781554989, -0.34397594530974207, 0.8006311893585547
0.3690532878566144, -0.4201683184672699, 0.79802025591435
0.2799307045909651, -0.4800791433310322, 0.795973111691165
0.2059923040367326, -0.500447655342844, 0.7925159054520652
0.15947941061255202, -0.4755712500233009, 0.7881515699499646
0.11211602380212324, -0.43467064763207597, 0.7844268472604095
0.06537204572120417, -0.37767260435735717, 0.781628657607421
0.020933456483092215, -0.3058888609561064, 0.7791524310218125
-0.019936624709276807, -0.22168401590619116, 0.775783518348605
-0.05645767311706538, -0.12580338684647563, 0.7716436567612128
-0.08774297142244379, -0.01772497230050049, 0.767900426720534
-0.11296458730977393, 0.10184633192561235, 0.7648922417027276
-0.1318350901346776, 0.2312221671585514, 0.7622360905791061
-0.1946058810435079, 0.31507530120662497, 0.7587627049764853
-0.29619371780802384, 0.3439282104947616, 0.7543075248137108
-0.3919532292026904, 0.3497282141145969, 0.7506802822678607
-0.4781495760476723, 0.3338451200871686, 0.7480449121284579
-0.5523806271119102, 0.29663765213347043, 0.7450261218922363
-0.6098302453458287, 0.23682908196166366, 0.741297223323699
-0.6479380280349132, 0.1571081562217009, 0.7377408140358985
-0.6646121939718996, 0.06106602344631143, 0.7347211647947002
-0.6584276303397173, -0.04767773157637469, 0.7311320653442839
-0.625491101129933, -0.16393706705330163, 0.72753664170712
-0.568660216693377, -0.28214123846017947, 0.7245894944569176
-0.4897948702419236, -0.39693538518655747, 0.7217146583063604
-0.3895673843351872, -0.5018477707106597, 0.7177264500380018
-0.2713880580937608, -0.5912411098603914, 0.7139015733004251
-0.1399270781586583, -0.6604204958269323, 0.7110386684400617
0.0, -0.7058058638178183, 0.7084053095512367
0.0, 0.70580586381782, 0.708405309551235
0.14098359986030928, 0.6930474683282664, 0.7043442940289704
0.2755334757444905, 0.6542671361503232, 0.7007204944318183
0.39874418963268, 0.5906161508947992, 0.6979595844647166
0.5058978395557043, 0.5048269760469477, 0.6949890781462486
0.5932074734937354, 0.4009142849336436, 0.690747223431847
0.6589107752029786, 0.28395179466638476, 0.6873025265728548
0.7008093915159201, 0.15803192003850763, 0.684907432732241
0.7163800243655649, 0.02810590900542535, 0.6820095225673058
0.7094391418226348, -0.10063930034670526, 0.6777250733000474
0.6803760843888497, -0.2242141748044581, 0.6737172955376636
0.6290676213155157, -0.3382668478425415, 0.6711485010839453
0.5580704500127028, -0.4387339863023044, 0.6686469325879179
0.47342089051394287, -0.5250159069643711, 0.6650238653478366
0.37764385081012347, -0.5945667327333594, 0.6611314180332701
0.27342160073406174, -0.6437136040582789, 0.6575497319525582
0.20345832264108465, -0.6378762781540706, 0.6546103480938209
0.1732103252333599, -0.5833386688947243, 0.6521911233148848
0.1339284782629541, -0.5323109506034197, 0.649299237849851
0.08618536962693506, -0.48352648260186987, 0.6454369780058178
0.03052301220779773, -0.434979113662296, 0.6410421123650774
-0.03204916011951863, -0.38360740442816776, 0.6376739550170367
-0.0997935815184072, -0.32786723775187526, 0.6354946053080549
-0.17113082835872895, -0.2681530273201219, 0.6328808818332905
-0.2445322324654017, -0.20418264030310831, 0.6290441115724292
-0.3179036731200489, -0.13494942218929606, 0.624350684457263
-0.4165446473585977, -0.08956060969852642, 0.620537283115105
-0.5261357728992927, -0.06320599109727218, 0.6183234760044392
-0.618896465497431, -0.0335667897144693, 0.6161404537936718
-0.6930077487343702, 0.002217308096527121, 0.6126563588831693
-0.7463291692043119, 0.04612118239874699, 0.6075948767597035
-0.7746065558562003, 0.09844402763188395, 0.6033357894411573
-0.7768513459250307, 0.15926262850355782, 0.6016769378865134
-0.7562497708354263, 0.22843021211350975, 0.6000135499396106
-0.7149219725501168, 0.3053569649228175, 0.5963869949118592
-0.6533817408851034, 0.3883926460018149, 0.5909753861225316
-0.5726439786797652, 0.4736571073716357, 0.5864051870481561
-0.47517177979225933, 0.5569284804369977, 0.5849530257423126
-0.36589515939291484, 0.6369342182760384, 0.5835788886477405
-0.24842202544403574, 0.7110858675315229, 0.580252666467248
-0.1254009252318362, 0.7741106302530667, 0.5746374804437119
0.0, 0.8221084670390116, 0.5693308953699653
0.0, 0.8221084670390122, 0.5693308953699644
0.12516023769769147, 0.7701261261663352, 0.5696609405170623
0.2475740745563745, 0.702633768881445, 0.5705377362970465
0.3644553732038404, 0.6229282264056945, 0.5689737752093764
0.4738732915595667, 0.535664361992342, 0.5650369851079483
0.5730302496922264, 0.4433504005339431, 0.5611459245132193
0.6572535809459874, 0.34796519637925727, 0.5611099187340918
0.7249156369280967, 0.25395151578239017, 0.5621832232371526
0.7767603131640939, 0.16554820781135293, 0.5609720767562278
0.8124794245896174, 0.0854591970155929, 0.5571730334769734
0.8301108719805487, 0.015628427769922792, 0.5530109778715688
0.8257404872853167, -0.042188008823096076, 0.5525300937647877
0.8002264851193035, -0.08649927644403972, 0.5537672746745173
0.7571714555334481, -0.11674275722789858, 0.5529703874497202
0.6982782291105532, -0.13299913501925892, 0.549370528419183
0.6235788791367882, -0.1357059632781236, 0.5449260864040935
0.532137968448537, -0.12570927546504213, 0.5439002162731172
0.42678758282058726, -0.10479055701018347, 0.545289876145031
0.3119728079997559, -0.07515089043950596, 0.5449686919557865
0.19042143453105984, -0.03898609006151965, 0.5416294693919206
0.06415673812454295, 0.0011855573972112121, 0.5368912622495218
-0.06423596627346084, 0.042087275235068555, 0.5352202855392723
-0.19112287745978623, 0.08050197504137285, 0.5367510265462845
-0.3138932233033931, 0.11424931245333081, 0.5369669923536311
-0.43051200979352033, 0.14124903620549084, 0.5339498547014598
-0.5381994725729242, 0.15906509940055255, 0.5289064931619608
-0.6322809718885892, 0.16469563611472698, 0.5264903083320808
-0.7096329645326143, 0.1563397525417341, 0.5281507275635757
-0.7712441464870343, 0.1340186532298198, 0.5289652833713007
-0.8171827853186292, 0.09762260952409317, 0.526331680985115
-0.845644539133018, 0.04706054839699999, 0.5209717922823179
-0.8524399697406582, -0.017252607545443673, 0.5177102841890651
-0.8361174131228972, -0.0935086869325934, 0.5194889763097752
-0.8009868959698235, -0.17976715551958045, 0.5209635686886167
-0.7493512550655163, -0.2742398787595059, 0.5187749560086257
-0.6814980065701353, -0.3742024993393893, 0.5130871504517948
-0.5959898189429571, -0.4748647449274492, 0.5088801940579764
-0.49388800783306497, -0.5708280578007162, 0.5107657778348752
-0.38050789454145717, -0.660760437627262, 0.5129618715516263
-0.25899918351210127, -0.7429069530176827, 0.511279698005993
-0.13135511663999946, -0.8128847212835614, 0.50528260063976
0.0, -0.8660254037844348, 0.5000000000000068
-1.102212902209806e-15, -0.8660254037844348, 0.5000000000000068
0.13151457426274266, -0.8534772084701554, 0.503631459601637
0.2596162977002089, -0.8210424309774468, 0.5080758229012603
0.38188536670178874, -0.7707945787840538, 0.5081614174359426
0.49631862255163794, -0.7049560437698661, 0.5041858526609821
0.5996922198307365, -0.6229631568771296, 0.5004500157076193
0.686505345388655, -0.5236091121385974, 0.5031502237768852
0.755683192595657, -0.4111765108640204, 0.5075183247115719
0.8087489558855634, -0.2902720370485695, 0.5081622905544939
0.8453822188570203, -0.16354342651949022, 0.5047394475309471
0.8630674343508061, -0.0329098400486421, 0.500899811536011
0.8571495998428817, 0.09872937007312557, 0.5026993914773781
0.8291507043068994, 0.22759079407651187, 0.506960770927331
0.7834557408260295, 0.3513516643339507, 0.5081631377843844
0.7218763108650939, 0.4679446483234934, 0.5052930712720756
0.6441378723150785, 0.5743260417146848, 0.5013493597040757
0.548960856681711, 0.6653137527260954, 0.5022488337433912
0.4395600175255524, 0.7387788566074907, 0.506403174946002
0.320815429989177, 0.7961110501975975, 0.5081639828742142
0.19556907774819127, 0.8372742936702069, 0.5058467347583789
0.06581878280415163, 0.8600979879143045, 0.5017986373132257
-0.06581869982872969, 0.8600969120045188, 0.5017985219398488
-0.1955696690018407, 0.8372766447101316, 0.5058455605350605
-0.32081785469446955, 0.7961169228483749, 0.5081648516530507
-0.43956123714575435, 0.7387809224354074, 0.5064004293924184
-0.54895257862588, 0.6653040742335642, 0.5022476154594895
-0.6441307720169025, 0.5743199676474505, 0.5013485090011622
-0.7218902763884204, 0.46795302323623583, 0.5052879138615638
-0.7834731784816137, 0.35135895372231357, 0.5081656982844639
-0.8291486523304432, 0.22759034019807972, 0.5069541456426837
-0.8571173642715542, 0.09872685554710861, 0.5026963452664994
-0.8630554332440631, -0.032908902600266715, 0.5008987623291753
-0.8454203250865697, -0.1635529385731541, 0.5047302290477315
-0.8087780964106306, -0.2902839248512566, 0.5081665500424906
-0.75566980760959, -0.411168344785832, 0.5075079045565462
-0.686461692043267, -0.5235717720985616, 0.5031447990593647
-0.5996863829132932, -0.6229563281040559, 0.5004492641952938
-0.496355477590321, -0.7050173710346703, 0.5041725159203092
-0.38190259033559526, -0.770835300382577, 0.5081674243024614
-0.25960722427901944, -0.8210053443243763, 0.5080617139328499
-0.13153939906172507, -0.8535769007387567, 0.5036155966738284
0.0, -0.866025403784435, 0.5000000000000062
-1.1186783034197617e-15, -0.866025403784435, 0.5000000000000062
0.13154069129855625, -0.811938686023502, 0.5036147496357343
0.2596062661270324, -0.7409075481853384, 0.5080601775812331
0.38190562865988853, -0.6580296627488194, 0.5081685009258785
0.49636475438265404, -0.5674512842484803, 0.5041691962856942
0.5996846529005795, -0.47101621301497076, 0.5004489185393637
0.6864435867700078, -0.3703339206835375, 0.5031424167094468
0.7556632392854776, -0.2707701430676789, 0.5075024492464421
0.8087972110905404, -0.17700087768472164, 0.5081693730342812
0.8454513323113189, -0.09174735638920904, 0.5047228098514909
0.8630441647222964, -0.016856027087538555, 0.5008975855670901
0.8570798346488147, 0.0457523294527262, 0.502692639944547
0.8291464818499141, 0.09436681975346335, 0.5069446589336738
0.7835039627916723, 0.12854182673214049, 0.5081702325748916
0.7219215876719318, 0.148368611017251, 0.5052764711324167
0.6441111980821057, 0.15409217977142733, 0.5013459701877842
0.548922821376581, 0.14605637340011357, 0.5022431499291056
0.4395676100388284, 0.12612842229288002, 0.5063868200238142
0.32083544456629454, 0.09706848548758651, 0.508171096895626
0.1955774445025355, 0.06124923141910821, 0.5058301843963964
0.06581511717654351, 0.02100066994799088, 0.5017940574469155
-0.06581502609098534, -0.02095298486466607, 0.50179394082174
-0.19557808593601028, -0.06128373154234895, 0.5058289398026736
-0.320837913014218, -0.09711748063510373, 0.5081719686164405
-0.43956900586672815, -0.12614233302383365, 0.5063839454559687
-0.5489142914889326, -0.14601090147481233, 0.5022418489663926
-0.6441038737741953, -0.15406888282520234, 0.5013450212621001
-0.72193656501417, -0.14839683233294246, 0.5052710118352507
-0.7835218425422793, -0.12856226255570358, 0.5081728415766622
-0.8291451082536272, -0.0943661605980947, 0.5069377577417737
-0.8570466520654676, -0.04574669057319582, 0.502689349150063
-0.8630319257435046, 0.016854146686372334, 0.5008963823116721
-0.845491838886869, 0.09176552368846386, 0.5047130380463029
-0.8088271096717841, 0.17702090248191985, 0.5081737202640862
-0.7556504046612105, 0.2707582737733355, 0.5074916201571871
-0.6863985261696587, 0.37027954361636994, 0.5031365563240935
-0.5996787605977401, 0.4710070997771104, 0.5004480334806344
-0.49640358570258386, 0.5675318821621345, 0.5041550169540663
-0.3819232409320372, 0.6580784726302347, 0.5081745928503392
-0.2595971741012728, 0.7408665249384562, 0.5080455221914539
-0.13156693308716982, 0.8120487041811617, 0.5035978083288167
0.0, 0.8660254037844356, 0.5000000000000052
0.0, 0.8660254037844356, 0.5000000000000052
0.13256572250229606, 0.8122994998786132, 0.5036315871027681
0.2634138037264907, 0.7424176811368562, 0.5080514303553713
0.38995992904231325, 0.6626777521664423, 0.5078929490506562
0.5089834521558141, 0.5780880481832795, 0.5038014309368257
0.615395205352021, 0.4912542680931903, 0.5010860843590071
0.7037011160511187, 0.40292807320624535, 0.5038739411039963
0.7723300244101349, 0.3181950265802732, 0.5068313925189877
0.8192730971299348, 0.2415215673113516, 0.5067933065169031
0.8428137253966966, 0.17412965264068248, 0.5050719310430632
0.8412438118259224, 0.11640029206315315, 0.5026730277829452
0.8108991291724625, 0.06860096622581066, 0.502791304027367
0.7520456861900748, 0.029607831446001653, 0.50538379493303
0.6689403091237072, -0.002438185826776851, 0.5078159573408132
0.5652497709592079, -0.028176836661005955, 0.5062494474858764
0.442515973715929, -0.05047515991806434, 0.5017769324880055
0.33469459030683135, -0.09925471298132149, 0.5013655696967017
0.2573106724823933, -0.1792788975108543, 0.503732857884166
0.17998722810100035, -0.2551537683535968, 0.5045860349732026
0.1049465166442019, -0.32802127354790667, 0.5031234915000045
0.03370919685781282, -0.3979486913285289, 0.5009176625658608
-0.032103995750756426, -0.4642057109714498, 0.5008739664766387
-0.09063562726707106, -0.5284534067431935, 0.5026975590499309
-0.14085956853218987, -0.5942242664646944, 0.5035890697369076
-0.18226172677206295, -0.6637754029983045, 0.5026441102205573
-0.21420454697462848, -0.7383257601644185, 0.5008739663004257
-0.2946921910404025, -0.7538656493563418, 0.5020946023471619
-0.4197399497599742, -0.6998245521483599, 0.5071634534949989
-0.5367130150898766, -0.6230236224556966, 0.5074015738157187
-0.6428229589629095, -0.527193643722835, 0.5031892703431955
-0.7312231202011799, -0.4105811244124919, 0.5029706831206076
-0.7955012220069819, -0.2756850683038265, 0.5064051102227292
-0.83592939398325, -0.12928964804318724, 0.5059988870824159
-0.8518871762461685, 0.024226275328917038, 0.5024752509294576
-0.8366788922352746, 0.18075687513469701, 0.5042957150125649
-0.7873759140327949, 0.33310582190553917, 0.5074437257915452
-0.7128435866539261, 0.47717378040240216, 0.5050426217715371
-0.6127289871147874, 0.6073872498541879, 0.5008985986151485
-0.48370402177185473, 0.7125838966439695, 0.5046012771689293
-0.33403080340726543, 0.7907526477420243, 0.5081755905977664
-0.17149181919346226, 0.8435520879460943, 0.5049657447356578
0.0, 0.8660254037844358, 0.5000000000000047
-1.1539952667327924e-15, -0.8660254037844357, 0.500000000000005
0.17149285778494963, -0.8435554334245932, 0.5049648868355537
0.3340298174237307, -0.7907486542346226, 0.5081739061449665
0.483707130722856, -0.7125912560173009, 0.50460233264831
0.6127391490268463, -0.6074043269316116, 0.5008948090692487
0.712841583856541, -0.47717142739938506, 0.5050423032158604
0.7873561898723128, -0.3330890325053688, 0.5074410309800655
0.8366725945803992, -0.1807530333409354, 0.5042897131298895
0.8519068967953908, -0.024234328379381567, 0.502478064791365
0.835963971943488, 0.12928085188075156, 0.5059904961530364
0.7954889197367976, 0.2756860571448696, 0.5064038309482685
0.731182549350546, 0.4105778635549643, 0.5029664474750791
0.642822352698527, 0.5271936092632663, 0.5031788018407226
0.5367449617571767, 0.6230369678210864, 0.5074061485031472
0.4197756068053482, 0.6998457076062023, 0.5071506124252383
0.29467106300677204, 0.753847664705979, 0.5020917166442602
0.21417257659124544, 0.738288201746151, 0.5008688297478316
0.18226991449735283, 0.6637894188815392, 0.5026290271846994
0.14087787399584664, 0.5942685852965901, 0.5035954074950137
0.09064488983131702, 0.5284894460653735, 0.5026804175847207
0.03210004551266131, 0.46415655732441985, 0.5008688297199955
-0.03370504809244861, 0.39789706932425095, 0.5009122707033696
-0.10495724117852726, 0.3280630003717779, 0.5031036420056434
-0.1800106169655036, 0.2552103940379046, 0.5045941320089367
-0.25732223174448354, 0.17929868437407026, 0.5037115668381486
-0.33464464847819614, 0.09919604279088279, 0.5013575456460269
-0.4424793661434347, 0.05044399863616378, 0.501771918900243
-0.5653185637630127, 0.028217651257253284, 0.5062246815992513
-0.669009149004764, 0.002466942354911267, 0.5078258203353941
-0.7520442695130786, -0.02960790318912984, 0.5053585085342318
-0.8107885639556749, -0.06860985110110376, 0.5027797438852308
-0.8412057532759306, -0.11639723389443914, 0.5026690327671063
-0.8429367467440979, -0.17416094791387074, 0.5050421006774556
-0.8193545153309236, -0.2415548160644807, 0.5068049358677611
-0.7722995134258094, -0.3181764137672382, 0.5068022589528793
-0.7035861544013704, -0.4028302136405431, 0.5038582033414186
-0.6153808537722912, -0.49123740923609055, 0.5010837564242596
-0.5090774958420716, -0.5782460885941305, 0.5037663847679149
-0.38999933209729853, -0.6627710271592268, 0.5079063359501028
-0.263394587565162, -0.7423398512099388, 0.5080185917514628
-0.13260725338076831, -0.8124332625941434, 0.503597268977752
0.0, -0.8660254037844362, 0.5000000000000042
-1.1729649490619408e-15, -0.8660254037844362, 0.5000000000000042
0.1316099746816015, -0.8538239734110764, 0.50356191496627
0.25957597912150854, -0.820878566310512, 0.5080093027048681
0.3819688444918099, -0.7709921029448847, 0.5081900759282569
0.4965179535416306, -0.7052899077657712, 0.5041123627794212
0.599660352909736, -0.6229257813625347, 0.500445090342994
0.6862440156694848, -0.523386296931578, 0.503115426873354
0.7556072984694825, -0.4111302123040968, 0.5074504528956738
0.808947946489614, -0.29035327592179133, 0.5081909659359571
0.8456841351176585, -0.16361982496817998, 0.5046663757672651
0.862969217437945, -0.032902015961732464, 0.5008898302938839
0.8568548490431849, 0.09870588421712874, 0.5026692986544242
0.8291425774647456, 0.22758949388504074, 0.5068914930234605
0.7836545919492511, 0.35143474233043087, 0.5081918517244302
0.7220768629278617, 0.46806392322360235, 0.5052204948084703
0.6440249698756398, 0.5742298225647604, 0.5013342186462844
0.5488003536719356, 0.6651254102718872, 0.5022235277286009
0.43959702724804905, 0.7388420887602263, 0.5063324240243648
0.32089791969976256, 0.7963107700084979, 0.5081927360379038
0.19560740882652167, 0.8374239550575866, 0.5057747216877343
0.06580296170036887, 0.8598999832404886, 0.5017782525397141
-0.06580285626109866, 0.8598986949812404, 0.5017781082527414
-0.19560824378449074, 0.8374271649320488, 0.505773249872812
-0.3209005388775056, 0.7963171113211207, 0.5081936242927803
-0.43959903330180916, 0.7388455468775226, 0.5063290557501321
-0.5487908543474882, 0.6651142133256462, 0.502221923114943
-0.6440167519528358, 0.5742228499937576, 0.5013330529551184
-0.7220951486421737, 0.4680747013773281, 0.505213968211418
-0.7836735564926357, 0.351442662541222, 0.5081945072132312
-0.8291431854287219, 0.2275897546771103, 0.5068834939029523
-0.8568177551662376, 0.09870284168834409, 0.5026652433423682
-0.8629555141080678, -0.03290089199592738, 0.5008883540156501
-0.8457323234629937, -0.16363222694450427, 0.5046545779167992
-0.8089796505463782, -0.29036622921171956, 0.5081953901270968
-0.7555959455387706, -0.4111232748432928, 0.5074380408528039
-0.6861934952944736, -0.5233434347602811, 0.5031082071292787
-0.5996537739551581, -0.6229180261897861, 0.5004440055450888
-0.4965632289950501, -0.7053664695551037, 0.5040950815621459
-0.38198750341665005, -0.77103630498119, 0.5081962791007993
-0.25956686471755047, -0.820841837196131, 0.5079927000215998
-0.13160166019956707, -0.8537225648605891, 0.5035508083068773
0.0, -0.8660254037844368, 0.5000000000000033
-1.1928975046729142e-15, -0.8660254037844368, 0.5000000000000033
0.13160122572282362, -0.8120778229455436, 0.5035502127112523
0.2595658950458936, -0.740759933752519, 0.5079908754428183
0.3819907580898598, -0.6582011429788067, 0.5081973649544613
0.4965745417495706, -0.567731676528949, 0.5040907468480241
0.5996516749778518, -0.47098720676711564, 0.5004436125269373
0.6861722545493921, -0.37017271945156754, 0.5031050968706287
0.7555903208766634, -0.2707402584164105, 0.5074314675593855
0.8090002329436103, -0.17705089382140748, 0.5081982575991838
0.8457712961201587, -0.09179122476827284, 0.5046450320529342
0.8629423236000872, -0.01685196916055192, 0.5008868564957489
0.85677407456642, 0.04574138361510566, 0.5026603688566152
0.8291447146023286, 0.09436621795783193, 0.5068719225617578
0.7837068320752363, 0.12857209645997653, 0.5081991449103287
0.7221359879693188, 0.14840523658642094, 0.5051994488176001
0.6439939389609677, 0.15406710131584825, 0.5013297232457086
0.5487564713796966, 0.14601701145580798, 0.5022160223761749
0.4396093839750974, 0.1261363319267529, 0.5063122442191467
0.32091958604334625, 0.09709134421775029, 0.50820003292143
0.19561928824222796, 0.06125466715763883, 0.505753999335321
0.06579847793053326, 0.020999516186985534, 0.5017722070771765
-0.06579836646163256, -0.02094413393557215, 0.5017720530215012
-0.19562020007573233, -0.06130208123229819, 0.5057524361987291
-0.3209222576888334, -0.09714437527289133, 0.508200925270067
-0.4396116326351637, -0.12615916690224815, 0.5063086825933156
-0.5487466141341095, -0.1459639887000786, 0.5022143030293996
-0.6439853943692948, -0.15404016995786673, 0.5013284700411477
-0.7221555759614284, -0.14844150021995275, 0.5051924959137865
-0.7837261848010786, -0.1285941994332235, 0.5082018155371979
-0.8291461514244929, -0.0943674155104339, 0.5068634973732784
-0.8567355425432049, -0.045734475429306344, 0.5026560198709316
-0.8629281016274918, 0.01684966522416531, 0.5008852666311112
-0.8458224776448796, 0.0918149100341987, 0.504632423213428
-0.8090325841670544, 0.1770725958743261, 0.5082027075222872
-0.7555796517680793, 0.27073035179291594, 0.5074184459827317
-0.6861197143637745, 0.3701098639493549, 0.5030973537337261
-0.5996448600820027, 0.4709765770948281, 0.5004424424205852
-0.4966222897616124, 0.5678324522183475, 0.5040722189224209
-0.38200978546517333, 0.6582539857984573, 0.5082036012998603
-0.2595568236175808, 0.7407195559361908, 0.5079735276705402
-0.13159246468262886, 0.8119670418688452, 0.503538304840446
0.0, 0.8660254037844373, 0.5000000000000023
0.0, 0.8660254037844373, 0.5000000000000023
0.131592003250073, 0.853606408197157, 0.5035376718309483
0.25955584774862905, 0.820797577807159, 0.5079716094785092
0.38201308135217665, 0.771096937019669, 0.5082046743075888
0.49663418934144055, 0.7054870054364766, 0.504067560677293
0.5996426267420973, 0.6229048575837014, 0.5004420476308039
0.6860975453271869, 0.5232622156421586, 0.5030940305746958
0.7555743402802895, 0.4111100360508111, 0.5074115265388343
0.8090535177617002, 0.29039642489882445, 0.5082055681925204
0.8458638141746724, 0.16366635393260698, 0.5046222059891742
0.8629143176416665, 0.0328974662443321, 0.5008836863553972
0.8566900829100832, -0.0986922249183564, 0.5026507974790092
0.8291488613800037, -0.2275916813015642, 0.5068512831494262
0.783760098048335, -0.3514787920727382, 0.5082064638268028
0.7221993040988051, -0.46813579496822666, 0.5051770131844429
0.6439616333809147, -0.574176195551839, 0.5013249124795063
0.5487109154148099, -0.6650197720630241, 0.502207972139534
0.43962321035192964, -0.7388874256428781, 0.5062908802998545
0.32094168693391273, -0.7964167130666953, 0.5082073613913596
0.1956322709358676, -0.8375186659581544, 0.5057319814358745
0.06579375163539869, -0.8597892246464445, 0.5017657238285205
-0.06579363346202323, -0.8597878238052571, 0.5017655594887501
-0.19563326584537788, -0.8375224239160808, 0.5057303169966025
-0.3209444116184943, -0.7964233084265158, 0.508208256672201
-0.43962572507610853, -0.7388918022442561, 0.5062871081065133
-0.5487006822806425, -0.6650076539650192, 0.5022061297019439
-0.6439527437426597, -0.574168688850771, 0.5013235641712246
-0.7222203036605276, -0.46814805542229165, 0.5051695901811166
-0.7837798509126012, -0.3514870367256692, 0.5082091485287951
-0.8291512264369842, -0.2275924337661387, 0.5068423952185195
-0.8566500406753494, -0.09868884771927695, 0.5026461311979156
-0.8628995443419288, 0.03289622007676546, 0.5008819751652938
-0.8459182202148283, 0.1636805906340418, 0.5046087015721119
-0.8090865317102567, 0.29040992601571836, 0.5082100407170329
-0.7555644644383369, 0.4111039599110979, 0.5073978447484045
-0.6860428730217989, 0.5232160482630028, 0.5030857230356051
-0.5996355538654751, 0.6228964811918668, 0.5004407899518
-0.4966845825850521, 0.7055729960307413, 0.5040476533606492
-0.3820324847562279, 0.7711429604817315, 0.5082109392311537
-0.25954685260969784, 0.8207615406262134, 0.5079534602774004
-0.13158276424978707, 0.8534968540002488, 0.5035248991003018
0.0, 0.8660254037844379, 0.5000000000000012
0.0, 0.8660254037844379, 0.5000000000000012
0.1325827612542902, 0.8532550881089569, 0.5035578326833503
0.2633712053984374, 0.8192332490991758, 0.5079654734159748
0.3900814790706747, 0.7665598245417076, 0.5079182672941768
0.5092316628154341, 0.6949676918211221, 0.5037029702043015
0.6153853606386608, 0.6026726127861082, 0.5010664196280505
0.7034343023446024, 0.4906272399274724, 0.5038354437565011
0.7722322929120333, 0.36368214224886536, 0.5067392745068198
0.8194498395501487, 0.22589373004819277, 0.506818772231967
0.843179653683495, 0.08128862081684025, 0.5049662743103038
0.8412086344306624, -0.06667148405213519, 0.5026708418272386
0.810510493494568, -0.21295873355730677, 0.5027446706914724
0.7520072607686492, -0.3515059450048509, 0.5053067730973582
0.6691210685073701, -0.4775731172991958, 0.5078084775769071
0.5654280182398789, -0.5882347830468823, 0.506148768697328
0.4424142445691053, -0.677663873637432, 0.5017468881169594
0.3345625000725354, -0.7118671684215025, 0.5013432018860613
0.2573454641613708, -0.6857237485242165, 0.5036748965901799
0.1800474909881914, -0.638279763453727, 0.5046064405663749
0.10497733046118213, -0.5706935654500448, 0.5030691473147777
0.0336979648912206, -0.4829186068301634, 0.5009026333588084
-0.03209330013254154, -0.37471343796291506, 0.5008596502971255
-0.0906622395355642, -0.24770342639890602, 0.5026506273449572
-0.14090673163827702, -0.1049749605527733, 0.5036050402175882
-0.18228636996304193, 0.05107828368892009, 0.5026030514877584
-0.2141199977247202, 0.21922420044140334, 0.5008596499361133
-0.2946282399154039, 0.33345191026431364, 0.5020586724693545
-0.41981417865232135, 0.3800117326546043, 0.507065426651389
-0.5368027252539126, 0.4001500680983592, 0.5073434827098183
-0.642717605520481, 0.39382417594860675, 0.503140201587745
-0.7308549221857016, 0.3573834067416123, 0.502919548115585
-0.7956725576897203, 0.2918090723153314, 0.5064291727670444
-0.8361266966541594, 0.20114508571175688, 0.5058935788904821
-0.8518020672432545, 0.08906525646559142, 0.5024666242783049
-0.8365322565022174, -0.04039906190660607, 0.5042127773014602
-0.7875475896536648, -0.18002724050238905, 0.5074674182798214
-0.713041282135602, -0.3253674271864392, 0.504946558643423
-0.6126946361400202, -0.46971309695410335, 0.5008792648775205
-0.48396704115110956, -0.600193170261784, 0.5044975046304452
-0.33413072037077357, -0.7109217447059324, 0.5082058583857118
-0.1715918449306536, -0.8023015392053484, 0.504855074720706
0.0, -0.8660254037844387, 0.49999999999999983
0.0, 0.8660254037844387, 0.5
0.17259269946296843, 0.8436987804776332, 0.504887671533716
0.3379566707082124, 0.7894722455848996, 0.5082192078840336
0.4920191009443926, 0.7084651201955485, 0.504202213554624
0.6252341735236083, 0.5967711083144296, 0.5005367384498328
0.728799379124748, 0.4570748529222163, 0.5055691949168644
0.8049584434734678, 0.30058516568196564, 0.5082199229941885
0.8531811366718445, 0.13335368504686546, 0.5035550721843193
0.8621474971292973, -0.04025234678741375, 0.5010729634404549
0.8333747804427344, -0.21168206667054454, 0.5062509378716894
0.7740025945752582, -0.3753346989885611, 0.5082206404076581
0.6847169097124312, -0.5245900198521051, 0.503017239344062
0.565561835532433, -0.6509488450794653, 0.5016087551764126
0.42212849788820817, -0.7491288015964762, 0.506932900223756
0.26299667563915347, -0.819789817338725, 0.5080451598199267
0.0931004572075951, -0.8570408360374757, 0.5024798701307591
-1.2096047515285648e-15, -0.7851202086284743, 0.49999999999999933
-1.0823018228081247e-15, -0.6106491195665446, 0.49999999999999933
-9.548778781037705e-16, -0.43617799146230696, 0.49999999999999933
-8.273329174155035e-16, -0.2617068243157629, 0.49999999999999933
-6.996669407433223e-16, -0.08723561812691093, 0.4999999999999993
-5.718799480872277e-16, 0.08723562710424831, 0.4999999999999992
-4.4397193944721986e-16, 0.26170691137771424, 0.4999999999999992
-3.159429148232983e-16, 0.4361782346934878, 0.4999999999999992
-1.877928742154634e-16, 0.6106495970515682, 0.4999999999999992
-5.952181762371514e-17, 0.7851209984519557, 0.49999999999999917
-0.09309942160103166, 0.8570170435615146, 0.5024769644204075
-0.2629942558120729, 0.8197755784241938, 0.5080382499422778
-0.4221304306317739, 0.7491300169477959, 0.506924150139648
-0.5655474656090357, 0.6509297638163029, 0.5016057889852852
-0.6846794831858335, 0.524556876940759, 0.5030111123534711
-0.7740318420026311, 0.37534556695564125, 0.5082244172378282
-0.8333950514145055, 0.21168630214800316, 0.5062368928761446
-0.8621242851478612, 0.04024907859580332, 0.5010700618950876
-0.8530976649846385, -0.1333476128621616, 0.5035448007831742
-0.8049978736592771, -0.3006025316045768, 0.5082251438794025
-0.7288435871593688, -0.4571014289984289, 0.5055494185114018
-0.625221876397292, -0.596761850765461, 0.5005348012472454
-0.49207457153871526, -0.7085620578330775, 0.504177967405627
-0.33797732115403023, -0.7895231590360086, 0.5082258638333547
-0.17261688730331717, -0.8437903373895974, 0.5048617238928846
0.0, -0.8660254037844395, 0.49999999999999856
0.0, 0.8660254037844394, 0.49999999999999867
0.1726181783926686, 0.8437951975396087, 0.5048603422093523
0.33797957413639046, 0.789528710195997, 0.5082265810237939
0.4920843525362413, 0.7085791867716759, 0.5041736403029864
0.6252188255468204, 0.596759548057242, 0.5005343179668852
0.7288584542230461, 0.45711032070439417, 0.5055428098600095
0.8050143380116117, 0.3006097719904406, 0.508227298506708
0.8530535406177546, 0.13334435224580446, 0.5035392688176813
0.8621091336621762, -0.04024696299791448, 0.5010681326824633
0.8334118121627904, -0.21168990097516463, 0.5062255377476532
0.7740599630168679, -0.37535604606054185, 0.5082280149402862
0.684635167427669, -0.5245177624849655, 0.5030037574586438
0.5655267274594281, -0.6509022962676294, 0.5016014466004919
0.42213419595830737, -0.7491329500682176, 0.5069085254322594
0.2629890534859799, -0.8197451422008739, 0.508022988851106
0.09309638758414565, -0.856950792915985, 0.5024687466027908
-1.233612202964089e-15, -0.7851237622305357, 0.499999999999998
-1.1038019417180278e-15, -0.6106518811678225, 0.499999999999998
-9.738636306554737e-16, -0.43617996240396395, 0.49999999999999795
-8.437972697764283e-16, -0.2617080059389616, 0.499999999999998
-7.1360285908089015e-16, -0.08723601177281369, 0.4999999999999979
-5.832803985688604e-16, 0.08723602009447844, 0.4999999999999979
-4.528298882403383e-16, 0.2617080896629154, 0.4999999999999979
-3.2225132809532485e-16, 0.43618019693249643, 0.4999999999999978
-1.9154471813381822e-16, 0.6106523419032233, 0.4999999999999978
-6.071005835582057e-17, 0.7851245245750934, 0.4999999999999978
-0.09309519522295526, 0.8569259979544414, 0.5024656264555039
-0.2629866379317867, 0.8197311119774592, 0.5080157260784164
-0.42213660745347925, 0.7491351244355078, 0.506899248603781
-0.5655117167006992, 0.6508824690503965, 0.5015982618646474
-0.6845959956559288, 0.5244833061934037, 0.5029971903586954
-0.774089803282932, 0.3753672012856483, 0.5082318055114753
-0.8334343731095055, 0.2116948659580526, 0.5062105666342973
-0.8620849513642085, 0.04024362044171714, 0.5010650199596961
-0.8529665539600491, -0.1333378150900727, 0.5035282439937783
-0.805054571021895, -0.3006274351610616, 0.5082325211141369
-0.7289064170166607, -0.45713886741691645, 0.5055216189163133
-0.6252059865258301, -0.5967498273512045, 0.5005322606715987
-0.4921432160082784, -0.7086824719730149, 0.504147439501068
-0.33800065914383304, -0.7895806402243565, 0.5082332435706479
-0.1726443061601238, -0.8438930783560236, 0.5048324123822897
0.0, -0.8660254037844404, 0.49999999999999706
0.0, 0.8660254037844404, 0.49999999999999717
0.17264570203507704, 0.8438982779903803, 0.5048309233132598
0.33800295985387746, 0.789586302411863, 0.5082339610407495
0.4921535995701333, 0.7087007321017634, 0.5041427572212855
0.6252028362475299, 0.5967474376738375, 0.5005317339640478
0.7289225629520564, 0.4571484265527751, 0.5055145282975441
0.8050713636514024, 0.300634794564081, 0.5082346721504465
0.8529205642667871, 0.1333343035090941, 0.5035223048089346
0.8620691859162246, -0.04024146009622652, 0.5010629399891816
0.8334530039483362, -0.2116990691820256, 0.5061984411399707
0.7741184179009095, -0.3753779315643817, 0.5082353877705695
0.6845496960517128, -0.5244427127259423, 0.5029892847620592
0.5654900261614316, -0.6508538948258642, 0.5015936051361536
0.42214124200981895, -0.7491398153229472, 0.50688266161796
0.26298145764309755, -0.8197011992904057, 0.507999672079374
0.09309171099068328, -0.8568569329349236, 0.5024568003214076
-1.2590320674222332e-15, -0.7851271813861445, 0.49999999999999656
-1.1265679008339649e-15, -0.6106545376751878, 0.49999999999999656
-9.939680190567742e-16, -0.4361818578970259, 0.49999999999999645
-8.612324220906628e-16, -0.2617091420516604, 0.49999999999999645
-7.283611099356283e-16, -0.0872363901390889, 0.4999999999999964
-5.953540825916729e-16, 0.08723639784068624, 0.49999999999999634
-4.622113400587951e-16, 0.261709221887667, 0.49999999999999634
-3.2893288233699627e-16, 0.4361820820018516, 0.4999999999999962
-1.9551870942627493e-16, 0.6106549781832415, 0.4999999999999962
-6.196882132663211e-17, 0.7851279104318358, 0.49999999999999617
-0.09309034424632129, 0.8568310730693045, 0.5024534490539273
-0.2629790556183137, 0.8196874382497856, 0.5079920241570048
-0.42214418082555805, 0.7491430650837799, 0.5068728038825993
-0.5654743103755068, 0.6508332522227994, 0.5015901945008578
-0.684508663831274, 0.5244068716040248, 0.5029822412248236
-0.7741488596265811, 0.3753893864931534, 0.5082391878904412
-0.8334780776230936, 0.21170484938937306, 0.5061824431368199
-0.8620439034515652, 0.04023803558837487, 0.5010596189755087
-0.8528297831417455, -0.13332725131123369, 0.5035104769677863
-0.8051124350604999, -0.3006527636285817, 0.5082398964881015
-0.728974646842357, -0.45717911661669464, 0.5054917661925462
-0.6251894002306101, -0.5967372059280228, 0.5005295539239343
-0.4922160609959569, -0.7088108007938403, 0.5041143616512784
-0.3380244788214851, -0.7896392336727572, 0.5082406103764413
-0.17267397876662097, -0.8440030810765476, 0.5048007843842233
0.0, -0.8660254037844414, 0.49999999999999545
0.0, 0.8660254037844412, 0.49999999999999556
0.17167104937654926, 0.8442212847107472, 0.5047668719574535
0.3341950884777104, 0.7911508591735884, 0.5082211952169718
0.48416773149346604, 0.713401653322863, 0.5044145889163612
0.6126877671074709, 0.6074181381414685, 0.5008569966252295
0.7132024277646323, 0.47738509056698586, 0.5048712725503394
0.7876289302475821, 0.3331709414762566, 0.5074756271070848
0.8361950402992011, 0.18074527245384292, 0.5041500899391899
0.851762428499156, 0.024303334283638366, 0.5024614208561555
0.8363504980111567, -0.1292688886427154, 0.5057977589279755
0.795764783887333, -0.27581529388916576, 0.5064408140835405
0.7305381945660081, -0.41016260261950527, 0.5028715803248573
0.6426615189271685, -0.5269540274606994, 0.5030863367867997
0.5369071903806095, -0.6230990812882735, 0.5073031011791111
0.41994015650569877, -0.699725311625814, 0.5069704530706195
0.294550911004966, -0.7533342480991724, 0.5020250727212674
0.21401745917134476, -0.738121664841578, 0.5008393400642032
0.18232885237150795, -0.6639065784980734, 0.5025474878259836
0.14095880374757347, -0.59447364046656, 0.5036212097981023
0.09070397234194606, -0.5287137892347826, 0.5025858792673928
0.03207923348505328, -0.4639181055196022, 0.500839332885474
-0.03368319215587606, -0.39764328111468755, 0.5008813063034104
-0.10502566095258067, -0.32831209857011545, 0.502994174956251
-0.1801140349306251, -0.2554534420249054, 0.5046271050927371
-0.25740544503110824, -0.1794355669255957, 0.5035964576118643
-0.3344023337841932, -0.09889620977526731, 0.501311452230639
-0.44228996337203613, -0.050538612733625476, 0.501714300286714
-0.5656921707939906, -0.02856924059764543, 0.5060294980222056
-0.669323132048184, -0.002592362141959431, 0.5078094665903068
-0.7520258065812989, 0.029487909503793153, 0.5052092827507801
-0.8100845328423367, 0.0685107055386428, 0.5026875323038013
-0.8411279882730691, 0.11642111800412552, 0.5026604890612989
-0.8436660840134003, 0.17435116266873688, 0.5048306912220129
-0.8196579382285104, 0.24169394380679052, 0.5068454434535927
-0.7721229920799091, 0.3181246439404356, 0.5066290479465617
-0.7030844411758076, 0.40232726573928684, 0.5037764546107029
-0.6153625100578008, 0.49112307843421266, 0.5010469890440775
-0.5095624930158114, 0.5791095825582099, 0.5035606664906654
-0.3902082306806235, 0.6631219978038799, 0.5079456692583388
-0.26332988955927833, 0.7420248875180362, 0.5078554066252227
-0.13252851418918377, 0.8114554728641702, 0.5034744061849112
0.0, 0.8660254037844423, 0.4999999999999938
0.0, 0.8660254037844423, 0.4999999999999938
0.13129411024305776, 0.8513255712256039, 0.505757784029998
0.25859973452158147, 0.817709703725515, 0.5123363524684805
0.38015649249706446, 0.767414124848567, 0.5149815657143678
0.49353816143825396, 0.7012424862718196, 0.513126622239936
0.5941939079332229, 0.6172404945273527, 0.5122421326610459
0.6782806345526422, 0.5172400530148146, 0.5169494426152557
0.7462854879861414, 0.40602594878265796, 0.5230834875330176
0.7981282928654208, 0.2865043843965826, 0.5262036398402803
0.8330838629652586, 0.16127380902651095, 0.5251622061020247
0.8472536426022161, 0.03230437054505709, 0.5244187117636723
0.8393438062490006, -0.09674007801872944, 0.5282066736718503
0.8118000699615446, -0.2228734648549806, 0.533915180789543
0.766375859349403, -0.3436599119240987, 0.5374257078272474
0.7048721639964058, -0.4568121464610361, 0.5371132282238924
0.6264753994960699, -0.5585592948953083, 0.5365296940018845
0.5327194028029805, -0.6457089683194525, 0.5395294737056916
0.42657462031749327, -0.7170832982668782, 0.5448314426651523
0.3110353137773698, -0.7718116144781588, 0.548647789841503
0.18926250104141573, -0.8098905701370127, 0.5489796931688842
0.06345508947945322, -0.828690673959162, 0.5485751105363883
-0.06333971612077166, -0.8271534268682971, 0.5509178445661144
-0.18824139371341653, -0.8054717976030807, 0.5558322662125699
-0.30824713176101126, -0.7648887404998446, 0.5598698730626926
-0.42115594375886745, -0.7080242771048608, 0.5607615955449796
-0.523887998106414, -0.6350420881104539, 0.5605549650546211
-0.613805575682991, -0.5472354838837069, 0.562371788800602
-0.6883588156464344, -0.4460535593314602, 0.5669176495985103
-0.7459439287937522, -0.3344824972673487, 0.5710919534500145
-0.7871160759219602, -0.21615703336120135, 0.5724589366124667
-0.8103362846009987, -0.09345212906119524, 0.5724692454450978
-0.8147544564869577, 0.031093030861628637, 0.5738912932453705
-0.7987249189457095, 0.15470353880056703, 0.5780875959561076
-0.7629527524655225, 0.2739181556015827, 0.582314038764976
-0.71069876963364, 0.38656953084128615, 0.58407171970679
-0.6429406819614205, 0.49018011864127875, 0.5843179450336629
-0.5607882727342917, 0.5825704290836733, 0.5854763795139816
-0.4644627462942984, 0.660112010464279, 0.58934210287331
-0.35684590400105287, 0.7205251644197763, 0.5935361172184469
-0.24195737546295978, 0.7647602685232382, 0.5955999349502863
-0.12229550461636184, 0.7921905957576775, 0.5961010826766354
0.0, 0.802146676414675, 0.5971270463786503
0.0, 0.802146676414675, 0.5971270463786503
0.12161141878517173, 0.7876993526610344, 0.6017582249865785
0.23928447580641118, 0.756265976228751, 0.6066499507531831
0.35091419106280475, 0.7085833768280555, 0.610073432823165
0.45399876848912135, 0.6453027826010883, 0.6119168900932772
0.5448246694751909, 0.566002197428295, 0.6142173217969185
0.6212807757042379, 0.47359916446898487, 0.6183387771717208
0.6833076146991027, 0.37160470620251124, 0.622865490940548
0.7295158664581438, 0.26194483963477655, 0.6264135966459308
0.7587994305677745, 0.1470596958356199, 0.6287282842715856
0.768904050656746, 0.029382861406350866, 0.6312431064255668
0.7605901129460321, -0.08780857652192874, 0.6349838524523703
0.7353947970012386, -0.2020683073033951, 0.6391660117757112
0.6933341873679301, -0.310861052421964, 0.6427537408430986
0.635543541308832, -0.41166127080568876, 0.6454546839826464
0.5626191822062871, -0.5014908124633985, 0.6482043692094819
0.47738302632715557, -0.5788629612650205, 0.6516934422341926
0.38210338658332815, -0.642697263020942, 0.6555515223510269
0.27842386617087744, -0.6908501848574, 0.6590938882761932
0.16901932725019525, -0.7223822722379281, 0.6620960971287924
0.05649906242213204, -0.7360794517700195, 0.6651011075054046
-0.056272390017629216, -0.7330628014482087, 0.6684675482822318
-0.1670054062395535, -0.7136817308817678, 0.672022022542935
-0.2729278466129772, -0.6772068481517318, 0.6754340403802279
-0.3714416234532232, -0.6248569392202188, 0.6786525231864654
-0.46005543874921584, -0.557929135168012, 0.6819333309542533
-0.5377524119165098, -0.47926859859425847, 0.6853061734938057
-0.6030143173632411, -0.3904842487195841, 0.6885775100263158
-0.6530627453978018, -0.29278300325416373, 0.6917741884273723
-0.6868071523669894, -0.18882573328444274, 0.6951239578575916
-0.7036729326762068, -0.08134860633598988, 0.6987010386995259
-0.7051175698647963, 0.02700287375468404, 0.7022093182653976
-0.691126925351004, 0.1340958085012056, 0.7052179837697444
-0.6602015032436505, 0.23711463188439338, 0.7081143335943836
-0.6132431391838282, 0.33333992271998814, 0.711510404060647
-0.5519320709617243, 0.4205185655765128, 0.7154042316828378
-0.47925577772021055, 0.49794900495259514, 0.7191769780269615
-0.3967472084336625, 0.5642586374026735, 0.7219434466733196
-0.3050221805341633, 0.6161533802648282, 0.7244544808991413
-0.2064788610484963, 0.6520738681151952, 0.7278118635384149
-0.10393148480731534, 0.6716843928509271, 0.7320429061986209
1.3877787807814457e-17, 0.6767540871017957, 0.7362091452780352
