5.684341886080802e-14, 37.960409094372984, -0.09999989999985255
-7.548361944550779, 35.353512188551385, -0.12439014390229158
-14.687408484275306, 31.47829886196006, -0.1487803878047306
-21.17128438665329, 26.562038084166833, -0.17317063170716962
-26.715140041466537, 20.810281332025227, -0.19756087560960867
-31.144512552415208, 14.572926066935477, -0.22195111951204768
-34.40238015020158, 8.215440157073072, -0.2463413634144867
-36.404498052811164, 2.024059582717165, -0.27073160731692575
-36.93694038729302, -3.721289958883804, -0.2951218512193648
-36.25935705142361, -8.725001760115676, -0.3195120951218038
-34.42169011081433, -12.800155615115864, -0.34390233902424283
-31.454301011903144, -15.73943395330646, -0.3682925829266818
-27.554214312999814, -17.44248792083708, -0.3926828268291208
-22.95664911306116, -17.942366583075987, -0.41707307073155986
-17.810694373080626, -17.252284618042882, -0.4414633146339989
-12.282128651648021, -15.290599026711236, -0.46585355853643795
-8.75039752313893, -10.420014785989556, -0.490243802438877
-7.474452644483523, -3.1277518927286003, -0.5146340463413159
-5.793515014289725, 3.6245967619871386, -0.539024290243755
-3.727180318794596, 9.747860247984388, -0.563414534146194
-1.317489892177916, 15.176332641158966, -0.5878047780486331
1.3833643191461567, 19.866099018716408, -0.612195021951072
4.315682399700524, 23.75956598866574, -0.636585265853511
7.402824574878931, 26.781652946122037, -0.6609755097559502
10.552168349313476, 28.880714882489784, -0.6853657536583891
13.672497035121443, 30.045285430899707, -0.7097559975608282
18.21780042034153, 28.63944923647794, -0.7341462414632672
23.495312344363345, 24.968561224941155, -0.7585364853657063
27.921930090584617, 20.323627712449124, -0.7829267292681453
31.35795055945733, 14.97320220099424, -0.8073169731705843
33.72381856664602, 9.134018834210691, -0.8317072170730233
34.972025978259516, 3.0017783834127822, -0.8560974609754624
35.10594725942421, -3.2091052606649604, -0.8804877048779014
34.15249686301371, -9.277518837721965, -0.9048779487803404
32.1524273285588, -15.006115868424578, -0.9292681926827793
29.16620557444702, -20.212274447964333, -0.9536584365852184
25.398328405784852, -24.780319752942603, -0.9780486804876575
21.015366634751633, -28.635785760614304, -1.0024389243900964
16.1302762257054, -31.667160122530166, -1.0268291682925355
10.886323419299359, -33.79005860984861, -1.0512194121949745
5.455374892755911, -34.99253283923056, -1.0756096560974135
2.7533531010703882e-14, -35.33225555189509, -1.0999998999998526
0.0, -35.33225555189508, -1.0999998999998526
-5.436640237779447, -34.90076753205849, -1.1243901439022916
-10.813005730507566, -33.619116238090484, -1.1487803878047307
-15.969231776440232, -31.43608585102012, -1.1731706317071697
-20.741532549453265, -28.374998083971718, -1.1975608756096088
-25.002108147610635, -24.532333406448394, -1.2219511195120476
-28.64272774261498, -20.018046567969016, -1.2463413634144866
-31.501260479602294, -14.906242872846788, -1.2707316073169257
-33.398617177429436, -9.314425265799208, -1.295121851219365
-34.29194452169028, -3.41783833296994, -1.319512095121804
-34.135091833710376, 2.592314496393913, -1.3439023390242428
-32.90511861815598, 8.501379020863675, -1.3682925829266819
-30.61937868859794, 14.117187072580418, -1.392682826829121
-27.330278977011606, 19.26460120169696, -1.41707307073156
-23.10266367026408, 23.723805744822965, -1.441463314633999
-18.073002011253223, 27.235932077715027, -1.465853558536438
-13.672496129904554, 28.677349298620232, -1.490243802438877
-10.552168439270835, 27.750268626024344, -1.5146340463413162
-7.402824740481297, 25.92669385288363, -1.5390242902437552
-4.315682474393725, 23.21809195578833, -1.5634145341461942
-1.3833643867867962, 19.67610895841775, -1.5878047780486333
1.3174898277582574, 15.37582229530333, -1.6121950219510723
3.727180254286826, 10.37483026635461, -1.6365852658535114
5.793514884687865, 4.717044673056547, -1.6609755097559502
7.474452580763718, -1.5318276685009025, -1.6853657536583895
8.750398102477725, -8.282615500722121, -1.7097559975608283
12.03114792351845, -12.857837277721474, -1.7341462414632676
17.053450893328698, -14.85168749662651, -1.7585364853657064
21.682333626516236, -15.661389147184364, -1.7829267292681457
25.76934570639543, -15.373786926610709, -1.8073169731705843
29.221503411425747, -14.01405366094119, -1.8317072170730235
31.82721814870277, -11.530816014026403, -1.8560974609754626
33.36515966978151, -7.982832941083439, -1.8804877048779016
33.82722416013368, -3.56903733574954, -1.9048779487803407
33.24172770896067, 1.5389850188413114, -1.9292681926827797
31.34880531182376, 7.082481891779478, -1.9536584365852185
28.29177125377771, 12.787474459222143, -1.9780486804876578
24.182224240730093, 18.39807277414675, -2.0024389243900966
19.131424521478017, 23.635183600017825, -2.0268291682925357
13.257735882868602, 28.145017330891502, -2.0512194121949747
6.7989860590607645, 31.683041597143816, -2.0756096560974138
-8.881784197001252e-16, 34.07447953015792, -2.099999899999853
0.0, -34.07447953015791, -2.099999899999853
-6.791216963865769, -33.337036439803235, -2.124390143902292
-13.227073410034489, -31.339507969189203, -2.148780387804731
-19.063761424867327, -28.138631929970046, -2.17317063170717
-24.0650021472866, -23.870707888343485, -2.197560875609609
-28.114940353528773, -18.805342560175554, -2.221951119512048
-31.10587063279125, -13.160230456944365, -2.246341363414487
-32.92941751281998, -7.132210440832882, -2.270731607316926
-33.44503861241272, -0.955387196457733, -2.295121851219365
-32.91587045502756, 5.117864537047702, -2.3195120951218042
-31.318227371815443, 10.891493827936827, -2.3439023390242433
-28.665458071750844, 16.123816935641813, -2.3682925829266823
-25.181925310952842, 20.692596553516278, -2.392682826829121
-21.080684138765925, 24.553281044594005, -2.41707307073156
-16.45664239156451, 27.560410382272046, -2.441463314633999
-11.46130886309875, 29.506295137228218, -2.4658535585364385
-8.232444310865317, 28.882010470410403, -2.490243802438877
-7.033331709979981, 25.944957611584236, -2.5146340463413166
-5.452388112160874, 23.186705577095076, -2.5390242902437556
-3.50767751039389, 20.52133025972647, -2.5634145341461947
-1.2397990203938012, 17.888637243193035, -2.5878047780486333
1.3017888872374979, 15.251573312039405, -2.6121950219510723
4.061521218562548, 12.556409573576918, -2.6365852658535114
6.966940152315426, 9.728098031815108, -2.6609755097559504
9.929409396732021, 6.715326610539774, -2.6853657536583895
12.863195405754558, 3.5092056178598092, -2.7097559975608285
17.085284058976487, 1.6213951445330554, -2.7341462414632676
21.951682805684413, 0.7858746215693149, -2.7585364853657066
26.034427306195735, -0.11283354898856679, -2.7829267292681457
29.199790323162023, -1.2633968092394774, -2.8073169731705847
31.388646315553974, -2.7474790880223874, -2.8317072170730238
32.55723613442873, -4.574213419165702, -2.8560974609754624
32.694492245846504, -6.768716539624056, -2.8804877048779014
31.82212150318621, -9.34882696232651, -2.904877948780341
29.98434340668511, -12.260853503834701, -2.9292681926827795
27.225626057718912, -15.435488513862909, -2.9536584365852185
23.728939349948085, -18.79631872230349, -2.978048680487658
19.657240235122213, -22.24687904974529, -3.0024389243900966
15.11217248791191, -25.60759508694232, -3.0268291682925357
10.215090151610058, -28.6734527568864, -3.0512194121949747
5.12587700832136, -31.259027107485963, -3.0756096560974138
0.0, -33.23823905040745, -3.099999899999853
0.0, -33.23823905040744, -3.099999899999853
-5.080888619678577, -31.285293674226644, -3.124390143902292
-10.043187815805869, -28.681050470802234, -3.148780387804731
-14.753467251831161, -25.51368851706672, -3.17317063170717
-19.088760529879746, -21.936360103383837, -3.197560875609609
-22.970348226388957, -18.139111311610066, -3.221951119512048
-26.351912925570346, -14.294112168583718, -3.2463413634144866
-29.12854355834371, -10.509336653428974, -3.270731607316926
-31.189714716500603, -6.895680658889564, -3.295121851219365
-32.47633350125321, -3.5753305407903424, -3.3195120951218042
-32.99973915956645, -0.6566116286204391, -3.3439023390242433
-32.8033343631753, 1.7855813091770067, -3.3682925829266823
-31.8628571620526, 3.701004936505373, -3.3926828268291214
-30.149625806826464, 5.054066167333417, -3.4170730707315595
-27.694192244108518, 5.834063848380141, -3.441463314633999
-24.58888951018416, 6.065409051164964, -3.465853558536438
-20.945218700456785, 5.799767407543433, -3.4902438024388776
-16.833264653699775, 5.091957612249836, -3.5146340463413166
-12.318371532845699, 4.008405338795983, -3.5390242902437556
-7.504282536502025, 2.6408524370031348, -3.5634145341461947
-2.5187174964351167, 1.1009086017995227, -3.5878047780486333
2.517573957350291, -0.49685942203753797, -3.6121950219510723
7.494032575012958, -2.045628030356058, -3.636585265853511
12.290327933777377, -3.4379337565665846, -3.660975509755951
16.779950824455682, -4.565221486366122, -3.6853657536583895
20.86060740340203, -5.331434286760038, -3.709755997560828
24.467560909511604, -5.66291165500313, -3.734146241463267
27.5314884945087, -5.502662772137688, -3.7585364853657066
29.944197826409187, -4.802463353281157, -3.7829267292681457
31.617683051895966, -3.5377819580654255, -3.8073169731705843
32.52371771814153, -1.7152547949432893, -3.8317072170730233
32.690009843840784, 0.6331694957981162, -3.856097460975463
32.140230124437366, 3.4583890910644657, -3.880487704877902
30.8364008338079, 6.687369727421513, -3.9048779487803404
28.772719575551847, 10.216204913365253, -3.9292681926827795
26.00926118604587, 13.92570535146541, -3.953658436585219
22.65313423066178, 17.70299365454147, -3.9780486804876576
18.806622959405185, 21.43680803575404, -4.002438924390097
14.520206616719811, 24.96114992315999, -4.026829168292536
9.87500604938942, 28.093665741813233, -4.051219412194975
4.991694002125696, 30.68257091813938, -4.075609656097414
-8.881784197001252e-16, 32.63286395405765, -4.099999899999853
4.973799150320701e-14, 32.63286395405765, -4.099999899999853
-4.987221100750873, 32.25745722571813, -4.124390143902292
-9.857219192657832, 31.135173353650046, -4.148780387804731
-14.481096008023886, 29.24890307667252, -4.17317063170717
-18.739775722734713, 26.647619748138922, -4.197560875609609
-22.553175734960586, 23.433254930372033, -4.221951119512048
-25.87068148995572, 19.712835724140096, -4.246341363414487
-28.59226138999911, 15.54165981610285, -4.270731607316926
-30.615215080627564, 10.995070465253255, -4.295121851219365
-31.883089778586502, 6.186173038081719, -4.319512095121804
-32.40182002941431, 1.2418868423698488, -4.343902339024243
-32.20730977459116, -3.7240201752440036, -4.368292582926681
-31.279181721290946, -8.601819658539437, -4.392682826829121
-29.595878828573724, -13.268498744380711, -4.4170730707315595
-27.188838860191716, -17.603365719926668, -4.4414633146339995
-24.144237292201257, -21.515594825885174, -4.465853558536438
-20.56664583064486, -24.945784125175166, -4.4902438024388776
-16.52675770370017, -27.80959730605097, -4.514634046341317
-12.09281007630327, -30.005213248413952, -4.539024290243756
-7.367030983684582, -31.46308399725094, -4.563414534146194
-2.4728424027957043, -32.170990744444474, -4.587804778048634
2.471749460656372, -32.15693294804047, -4.612195021951072
7.357228155010871, -31.421466208741258, -4.636585265853511
12.065987846602484, -29.938675508316756, -4.660975509755951
16.475815736685355, -27.723632332542536, -4.68536575365839
20.48590233453435, -24.84765013469652, -4.709755997560828
24.02845948829255, -21.4125702963381, -4.734146241463267
27.033362202522774, -17.502997620754066, -4.758536485365706
29.399392776434322, -13.180464206802945, -4.782926729268146
31.04480208537099, -8.537080889445226, -4.807316973170584
31.94038747305013, -3.69286765064004, -4.831707217073023
32.10633123028704, 1.2304091375070791, -4.856097460975462
31.562027906520015, 6.123444932498496, -4.880487704877901
30.277291966899966, 10.873562910103427, -4.9048779487803404
28.25199798776938, 15.357124466267965, -4.9292681926827795
25.54349114943828, 19.464096284564206, -4.9536584365852185
22.25060702842317, 23.118705179517153, -4.978048680487658
18.47037800601395, 26.2635535410638, -5.002438924390097
14.258032214478105, 28.797752001561843, -5.026829168292536
9.696322820386193, 30.62824428193871, -5.051219412194975
4.901962658594293, 31.710012984864246, -5.075609656097414
-8.881784197001252e-16, 32.05551368486801, -5.099999899999853
4.263256414560601e-14, 32.05551368486801, -5.099999899999853
-4.897590524842675, 30.163871113475103, -5.124390143902292
-9.678929317076957, 27.642800051831983, -5.148780387804731
-14.219795034118071, 24.589111222649002, -5.17317063170717
-18.405072823378735, 21.148049564764822, -5.197560875609609
-22.153010360360756, 17.492375899336864, -5.221951119512048
-25.408107653597273, 13.782356810688405, -5.246341363414487
-28.07557318385092, 10.129568635660961, -5.270731607316926
-30.06103189501751, 6.645397698050382, -5.295121851219365
-31.310770872416782, 3.445881518750415, -5.319512095121804
-31.824924394597186, 0.6328762071710805, -5.343902339024243
-31.631327275073165, -1.721007598564969, -5.368292582926682
-30.71392047645478, -3.566516823822383, -5.392682826829121
-29.05882554980831, -4.870505182136427, -5.4170730707315595
-26.69849371492326, -5.623551811363588, -5.4414633146339995
-23.712704646176686, -5.847633904000619, -5.465853558536438
-20.198814883882726, -5.590531374008595, -5.4902438024388776
-16.22837858704183, -4.90643813241179, -5.514634046341317
-11.872864270850286, -3.861387296335158, -5.539024290243756
-7.233055330480802, -2.543436947430216, -5.563414534146194
-2.4280261837476718, -1.0586509839234015, -5.587804778048634
2.426933092100861, 0.4822026253531462, -5.612195021951072
7.223252068013066, 1.974633278630213, -5.636585265853512
11.846041391922064, 3.315765013286704, -5.66097550975595
16.17743486921592, 4.402911624067604, -5.685365753658389
20.11806983064031, 5.143466885952591, -5.709755997560828
23.596925918149182, 5.463631864422962, -5.734146241463268
26.543014104972947, 5.307000296571406, -5.758536485365707
28.862340463170767, 4.629879827268067, -5.782926729268146
30.47953940379843, 3.410380610572826, -5.807316973170584
31.364400601506347, 1.6537815150112494, -5.831707217073023
31.52943832963359, -0.6104674792804625, -5.856097460975462
30.989702297440157, -3.334061184380568, -5.880487704877901
29.723111657336702, -6.446126852108145, -5.904877948780341
27.735308863399815, -9.849350111122792, -5.9292681926827795
25.080908176582348, -13.43068259021516, -5.9536584365852185
21.850444891044653, -17.076363678098478, -5.978048680487658
18.13566489894264, -20.670861070602356, -6.002438924390097
13.996731460316962, -24.06061786655215, -6.026829168292536
9.518029599283945, -27.0810629676261, -6.051219412194975
4.812328183746375, -29.58832425747721, -6.075609656097414
8.881784197001252e-16, -31.478163415678377, -6.099999899999853
0.0, -31.478163415678377, -6.099999899999853
-4.8438091661911304, -29.6243850322174, -6.124390143902292
-9.63707076779696, -27.19037025344842, -6.148780387804731
-14.241794048558106, -24.30830037828143, -6.17317063170717
-18.513347294745554, -21.148953541448417, -6.197560875609609
-22.327602691478667, -17.890617139864922, -6.221951119512048
-25.581809764805648, -14.687032159296027, -6.246341363414487
-28.140547361305828, -11.640199717519963, -6.270731607316926
-29.845217225189636, -8.834079407901257, -6.295121851219366
-30.651247581494616, -6.332475198499665, -6.319512095121803
-30.518634613762178, -4.18445471311798, -6.343902339024243
-29.421085249426056, -2.3823424352825326, -6.368292582926681
-27.368266792639133, -0.902377243281534, -6.392682826829121
-24.41218623699428, 0.26985733624026587, -6.4170730707315595
-20.62181793354135, 1.1969155248584595, -6.4414633146339995
-16.113696453862715, 2.0351786857746035, -6.465853558536438
-12.17958720991264, 3.811765374391232, -6.4902438024388776
-9.397296247565059, 6.7540718089612195, -6.514634046341317
-6.591171126961272, 9.504246044606937, -6.539024290243756
-3.8425761566865657, 12.07521502327044, -6.563414534146195
-1.231865627630933, 14.509088676927831, -6.587804778048634
1.1732053276977614, 16.86632142726338, -6.612195021951072
3.318588471619751, 19.198881577713596, -6.636585265853512
5.15830777626832, 21.552092577789562, -6.66097550975595
6.656418132540835, 23.986795486987095, -6.68536575365839
7.794936084816432, 26.579511285495272, -6.709755997560828
10.74177417857361, 27.074247526679812, -6.734146241463268
15.279045423547458, 25.2134118573171, -6.758536485365706
19.473879965570966, 22.41869012574279, -6.782926729268145
23.195014536418007, 18.86818272243348, -6.807316973170584
26.331381393638882, 14.664406317712107, -6.831707217073023
28.69143959163239, 9.859882829808942, -6.856097460975463
30.107386469229183, 4.5866766271155175, -6.880487704877902
30.5647287676778, -0.9454891664436349, -6.9048779487803404
30.04388753847952, -6.563018428832294, -6.9292681926827795
28.3300501832281, -12.032446267886227, -6.9536584365852185
25.588563933281765, -17.154590067370794, -6.978048680487658
21.898654838873245, -21.748053741804533, -7.002438924390097
17.323936020477703, -25.58306042490349, -7.026829168292537
12.000241761689566, -28.44190498714419, -7.051219412194975
6.1568347519686375, -30.2394386499408, -7.075609656097414
8.881784197001252e-16, -30.900813146488733, -7.099999899999853
4.263256414560601e-14, 30.900813146488737, -7.099999899999853
-6.152461975446754, 30.211360718892433, -7.124390143902292
-11.982846471654117, 28.387099959267474, -7.148780387804731
-17.285696026704134, 25.5057179249577, -7.173170631707171
-21.833338226348864, 21.6549360760488, -7.197560875609609
-25.49096131915716, 17.053122400265202, -7.221951119512048
-28.194646983444457, 11.929509299166178, -7.246341363414487
-29.867447994582573, 6.467331159715137, -7.270731607316925
-30.348455332662517, 0.8677223136567742, -7.295121851219365
-29.85609684452355, -4.635771787047617, -7.319512095121804
-28.41001866929582, -9.870814803684327, -7.343902339024243
-26.022288727819053, -14.628330893131896, -7.368292582926681
-22.864110214724448, -18.776781507704598, -7.3926828268291205
-19.13329815297763, -22.266095394927525, -7.4170730707315595
-14.944144813193358, -24.997215104116407, -7.441463314633999
-10.42600329097648, -26.793261879641424, -7.4658535585364385
-7.50782803743687, -26.2305628488782, -7.4902438024388776
-6.408964504113415, -23.569215552101035, -7.514634046341316
-4.965177853497631, -21.072998256785304, -7.539024290243756
-3.194406692448202, -18.671666288753954, -7.563414534146195
-1.1294775875005116, -16.303908178156778, -7.587804778048634
1.1859514741507788, -13.918554409379215, -7.612195021951073
3.698786711490379, -11.464755143577314, -7.636585265853512
6.344393935243075, -8.892069805289047, -7.66097550975595
9.047949874893824, -6.164547066864419, -7.68536575365839
11.73098122671069, -3.2665338108044484, -7.709755997560828
15.566360791645629, -1.5481373421159734, -7.734146241463267
19.975939405019357, -0.7799653997498925, -7.758536485365706
23.6786267877987, 0.05880765858555925, -7.782926729268145
26.56858299106588, 1.1232631313572128, -7.807316973170584
28.578107736934903, 2.480729797850056, -7.831707217073024
29.646232427351073, 4.150565816477063, -7.856097460975462
29.757776788736535, 6.157915432768183, -7.880487704877901
28.95309240407774, 8.513292413538885, -7.9048779487803404
27.283558096069626, 11.17543472817832, -7.9292681926827795
24.791960648703878, 14.086569026887734, -7.9536584365852185
21.62486618759215, 17.160052662008002, -7.978048680487658
17.909170627726755, 20.287618363677044, -8.002438924390097
13.757421806568257, 23.328631153118774, -8.026829168292537
9.297862998456734, 26.12167386617001, -8.051219412194975
4.668898205402151, 28.501269146406003, -8.075609656097415
0.0, 30.323462877299107, -8.099999899999853
4.263256414560601e-14, 30.323462877299104, -8.099999899999853
-4.62867155661587, 29.95519630924634, -8.124390143902291
-9.144030891308468, 28.888203144868804, -8.148780387804731
-13.435878397842803, 27.134907827065216, -8.17317063170717
-17.400853278856104, 24.73880020819881, -8.197560875609609
-20.952501533635235, 21.769196717815976, -8.221951119512047
-24.02025047216834, 18.30609036413487, -8.246341363414487
-26.525438857905446, 14.420769784592292, -8.270731607316925
-28.39843845987096, 10.197974009918756, -8.295121851219365
-29.593650198139215, 5.738876529279695, -8.319512095121805
-30.09419332124507, 1.1522481285638002, -8.343902339024243
-29.90323653747809, -3.4551043444331166, -8.368292582926681
-29.018046451757556, -7.977258323681076, -8.392682826829121
-27.44761721978418, -12.3059864296403, -8.41707307073156
-25.227333569210067, -16.33710809280717, -8.441463314634
-22.41804816578286, -19.979558901468785, -8.465853558536438
-19.095247355880886, -23.157463422728497, -8.490243802438878
-15.333180811742839, -25.795426937629127, -8.514634046341317
-11.213004151248036, -27.82269118210243, -8.539024290243756
-6.831098705127761, -29.187780219205656, -8.563414534146194
-2.293563235825232, -29.865129415051562, -8.587804778048634
2.292469972861105, -29.85106876990206, -8.612195021951072
6.821294350390636, -29.146155553265423, -8.636585265853512
11.186179825134136, -27.756148640541895, -8.66097550975595
15.282231554992611, -25.70944963601709, -8.685365753658388
19.01449344929683, -23.059315328769358, -8.709755997560828
22.30226073910607, -19.876527237698788, -8.734146241463268
25.071832273619417, -16.236723166433105, -8.758536485365706
27.251121610347496, -12.217948815820934, -8.782926729268146
28.783643944073148, -7.912512165614215, -8.807316973170584
29.636272693097066, -3.4239454448381608, -8.831707217073024
29.79869320671167, 1.1407684515318024, -8.856097460975462
29.27253027471057, 5.67613893032714, -8.8804877048779
28.060501661005393, 10.076458409830211, -8.90487794878034
26.18514787268346, 14.236223337751952, -8.929268192682779
23.692997703769993, 18.057304746340424, -8.953658436585219
20.64992962778653, 21.454641975620106, -8.978048680487658
17.131396643198002, 24.354654529248076, -9.002438924390097
13.212807987265574, 26.68372969787972, -9.026829168292535
8.983117015863499, 28.38124180736861, -9.051219412194975
4.543394834548877, 29.407624240298045, -9.075609656097415
-8.881784197001252e-16, 29.74611260810948, -9.099999899999853
4.263256414560601e-14, 29.746112608109478, -9.099999899999853
-4.539021608519997, 27.973792857194436, -9.124390143902291
-8.965721139221191, 25.615016030307817, -9.148780387804731
-13.174568169031481, 22.784455802951907, -9.173170631707169
-17.066073106294457, 19.61161705567536, -9.197560875609609
-20.552327286956892, 16.234178724139355, -9.221951119512049
-23.557581224313132, 12.787309574036124, -9.246341363414487
-26.008701559422484, 9.391413528217395, -9.270731607316925
-27.84422390069986, 6.159358251797858, -9.295121851219365
-29.021215134219474, 3.1949549441417657, -9.319512095121805
-29.517265396603584, 0.5869630625375015, -9.343902339024243
-29.32715219999123, -1.596387330167616, -9.368292582926681
-28.452720875265655, -3.307552621360495, -9.392682826829121
-26.910528985271355, -4.518367358247502, -9.41707307073156
-24.736899822040414, -5.222064097678148, -9.441463314634
-21.98647377423766, -5.435533179441158, -9.465853558536438
-18.727363800126213, -5.197992357380091, -9.490243802438876
-15.034759610500826, -4.562579116977938, -9.514634046341317
-10.993042681918366, -3.5952399218149473, -9.539024290243756
-6.6971022217382234, -2.3769924949487358, -9.563414534146194
-2.248736883290918, -1.0024454216454242, -9.587804778048632
2.247643541171148, 0.42592446293351216, -9.612195021951074
6.687297421377499, 1.808092268819756, -9.636585265853512
10.96621782449332, 3.049581018756969, -9.66097550975595
14.9838083745031, 4.05897896183405, -9.68536575365839
18.64660668003602, 4.750854413498715, -9.709755997560828
21.870683223075908, 5.051498205654011, -9.734146241463268
24.581390706314192, 4.9054497377013275, -9.758536485365706
26.71402997424894, 4.277728781974476, -9.782926729268144
28.218311049750604, 3.151395023407399, -9.807316973170584
29.06017500484802, 1.5291454881108693, -9.831707217073024
29.22176069369765, -0.5645490838937552, -9.856097460975462
28.700076877106056, -3.0831129677043574, -9.8804877048779
27.50628187877807, -5.960068611960358, -9.90487794878034
25.668401533127067, -9.111171172582297, -9.92926819268278
23.230308944407145, -12.435558485296418, -9.953658436585219
20.249753489429068, -15.818151788851935, -9.978048680487658
16.796598863457767, -19.134315437252724, -10.002438924390097
12.951495568591104, -22.255923287413967, -10.026829168292537
8.804802177422326, -25.05323763526514, -10.051219412194975
4.453739280470099, -27.398100692836927, -10.075609656097413
8.881784197001252e-16, -29.16876233891985, -10.099999899999853
0.0, -29.16876233891985, -10.099999899999853
-4.449365676059758, -28.803850540612547, -10.124390143902291
-8.787405275205668, -27.76465770661173, -10.148780387804731
-12.913254438511085, -26.077853134497715, -10.17317063170717
-16.731269627627608, -23.7842226194571, -10.197560875609609
-20.152148877984505, -20.937146655434628, -10.221951119512049
-23.094882082409846, -17.60260361265104, -10.246341363414487
-25.491947813829842, -13.860289800240563, -10.270731607316927
-27.289997966853512, -9.799398053559862, -10.295121851219367
-28.44874431218902, -5.515195906427077, -10.319512095121803
-28.94032597800719, -1.107420903402601, -10.343902339024243
-28.751036490464813, 3.3206226330774324, -10.368292582926681
-27.887375271920362, 7.664945431249077, -10.39268282682912
-26.373429628876032, 11.824710449954956, -10.41707307073156
-24.24643960728899, 15.703884230841142, -10.441463314634
-21.554886660144902, 19.211490974722633, -10.465853558536438
-18.359464962032632, 22.26319155011614, -10.490243802438878
-14.736326360184838, 24.788229427600186, -10.514634046341317
-10.773076824171092, 26.73137432504823, -10.539024290243756
-6.563099655490127, 28.049980986259825, -10.563414534146196
-2.2039074849415035, 28.71208782990221, -10.587804778048634
2.2028140501884046, 28.698025952608038, -10.612195021951072
6.553294326229978, 28.008352078457627, -10.636585265853512
10.746251390662831, 26.664829257594963, -10.66097550975595
14.685373083932902, 24.702245243459362, -10.685365753658388
18.278704518641263, 22.165034566370906, -10.709755997560828
21.439092819422715, 19.108454611225426, -10.734146241463268
24.09092210415826, 15.6034884907633, -10.758536485365706
26.17692722982946, 11.73667053128679, -10.782926729268146
27.652957992034146, 7.600194560619517, -10.807316973170584
28.48404547819345, 3.2894595494981704, -10.831707217073024
28.64481637541976, -1.0959397246783733, -10.856097460975462
28.127586378209134, -5.452451543469476, -10.880487704877902
26.95205061572563, -9.67787668432507, -10.90487794878034
25.15163846067366, -13.675735539429784, -10.929268192682779
22.767589301535264, -17.35378859601921, -10.953658436585219
19.849572863209456, -20.622586245701267, -10.978048680487657
16.461776516149186, -23.40002637472781, -11.002438924390097
12.69017963220385, -25.62665779533081, -11.026829168292537
8.62648106988885, -27.25767719347306, -11.051219412194975
4.36407732768384, -28.25620178270231, -11.075609656097415
0.0, -28.591412069730215, -11.099999899999853
0.0, -28.591412069730215, -11.099999899999853
-4.39215207491372, -28.220633172701174, -11.124390143902291
-8.732754530102898, -27.1533737650339, -11.148780387804731
-12.909863898220328, -25.396652525220947, -11.17317063170717
-16.79952751674029, -22.959764029457098, -11.197560875609609
-20.269267199112356, -19.87214298804645, -11.221951119512047
-23.204294651784455, -16.202173965866304, -11.246341363414485
-25.50673275075341, -12.043937406023609, -11.270731607316925
-27.051844549419236, -7.5077146107716874, -11.295121851219365
-27.793990061674126, -2.731860427091709, -11.319512095121805
-27.688690004685665, 2.1424970584870753, -11.343902339024243
-26.68977476060808, 6.947497802072341, -11.368292582926683
-24.809134099992264, 11.507259187228236, -11.39268282682912
-22.11523311460565, 15.671790136994936, -11.41707307073156
-18.68831308649159, 19.29788648403483, -11.441463314634
-14.617341497971658, 22.18619711663485, -11.465853558536438
-11.058006529821636, 23.335879545979413, -11.490243802438876
-8.523880687120998, 22.54119261962547, -11.514634046341317
-5.974210684580554, 21.028316357579598, -11.539024290243756
-3.483079705564108, 18.816845809913037, -11.563414534146194
-1.1170695193907216, 15.933691666438781, -11.587804778048632
1.0638757374234433, 12.414156919628818, -11.612195021951074
3.008114280669812, 8.307418082509017, -11.636585265853512
4.675469216786548, 3.67351023620229, -11.66097550975595
6.037748800597097, -1.4257095014953158, -11.685365753658388
7.077124107235422, -6.929293406345632, -11.70975599756083
9.730517833634721, -10.667256533337058, -11.734146241463268
13.827122071895133, -12.246590349076218, -11.758536485365706
17.625165572863047, -12.905972406882029, -11.782926729268146
21.01480080228874, -12.684878790079548, -11.807316973170584
23.857569911117373, -11.541695059530648, -11.831707217073022
25.976336142444207, -9.46367131226621, -11.856097460975462
27.26262444069549, -6.540997115210349, -11.8804877048779
27.701645728910904, -2.9140770784541354, -11.90487794878034
27.21668823260043, 1.2809878850190275, -11.92926819268278
25.64233144924479, 5.82076154261128, -11.953658436585219
23.17394950547082, 10.516432368217412, -11.978048680487658
19.85546532851144, 15.155023122317356, -12.002438924390098
15.695922791208558, 19.41987176653495, -12.026829168292537
10.859737586366544, 23.07412760930314, -12.051219412194975
5.572354572887573, 26.003427602590257, -12.075609656097413
-4.440892098500626e-16, 28.01406180054059, -12.099999899999853
0.0, -28.014061800540592, -12.099999899999853
-5.599747864562159, -27.34562403233332, -12.124390143902291
-10.963457099120498, -25.627436999739178, -12.148780387804731
-15.910525443412068, -22.937980199513035, -12.17317063170717
-20.185234342615075, -19.27910932762491, -12.19756087560961
-23.58213986301531, -14.796273156317792, -12.221951119512049
-26.066201818429825, -9.754194194417941, -12.246341363414485
-27.56174430947702, -4.334430333169701, -12.270731607316925
-27.79697332185919, 1.2791138116449936, -12.295121851219365
-26.93000001770604, 6.823026558844132, -12.319512095121803
-25.031146524943033, 12.103048441296881, -12.343902339024243
-22.093119686095594, 16.879494278881868, -12.368292582926681
-18.224475262553373, 20.93291970320339, -12.392682826829121
-13.641168681425306, 24.150457933636375, -12.41707307073156
-8.528270009502268, 26.440074276377757, -12.441463314634
-3.0410902400754933, 27.55383416005796, -12.465853558536438
3.599190885625967e-14, 25.23135253271399, -12.490243802438878
3.2185716744603235e-14, 19.61434078882209, -12.514634046341317
2.8394860426214837e-14, 14.003068768358318, -12.539024290243756
2.4619339901094493e-14, 8.397536471322686, -12.563414534146196
2.0859155169242206e-14, 2.7977438977152, -12.587804778048634
1.7114306230657978e-14, -2.79630895246414, -12.612195021951072
1.3384793085341788e-14, -8.384622079215362, -12.636585265853512
9.670615733293658e-15, -13.96719548253844, -12.66097550975595
5.971774174513593e-15, -19.54402916243336, -12.68536575365839
2.2882684090015584e-15, -25.11512311890017, -12.709755997560828
3.0223336859315966, -27.39935206252222, -12.734146241463268
8.469098161737435, -26.262497183880452, -12.758536485365706
13.534316993072213, -23.964324474167213, -12.782926729268146
18.06584701116809, -20.753187556226138, -12.807316973170584
21.87763567827244, -16.717689728870234, -12.831707217073024
24.758605593392847, -11.973574669911635, -12.856097460975462
26.611325476977257, -6.743729519351518, -12.8804877048779
27.445059495819518, -1.2644836568624074, -12.90487794878034
27.182700013059506, 4.272590930099678, -12.929268192682779
25.676881454481254, 9.60667314253988, -12.953658436585219
23.208236790179857, 14.560819372388572, -12.978048680487658
19.849878271871447, 18.95740853702822, -13.002438924390098
15.628175169298972, 22.527992669482206, -13.026829168292537
10.75528853476583, 25.138981687665346, -13.051219412194975
5.487882899238286, 26.80183418203081, -13.075609656097415
2.7533531010703882e-14, 27.436711531350966, -13.099999899999853
0.0, -27.436711531350966, -13.099999899999853
-5.482146003440393, -26.77394653940752, -13.124390143902291
-10.732783361576358, -25.086174890022495, -13.148780387804731
-15.579769695055841, -22.457705836421823, -13.17317063170717
-19.76857832728448, -18.87941997287915, -13.19756087560961
-23.08761805276272, -14.48486450145202, -13.221951119512049
-25.515780561261003, -9.545629925185228, -13.246341363414485
-26.98615294292881, -4.240526520412346, -13.270731607316925
-27.219830752811912, 1.255117655840119, -13.295121851219365
-26.361920054583855, 6.681666084559247, -13.319512095121805
-24.499041020822766, 11.85026240250976, -13.343902339024243
-21.628123215158876, 16.530329122695765, -13.368292582926681
-17.84189879210446, 20.499436935988328, -13.39268282682912
-13.349106096780197, 23.641679027926155, -13.41707307073156
-8.341656460964405, 25.88002374566304, -13.441463314634
-2.971185188734219, 26.978029188038565, -13.46585355853644
3.39173786492868e-14, 24.70187047344738, -13.490243802438878
3.039776872926346e-14, 19.202521769995336, -13.514634046341317
2.6880381195970166e-14, 13.708912583652047, -13.539024290243756
2.3365216049406948e-14, 8.22104291441753, -13.563414534146194
1.985227328957379e-14, 2.738912762291772, -13.587804778048632
1.6341552916470694e-14, -2.7374778727252282, -13.612195021951074
1.2833054930097664e-14, -8.20812899063346, -13.636585265853512
9.3267793304547e-15, -13.673040591432933, -13.66097550975595
5.822726117541801e-15, -19.132212675123636, -13.685365753658388
2.3208952913589616e-15, -24.585645241705585, -13.70975599756083
2.9524328003244857, -26.82354106394878, -13.734146241463268
8.282489477948392, -25.702446646559164, -13.758536485365706
13.242252979602917, -23.455529490749953, -13.782926729268144
17.68326707893826, -20.3196891316954, -13.807316973170584
21.412629646212128, -16.36850960935622, -13.831707217073024
24.22649761409393, -11.720780993730916, -13.856097460975462
26.043225291882933, -6.602356663432057, -13.880487704877902
26.86790359421772, -1.2404790344229175, -13.90487794878034
26.60707906071764, 4.178688168718354, -13.92926819268278
25.126449820469936, 9.39811004797853, -13.953658436585219
22.71368512647947, 14.249398125766744, -13.978048680487657
19.433210648206074, 18.557715685798755, -14.002438924390097
15.29739625073064, 22.047691603279596, -14.026829168292535
10.524608534257828, 24.597710109091665, -14.051219412194975
5.3702715325935495, 26.230116448734695, -14.075609656097413
2.7533531010703882e-14, 26.85936126216134, -14.099999899999853
0.0, -26.859361262161347, -14.099999899999853
-5.364534134718771, -26.202226693860794, -14.124390143902291
-10.502102675479351, -24.544902284952876, -14.148780387804731
-15.248986618684073, -21.977399924968736, -14.17317063170717
-19.351908613579724, -18.479726941117548, -14.19756087560961
-22.593056608744575, -14.17343917232937, -14.221951119512047
-24.965344267220168, -9.33706723205857, -14.246341363414487
-26.410516692406595, -4.146624333992202, -14.270731607316925
-26.64266638038787, 1.2311074514460705, -14.295121851219365
-25.79380279023548, 6.540283030126963, -14.319512095121805
-23.966927940105755, 11.597460126691999, -14.343902339024243
-21.16310875708649, 16.181133688675075, -14.368292582926683
-17.459313308375307, 20.06591500115033, -14.39268282682912
-13.057039420671948, 23.132855000763236, -14.417073070731558
-8.155058711326157, 25.319973501641396, -14.441463314634
-2.9012960302946107, 26.40220140651794, -14.465853558536438
3.391835005409524e-14, 24.172407972805832, -14.490243802438878
3.040616812432189e-14, 18.790717989130933, -14.514634046341317
2.689184066227148e-14, 13.414767301558019, -14.539024290243756
2.3375367667944e-14, 8.04455591008709, -14.563414534146196
1.9856749141339456e-14, 2.6800838147181354, -14.587804778048634
1.6335985082457835e-14, -2.6786489845488504, -14.612195021951072
1.2813075491299167e-14, -8.03164248771383, -14.636585265853512
9.288020367863429e-15, -13.37889669477684, -14.66097550975595
5.760819712150632e-15, -18.72041160573785, -14.68536575365839
2.2314735241607744e-15, -24.05618722059688, -14.70975599756083
2.8825480811445736, -26.247706898270664, -14.734146241463268
8.095896952823212, -25.14239635558006, -14.758536485365706
12.950184880981507, -22.946688372779725, -14.782926729268144
17.300677409488948, -19.886149791370414, -14.807316973170584
20.947605016035222, -16.01929830424409, -14.831707217073024
23.694381997927323, -11.467970588074738, -14.856097460975462
25.475086412397474, -6.460960306682325, -14.8804877048779
26.29072328578908, -1.2164595828026736, -14.90487794878034
26.031409452607107, 4.084786836314921, -14.92926819268278
24.576003362769782, 9.189549007671948, -14.953658436585219
22.21909212353386, 13.937959688249139, -14.978048680487658
19.016528124406896, 18.158018644545063, -15.002438924390097
14.966586534263882, 21.567353730442548, -15.026829168292537
10.293920799093998, 24.05642647291538, -15.051219412194975
5.2526496635841475, 25.658354803789358, -15.075609656097415
-8.881784197001252e-16, 26.282010992971724, -15.099999899999853
0.0, -26.282010992971724, -15.099999899999853
-5.217187687571232, -25.637539890876173, -15.124390143902291
-10.157955696208623, -24.04910076954331, -15.148780387804731
-14.680579388028509, -21.63558795133926, -15.17317063170717
-18.56404311809042, -18.396798699517163, -15.197560875609609
-21.627194888126713, -14.459935901770116, -15.221951119512049
-23.894026973209805, -10.093277530234747, -15.246341363414487
-25.34345091024455, -5.46154625131342, -15.270731607316925
-25.767268610805225, -0.7109983226321515, -15.295121851219365
-25.30392934654199, 3.949770900429924, -15.319512095121803
-24.065714548696302, 8.385655743187883, -15.343902339024241
-22.06380175059984, 12.440348173557489, -15.368292582926681
-19.375525102608528, 15.958565132116577, -15.39268282682912
-16.17522147305074, 18.87638722218458, -15.417073070731558
-12.620905036995183, 21.18165611447793, -15.441463314633998
-8.807962498976572, 22.748204003549613, -15.465853558536438
-6.359148068021718, 22.251441198889466, -15.490243802438876
-5.418943035406104, 19.969907127609623, -15.514634046341317
-4.192578436458179, 17.836243795251697, -15.539024290243756
-2.6975600634235457, 15.804607030517182, -15.563414534146194
-0.9545029243116919, 13.81276218406071, -15.587804778048632
1.002227978440333, 11.785581923067406, -15.61219502195107
3.1234906815497534, 9.676670202936817, -15.636585265853512
5.357183741569633, 7.476328873088672, -15.66097550975595
7.650272844167793, 5.172060989017015, -15.685365753658388
9.936170175353615, 2.738193297401839, -15.709755997560826
13.172012948740814, 1.2849076831286546, -15.734146241463266
16.881860374693886, 0.6415864470535588, -15.758536485365704
20.00327306291187, -0.08318915344203948, -15.782926729268144
22.473529598103404, -0.9921414128564692, -15.807316973170584
24.20727480594685, -2.1250920604398944, -15.831707217073022
25.11806591992015, -3.5217661367215056, -15.856097460975462
25.18524621602791, -5.211282260943118, -15.8804877048779
24.483413061699036, -7.192543860128095, -15.904877948780339
23.068996290696706, -9.444410747222737, -15.929268192682777
20.987154812745928, -11.928129433374425, -15.953658436585219
18.33139549212966, -14.541428245071035, -15.978048680487655
15.166417187394241, -17.15301884410583, -16.002438924390095
11.626233557243584, -19.690652671230055, -16.026829168292533
7.850784931254557, -22.057664082531957, -16.051219412194975
3.946055142751188, -24.118686350978557, -16.075609656097413
0.0, -25.7046607237821, -16.09999989999985
0.0, -25.7046607237821, -16.09999989999985
-3.911071266582746, -25.347380093313912, -16.12439014390229
-7.716581925501751, -24.391214469014788, -16.148780387804727
-11.343556705909418, -22.902878862426046, -16.17317063170717
-14.718805603864414, -20.915242401390337, -16.197560875609607
-17.74627304817187, -18.435969107571943, -16.221951119512045
-20.31156840535042, -15.486654252343474, -16.246341363414487
-22.3829814882291, -12.174254285583288, -16.270731607316925
-23.954540053144783, -8.599994882876244, -16.295121851219363
-25.001273033440967, -4.841721823419659, -16.3195120951218
-25.464845766767272, -0.9723894075049702, -16.34390233902424
-25.278860050618754, 2.9153756224541967, -16.36829258292668
-24.479558797326767, 6.723680614719931, -16.39268282682912
-23.135042871684956, 10.373806137317839, -16.417073070731558
-21.287424247961624, 13.793565100543606, -16.441463314633996
-18.94988061389472, 16.893469402120157, -16.465853558536438
-16.13791241363752, 19.563151470346835, -16.490243802438876
-12.933889616128049, 21.746764470479945, -16.514634046341314
-9.444362517717465, 23.435272057324404, -16.539024290243752
-5.753253526498975, 24.611276769176918, -16.563414534146194
-1.9328273120261819, 25.225397174495996, -16.58780477804863
1.9316319114615466, 25.209978554467426, -16.61219502195107
5.742548872199439, 24.565755499364336, -16.636585265853512
9.415085327601846, 23.362640789579036, -16.66097550975595
12.878167847219913, 21.652806193200043, -16.685365753658388
16.04937359569835, 19.455597521911997, -16.709755997560826
18.822930761677814, 16.78046409749073, -16.734146241463264
21.117351504145006, 13.683684155738725, -16.758536485365706
22.920575058471698, 10.27770239769829, -16.782926729268144
24.223433105982267, 6.653016883137656, -16.807316973170582
24.98630996049031, 2.881313234024134, -16.831707217073024
25.140735546690358, -0.9598401765143475, -16.856097460975462
24.649804589844578, -4.773186788457377, -16.8804877048779
23.5856719679424, -8.46739410184321, -16.90487794878034
22.011387963805696, -11.97261374706845, -16.929268192682777
19.953123785796198, -15.213988936360106, -16.95365843658522
17.414308516374128, -18.090905335456025, -16.978048680487657
14.42363725308833, -20.494741489895485, -17.002438924390095
11.100013493335622, -22.4104465460617, -17.026829168292533
7.5410110566320645, -23.83773866362745, -17.051219412194975
3.817847327317524, -24.747585695113337, -17.07560965609741
4.440892098500626e-16, -25.07112657184678, -17.09999989999985
0.0, -25.07112657184678, -17.09999989999985
-3.8120991042291834, -24.71046919401079, -17.12439014390229
-7.518250513902198, -23.765894001137898, -17.148780387804727
-11.049876262811344, -22.3091410199697, -17.17317063170717
-14.337293160166833, -20.371884773831265, -17.197560875609607
-17.28461868602223, -17.956135408370145, -17.221951119512045
-19.774162555980528, -15.077702391362537, -17.246341363414484
-21.77999886104354, -11.846912436262585, -17.270731607316925
-23.30232148260079, -8.365598182853148, -17.295121851219363
-24.318340923157677, -4.70876521155583, -17.3195120951218
-24.767145293944406, -0.9454710205153672, -17.34390233902424
-24.57718340030634, 2.833894879380059, -17.36829258292668
-23.788758358739845, 6.533348145920584, -17.39268282682912
-22.474446853905672, 10.077727669111063, -17.417073070731558
-20.67643692042971, 13.398419982175575, -17.441463314633996
-18.40425708079548, 16.407512819175693, -17.465853558536438
-15.66875432087427, 18.99369417142847, -17.490243802438876
-12.552335974846999, 21.104138300701848, -17.514634046341314
-9.16212169169116, 22.735015714532963, -17.539024290243756
-5.579811239743974, 23.871762675626584, -17.563414534146194
-1.8741557596925176, 24.464462216860813, -17.587804778048632
1.872476860003034, 24.44259854144824, -17.61219502195107
5.564820809451598, 23.807706703977644, -17.63658526585351
9.121132298433924, 22.63330872732654, -17.66097550975595
12.473893417398905, 20.97217700249127, -17.685365753658388
15.543197392109516, 18.84143037086417, -17.709755997560826
18.224181220349156, 16.2470217095676, -17.734146241463264
20.437092285918865, 13.24341442661137, -17.758536485365706
22.174156997159876, 9.943093318676759, -17.782926729268144
23.429104447207806, 6.43448329244588, -17.807316973170582
24.16307854701586, 2.786054326541443, -17.83170721707302
24.30671985421159, -0.9278455101183742, -17.856097460975462
23.822744029619606, -4.612669767677045, -17.8804877048779
22.785731419710135, -8.180092123704057, -17.90487794878034
21.259110100219857, -11.563716487852673, -17.929268192682777
19.267656742308397, -14.691673634532936, -17.95365843658522
16.812501755850832, -17.46562036318866, -17.978048680487653
13.920145411422506, -19.778856770989584, -18.002438924390095
10.70851074725944, -21.61973963268871, -18.026829168292533
7.272779527949623, -22.99035882657925, -18.05121941219497
3.681166214421021, -23.862988816440062, -18.075609656097413
-4.440892098500626e-16, -24.169537808949368, -18.09999989999985
