37.01166571329239, 42.512605906405064, -0.09999989999321635
34.105978268819726, 42.48165320340012, -0.10446418570750204
31.23392084170763, 42.45812289591852, -0.10892847142178776
28.35940212450735, 42.46495987446264, -0.11339275713607348
25.4765970090537, 42.44907786381517, -0.11785704285035921
22.594433267337397, 42.433195853167696, -0.12232132856464492
19.71291089935844, 42.41731384252022, -0.12678561427893062
16.832029905116833, 42.40143183187274, -0.13124989999321635
13.951790284612576, 42.38554982122527, -0.13571418570750207
11.072192037845664, 42.369667810577795, -0.14017847142178777
8.193235164816098, 42.353785799930314, -0.1446427571360735
5.3149196655238855, 42.33790378928285, -0.1491070428503592
2.437245539969012, 42.322021778635374, -0.15357132856464492
-0.43978721184850667, 42.3061397679879, -0.15803561427893065
-3.3161785899286835, 42.29025775734043, -0.16249989999321635
-6.191928594271512, 42.27437574669295, -0.16696418570750204
-9.067037224876989, 42.25849373604548, -0.1714284714217878
-11.941504481745117, 42.242611725398, -0.1758927571360735
-14.815330364875903, 42.22672971475053, -0.1803570428503592
-17.68851487426934, 42.21084770410305, -0.1848213285646449
-20.561058009925425, 42.194965693455586, -0.18928561427893065
-23.43295977184417, 42.17908368280811, -0.19374989999321635
-26.304220160025555, 42.16320167216064, -0.19821418570750204
-29.17483917446961, 42.14731966151316, -0.2026784714217878
-32.044816815176304, 42.13143765086568, -0.2071427571360735
-34.91408253544047, 42.113726082576484, -0.2116070428503592
-37.731847571671636, 41.68566844815395, -0.2160713285646449
-39.90722722632741, 40.109221801601535, -0.2205356142789306
-40.956226819316086, 37.9422043509421, -0.22499989999321635
-41.642799479618816, 35.67471675187875, -0.22946418570750207
-42.02057705752292, 32.93356669534937, -0.23392847142178777
-42.02026357633338, 30.043559348606255, -0.2383927571360735
-42.004381565685904, 27.15354733175433, -0.2428570428503592
-41.98849955503842, 24.264176688639754, -0.24732132856464492
-41.97261754439095, 21.375447419262542, -0.25178561427893065
-41.95673553374348, 18.487359523622665, -0.25624989999321635
-41.94085352309601, 15.59991300172014, -0.26071418570750204
-41.924971512448536, 12.713107853554963, -0.26517847142178774
-41.90908950180106, 9.82694407912712, -0.2696427571360735
-41.89320749115358, 6.941421678436641, -0.2741070428503592
-41.87732548050611, 4.056540651483512, -0.27857132856464495
-41.861443469858635, 1.172300998267723, -0.28303561427893065
-41.84556145921116, -1.7112972812107259, -0.28749989999321635
-41.829679448563695, -4.594254186951819, -0.29196418570750204
-41.81379743791622, -7.476569718955549, -0.29642847142178774
-41.79791542726875, -10.358243877221959, -0.3008927571360735
-41.78203341662127, -13.23927666175101, -0.3053570428503592
-41.76615140597379, -16.119668072542694, -0.3098213285646449
-41.75026939532632, -18.999418109597052, -0.31428561427893065
-41.73438738467885, -21.87852677291407, -0.31874989999321635
-41.71850537403138, -24.756994062493717, -0.32321418570750204
-41.70262336338391, -27.634819978336047, -0.3276784714217878
-41.686741352736426, -30.512004520440993, -0.3321427571360735
-41.669618613681166, -33.38849984702479, -0.33660704285035914
-41.37576457820782, -36.23005387567932, -0.3410713285646449
-40.31497210483424, -38.64101074397597, -0.3455356142789306
-38.8359571397113, -40.304551401802826, -0.34999989999321635
-36.59231631555309, -41.42424121885384, -0.35446418570750204
-33.719152176303126, -41.591449288851635, -0.3589284714217878
-30.82129188431547, -41.57556727820416, -0.3633927571360735
-27.924072966065168, -41.55968526755668, -0.3678570428503592
-25.027495421552196, -41.54380325690921, -0.3723213285646449
-22.13155925077661, -41.527921246261734, -0.37678561427893065
-19.236264453738336, -41.51203923561426, -0.38124989999321635
-16.341611030437424, -41.49615722496678, -0.38571418570750204
-13.447598980873877, -41.480275214319306, -0.3901784714217878
-10.554228305047644, -41.46439320367184, -0.3946427571360735
-7.661499002958799, -41.44851119302436, -0.3991070428503592
-4.76941107460726, -41.43262918237689, -0.4035713285646449
-1.8779645199930863, -41.41674717172942, -0.40803561427893065
1.0128406608837375, -41.400865161081946, -0.41249989999321635
3.903004468023234, -41.38498315043447, -0.41696418570750204
6.792526901425353, -41.369101139787, -0.4214284714217878
9.681407961090143, -41.353219129139525, -0.4258927571360735
12.569647647017579, -41.337337118492044, -0.4303570428503592
15.457245959207665, -41.32145510784457, -0.4348213285646449
18.34420289766042, -41.3055730971971, -0.43928561427893065
21.230518462375784, -41.289691086549624, -0.44374989999321635
24.116192653353846, -41.27380907590215, -0.44821418570750204
27.001225470594534, -41.25792706525468, -0.4526784714217878
29.885616914097888, -41.2420450546072, -0.4571427571360735
32.76934151463587, -41.22551113901028, -0.4616070428503592
35.63468453376775, -41.065860666226456, -0.4660713285646449
38.28121858524921, -40.52072233605007, -0.4705356142789306
40.4263659340689, -39.206965768918586, -0.47499989999321635
41.159157735070615, -36.503338864601034, -0.47946418570750204
41.14675299072235, -33.59767052503213, -0.4839284714217878
41.13087098007487, -30.692603331646257, -0.4883927571360735
41.1149889694274, -27.788177511997723, -0.4928570428503592
41.09910695877992, -24.88439306608651, -0.4973213285646449
41.08322494813245, -21.981249993912655, -0.5017856142789306
41.06734293748497, -19.078748295476178, -0.5062498999932163
41.05146092683751, -16.176887970777013, -0.510714185707502
41.03557891619003, -13.275669019815197, -0.5151784714217877
41.01969690554255, -10.375091442590778, -0.5196427571360734
41.00381489489508, -7.475155239103646, -0.5241070428503593
40.987932884247606, -4.575860409353923, -0.528571328564645
40.97205087360013, -1.6772069533414973, -0.5330356142789306
40.956168862952666, 1.22080512893359, -0.5374998999932163
40.940286852305185, 4.118175837471265, -0.541964185707502
40.92440484165771, 7.014905172271656, -0.5464284714217877
40.90852283101024, 9.910993133334692, -0.5508927571360734
40.892640820362764, 12.80643972066039, -0.5553570428503593
40.8767588097153, 15.70124493424868, -0.559821328564645
40.860876799067825, 18.595408774099674, -0.5642856142789306
40.844994788420344, 21.488931240213326, -0.5687498999932163
40.82911277777287, 24.381812332589625, -0.573214185707502
40.8132307671254, 27.274052051228477, -0.5776784714217877
40.79734875647792, 30.165650396130083, -0.5821427571360734
40.78140365856409, 33.056604934685126, -0.5866070428503593
40.75595671221189, 35.9457369102017, -0.591071328564645
40.163385515310736, 38.62140315873129, -0.5955356142789303
38.09649689720186, 40.660249466129954, -0.5999998999932146
38.09649689720186, 40.660249466129954, -0.5999998999932146
40.31247114648218, 39.0512169147804, -0.6044641857075004
39.141543924813476, 39.464762413493595, -0.608928471421787
36.628841316978246, 40.70454987160275, -0.6133927571360736
33.627642011082266, 40.69479292417432, -0.6178570428503591
30.628973466615022, 40.6850359767459, -0.622321328564645
27.63283568357651, 40.67527902931748, -0.6267856142789305
24.63922866196672, 40.66552208188906, -0.6312498999932163
21.64815240178566, 40.65576513446064, -0.6357141857075022
18.65960690303333, 40.64600818703221, -0.6401784714217877
15.673592165709726, 40.63625123960379, -0.6446427571360736
12.690108189814847, 40.62649429217536, -0.6491070428503591
9.709154975348701, 40.61673734474694, -0.653571328564645
6.730732522311276, 40.60698039731851, -0.6580356142789305
3.7548408307025856, 40.597223449890095, -0.6624998999932163
0.7814799005226236, 40.58746650246167, -0.6669641857075022
-2.1893502682286172, 40.57770955503325, -0.6714284714217877
-5.1576496755511245, 40.56795260760482, -0.6758927571360736
-8.123418321444904, 40.5581956601764, -0.6803570428503591
-11.086656205909959, 40.54843871274797, -0.684821328564645
-14.047363328946277, 40.53868176531955, -0.6892856142789306
-17.005539690553878, 40.52892481789113, -0.6937498999932163
-19.961185290732743, 40.51916787046271, -0.698214185707502
-22.91430012948289, 40.509410923034295, -0.7026784714217877
-25.864884206804295, 40.49965397560587, -0.7071427571360734
-28.812937522696988, 40.489897028177445, -0.7116070428503593
-31.758460077160944, 40.48014008074902, -0.716071328564645
-34.65415997681094, 40.270316452738875, -0.7205356142789306
-37.125577819013046, 39.61538966241076, -0.7249998999932163
-39.27963014209172, 38.55235853098399, -0.729464185707502
-40.398558310517004, 36.02752217200071, -0.7339284714217877
-40.43135534360691, 33.077174750239486, -0.7383927571360734
-40.42159839617849, 30.12759223672756, -0.7428570428503591
-40.41184144875007, 27.180540484644368, -0.7473213285646448
-40.40208450132164, 24.236019493989893, -0.7517856142789305
-40.392327553893224, 21.294029264764163, -0.7562498999932163
-40.3825706064648, 18.354569796967148, -0.7607141857075019
-40.372813659036375, 15.41764109059886, -0.7651784714217877
-40.36305671160795, 12.483243145659296, -0.7696427571360733
-40.35329976417953, 9.551375962148473, -0.7741070428503591
-40.3435428167511, 6.622039540066375, -0.7785713285646447
-40.33378586932268, 3.695233879413002, -0.7830356142789305
-40.32402892189426, 0.7709589801883516, -0.7874998999932162
-40.314271974465846, -2.1507851576075647, -0.7919641857075019
-40.30451502703742, -5.069998533974749, -0.7964284714217877
-40.294758079609, -7.986681148913224, -0.8008927571360733
-40.28500113218057, -10.900833002422953, -0.8053570428503591
-40.27524418475215, -13.812454094503947, -0.8098213285646447
-40.265487237323725, -16.721544425156228, -0.8142856142789305
-40.255730289895304, -19.628103994379785, -0.8187498999932162
-40.24597334246688, -22.532132802174615, -0.8232141857075019
-40.23621639503846, -25.433630848540716, -0.8276784714217877
-40.22645944761004, -28.332598133478083, -0.8321427571360733
-40.21670250018161, -31.229034656986723, -0.8366070428503591
-40.20694555275319, -34.12294041906661, -0.8410713285646447
-39.789645367102736, -36.91798008134047, -0.8455356142789296
-38.46017298705519, -38.86876974955265, -0.8499998999932163
-36.21100624367631, -40.00100884317868, -0.8544641857075019
-33.33242750086376, -40.167917763039554, -0.8589284714217879
-30.431931029021555, -40.15816081561113, -0.8633927571360736
-27.533965318608107, -40.14840386818271, -0.8678570428503591
-24.638530369623343, -40.13864692075428, -0.8723213285646448
-21.74562618206734, -40.12888997332586, -0.8767856142789308
-18.855252755940032, -40.11913302589744, -0.8812498999932163
-15.967410091241481, -40.10937607846902, -0.8857141857075019
-13.08209818797167, -40.0996191310406, -0.8901784714217879
-10.199317046130547, -40.08986218361217, -0.8946427571360736
-7.31906666571818, -40.08010523618375, -0.8991070428503591
-4.441347046734512, -40.070348288755326, -0.9035713285646448
-1.5661581891796008, -40.0605913413269, -0.9080356142789306
1.3064999069466, -40.05083439389848, -0.9124998999932163
4.176627241644067, -40.041077446470055, -0.916964185707502
7.0442238149128125, -40.031320499041634, -0.9214284714217879
9.909289626752805, -40.02156355161321, -0.9258927571360736
12.771824677164096, -40.01180660418479, -0.9303570428503591
15.631828966146639, -40.00204965675637, -0.9348213285646448
18.489302493700485, -39.99229270932795, -0.9392856142789306
21.344245259825563, -39.98253576189952, -0.9437498999932163
24.19665726452195, -39.9727788144711, -0.948214185707502
27.046538507789588, -39.96302186704268, -0.9526784714217879
29.89388898962852, -39.953264919614256, -0.9571427571360736
32.73870871003871, -39.94350797218583, -0.9616070428503591
35.580997669020164, -39.93375102475741, -0.9660713285646448
38.2753770832035, -39.30897428146665, -0.9705356142789306
39.66352010391775, -37.17975553201599, -0.9749998999932163
39.90337563905943, -34.39338922052124, -0.979464185707502
39.8947232350437, -31.5419915470844, -0.9839284714217879
39.88496628761528, -28.69311185691193, -0.9883927571360736
39.875209340186856, -25.8467629281682, -0.9928570428503591
39.865452392758435, -23.002944760853172, -0.9973213285646448
39.85569544533001, -20.16165735496689, -1.0017856142789308
39.845938497901585, -17.322900710509327, -1.0062498999932163
39.836181550473164, -14.4866748274805, -1.010714185707502
39.826424603044735, -11.652979705880382, -1.0151784714217877
39.81666765561632, -8.821815345709053, -1.0196427571360736
39.8069107081879, -5.993181746966394, -1.0241070428503591
39.79715376075947, -3.1670789096524707, -1.028571328564645
39.78739681333106, -0.3435068337673173, -1.0330356142789308
39.77763986590263, 2.477534480689158, -1.0374998999932163
39.76788291847421, 5.296045033716901, -1.041964185707502
39.758125971045786, 8.11202482531592, -1.0464284714217877
39.748369023617364, 10.92547385548616, -1.0508927571360736
39.73861207618894, 13.736392124227725, -1.0553570428503591
39.728855128760515, 16.544779631540557, -1.059821328564645
39.71909818133209, 19.350636377424664, -1.0642856142789308
39.70934123390367, 22.15396236187999, -1.0687498999932163
39.69958428647525, 24.954757584906645, -1.073214185707502
39.68982733904683, 27.753022046504505, -1.0776784714217877
39.68007039161841, 30.548755746673702, -1.0821427571360736
39.67031344418998, 33.34195868541417, -1.0866070428503594
39.66055649676156, 36.1326308627259, -1.091071328564645
38.82323034015541, 38.72449018607141, -1.0955356142789305
36.26009650797915, 39.6410426019047, -1.0999998999932163
36.26009650797914, 39.64104260190468, -1.0999998999932163
30.573147288256404, 39.6215470844455, -1.1090908090841254
24.89186949179452, 39.602051566986326, -1.1181817181750344
19.21626311859348, 39.58255604952714, -1.1272726272659435
13.546328168653302, 39.563060532067965, -1.1363635363568527
7.882064641973968, 39.54356501460879, -1.1454544454477618
2.2234725385554928, 39.52406949714961, -1.1545453545386708
-3.429448141602131, 39.504573979690434, -1.16363626362958
-9.076697398498908, 39.48507846223124, -1.172727172720489
-14.718275232134834, 39.46558294477207, -1.1818180818113984
-20.354181642509904, 39.44608742731289, -1.1909089909023072
-25.984416629624118, 39.42659190985371, -1.1999998999932164
-31.608980193477485, 39.407096392394536, -1.2090908090841255
-37.21048195367647, 39.21826521680935, -1.2181817181750345
-39.36810535747619, 34.57951190078359, -1.2272726272659433
-39.34860984001702, 28.93297157179441, -1.2363635363568526
-39.329114322557835, 23.2921026660661, -1.2454544454477616
-39.30961880509866, 17.65690518359864, -1.2545453545386707
-39.29012328763948, 12.027379124392018, -1.2636362636295797
-39.270627770180305, 6.40352448844626, -1.2727271727204887
-39.25113225272112, 0.7853412757613483, -1.281818081811398
-39.231636735261944, -4.8271705136627, -1.290908990902307
-39.21214121780277, -10.434010879825905, -1.299999899993216
-39.19264570034359, -16.03517982272826, -1.3090908090841251
-39.17315018288441, -21.630677342369765, -1.3181817181750344
-39.153654665425236, -27.2205034387504, -1.3272726272659434
-39.13415914796606, -32.804658111870204, -1.3363635363568527
-38.2918165500697, -38.18918491963899, -1.3454544454477608
-32.91877727500112, -39.09516811304776, -1.3545453545386708
-27.31264583674554, -39.075672595588586, -1.36363626362958
-21.71218582175078, -39.05617707812941, -1.372727172720489
-16.1173972300169, -39.03668156067023, -1.381818081811398
-10.528280061543857, -39.017186043211055, -1.3909089909023074
-4.944834316331664, -38.997690525751864, -1.3999998999932164
0.6329400056196601, -38.97819500829269, -1.4090908090841254
6.205042904310161, -38.95869949083351, -1.4181817181750345
11.7714743797398, -38.93920397337433, -1.4272726272659435
17.332234431908567, -38.919708455915156, -1.4363635363568528
22.887323060816502, -38.90021293845597, -1.4454544454477618
28.436740266463566, -38.8807174209968, -1.4545453545386708
33.98048604884981, -38.86122190353762, -1.4636362636295799
38.622528799718026, -36.824292517545786, -1.4727271727204891
38.82223086861924, -31.277892630631655, -1.4818180818113982
38.80273535116007, -25.71217008310962, -1.4909089909023074
38.78323983370089, -20.152118958848437, -1.4999998999932163
38.76374431624171, -14.597739257848119, -1.5090908090841255
38.744248798782536, -9.049030980108638, -1.5181817181750346
38.72475328132336, -3.5059941256300364, -1.5272726272659436
38.70525776386418, 2.031371305587769, -1.5363635363568529
38.685762246405005, 7.563065313544673, -1.5454544454477617
38.66626672894583, 13.089087898240718, -1.554545354538671
38.646771211486644, 18.609439059675967, -1.56363626362958
38.62727569402747, 24.124118797850315, -1.5727271727204892
38.6077801765683, 29.633127112763805, -1.581818081811398
38.588284659109114, 35.136464004416446, -1.5909089909023073
35.18784304772437, 38.5687891416499, -1.5999998999932163
35.187843047724364, 38.56878914164988, -1.5999998999932163
29.65685796767505, 38.5492936241907, -1.6090908090841254
24.131544310886593, 38.529798106731526, -1.6181817181750344
18.611902077358987, 38.51030258927235, -1.6272726272659437
13.097931267092232, 38.490807071813165, -1.6363635363568527
7.58963188008633, 38.47131155435399, -1.6454544454477618
2.0870039163412737, 38.45181603689481, -1.6545453545386708
-3.4099526241429277, 38.432320519435635, -1.6636362636295798
-8.90123774136627, 38.41282500197645, -1.672727172720489
-14.386851435328772, 38.393329484517274, -1.6818180818113984
-19.86679370603041, 38.37383396705809, -1.6909089909023072
-25.34106455347121, 38.35433844959891, -1.6999998999932164
-30.80966397765115, 38.334842932139736, -1.7090908090841257
-36.24988487024277, 38.11114686373639, -1.7181817181750345
-38.29585189722139, 33.546249475447176, -1.7272726272659433
-38.27635637976221, 28.05567328613144, -1.7363635363568526
-38.256860862303036, 22.57076852007655, -1.7454544454477614
-38.23736534484386, 17.09153517728252, -1.7545453545386707
-38.21786982738468, 11.617973257749323, -1.7636362636295795
-38.198374309925505, 6.150082761476996, -1.7727271727204887
-38.17887879246632, 0.6878636884655168, -1.781818081811398
-38.159383275007144, -4.768683961285122, -1.7909089909023068
-38.13988775754797, -10.219560187774903, -1.799999899993216
-38.12039224008879, -15.664764991003825, -1.809090809084125
-38.100896722629614, -21.10429837097191, -1.8181817181750342
-38.08140120517044, -26.53816032767913, -1.8272726272659432
-38.06190568771126, -31.966350861125527, -1.8363635363568525
-37.1696078697223, -37.17554234726669, -1.8454544454477617
-31.92450588458307, -38.022914652792984, -1.8545453545386708
-26.474338586000897, -38.00341913533381, -1.86363626362958
-21.029842710679574, -37.98392361787462, -1.8727271727204893
-15.591018258619105, -37.96442810041545, -1.881818081811398
-10.157865229819487, -37.94493258295627, -1.8909089909023074
-4.730383624280723, -37.92543706549709, -1.8999998999932164
0.6914265579971961, -37.90594154803791, -1.9090908090841254
6.107565317014255, -37.88644603057873, -1.9181817181750347
11.518032652770499, -37.866950513119555, -1.9272726272659437
16.922828565265846, -37.84745499566038, -1.9363635363568528
22.321953054500348, -37.8279594782012, -1.9454544454477618
27.715406120474015, -37.80846396074202, -1.9545453545386708
33.10318776318681, -37.78896844328284, -1.96363626362958
37.56189697040265, -35.714820265017295, -1.9727271727204891
37.74997740836447, -30.322612275131917, -1.9818180818113982
37.730481890905295, -24.912853867283317, -1.9909089909023074
37.71098637344612, -19.50876688269557, -1.9999998999932165
37.69149085598694, -14.11035132136866, -2.0090908090841255
37.671995338527765, -8.717607183302619, -2.0181817181750343
37.65249982106859, -3.3305344684973863, -2.0272726272659436
37.633004303609404, 2.0508668230469254, -2.036363536356853
37.61350878615023, 7.426596691330396, -2.0454544454477617
37.59401326869106, 12.796655136353072, -2.054545354538671
37.57451775123188, 18.161042158114867, -2.06363626362958
37.5550222337727, 23.519757756615856, -2.072727172720489
37.53552671631352, 28.872801931855946, -2.0818180818113983
37.50878167686645, 34.21986974580651, -2.090908990902307
34.11558958746959, 37.4965356813951, -2.0999998999932163
34.11558958746959, 37.496535681395095, -2.0999998999932163
28.740568647093703, 37.47704016393592, -2.1090908090841256
23.371219129978666, 37.457544646476734, -2.1181817181750344
18.007541036124483, 37.43804912901756, -2.1272726272659437
12.649534365531146, 37.41855361155838, -2.1363635363568525
7.297199118198663, 37.399058094099196, -2.1454544454477618
1.950535294127035, 37.379562576640026, -2.154545354538671
-3.390457106683745, 37.36006705918085, -2.1636362636295803
-8.725778084233674, 37.34057154172166, -2.172727172720489
-14.055427638522755, 37.32107602426248, -2.1818180818113984
-19.379405769550974, 37.301580506803305, -2.190908990902307
-24.697712477318344, 37.28208498934413, -2.1999998999932164
-30.010347761824868, 37.26258947188495, -2.2090908090841257
-35.2892877868091, 37.0040285106634, -2.2181817181750345
-37.22359843696659, 32.51298705011072, -2.2272726272659433
-37.20410291950742, 27.1783750004684, -2.236363536356852
-37.184607402048236, 21.849434374086933, -2.2454544454477614
-37.16511188458906, 16.526165170966316, -2.25454535453867
-37.145616367129875, 11.20856739110654, -2.2636362636295795
-37.1261208496707, 5.896641034507629, -2.2727271727204883
-37.10662533221152, 0.5903861011695671, -2.2818180818113976
-37.087129814752345, -4.710197408907643, -2.290908990902307
-37.06763429729317, -10.005109495724005, -2.2999998999932156
-37.048138779833984, -15.29435015927951, -2.3090908090841245
-37.028643262374814, -20.577919399574167, -2.318181718175034
-37.00914774491563, -25.855817216607974, -2.327272627265943
-36.98965222745646, -31.128043610380935, -2.3363635363568527
-36.037683852067815, -36.152184437587465, -2.3454544454477615
-30.930234494164942, -36.950661192538206, -2.354545354538671
-25.636031335256185, -36.931165675079036, -2.36363626362958
-20.347499599608277, -36.91167015761986, -2.3727271727204893
-15.064639287221242, -36.89217464016068, -2.381818081811398
-9.787450398095041, -36.872679122701506, -2.3909089909023074
-4.515932932229708, -36.85318360524232, -2.399999899993216
0.7499131103747833, -36.833688087783145, -2.4090908090841254
6.010087729718429, -36.81419257032396, -2.4181817181750347
11.264590925801208, -36.794697052864784, -2.4272726272659435
16.513422698623152, -36.77520153540561, -2.4363635363568528
21.756583048184226, -36.75570601794643, -2.445454445447762
26.994071974484456, -36.73621050048725, -2.454545354538671
32.22588947752383, -36.716714983028076, -2.46363626362958
36.50126514108726, -34.60534801248882, -2.4727271727204894
36.6777239481097, -29.36733191963224, -2.481818081811398
36.658228430650524, -24.11353765145705, -2.4909089909023074
36.63873291319134, -18.865414806542706, -2.4999998999932167
36.61923739573216, -13.622963384889255, -2.5090908090841255
36.59974187827299, -8.386183386496615, -2.5181817181750343
36.58024636081381, -3.1550748113648655, -2.5272726272659436
36.56075084335463, 2.0703623405060654, -2.536363536356853
36.54125532589545, 7.290128069116124, -2.5454544454477617
36.52175980843627, 12.50422237446531, -2.554545354538671
36.502264290977095, 17.71264525655372, -2.5636362636295797
36.48276877351792, 22.915396715381178, -2.572727172720489
36.46327325605874, 28.112476750947884, -2.5818180818113983
36.42353457781943, 33.3030338713138, -2.590908990902307
33.043336127214815, 36.4242822211403, -2.5999998999932163
33.043336127214815, 36.424282221140295, -2.5999998999932163
27.824279326512347, 36.40478670368111, -2.609090809084125
22.610893949070732, 36.38529118622194, -2.6181817181750344
17.40317999488997, 36.36579566876276, -2.6272726272659437
12.20113746397006, 36.34630015130358, -2.6363635363568525
7.004766356311002, 36.326804633844404, -2.6454544454477618
1.8140666719127936, 36.30730911638523, -2.6545453545386706
-3.370961589224561, 36.28781359892605, -2.66363626362958
-8.550318427101066, 36.26831808146686, -2.672727172720489
-13.724003841716716, 36.24882256400768, -2.6818180818113984
-18.892017833071513, 36.229327046548505, -2.690908990902307
-24.054360401165475, 36.20983152908933, -2.699999899993217
-29.211031545998562, 36.19033601163015, -2.7090908090841257
-34.328690703375386, 35.89691015759044, -2.7181817181750345
-36.1513449767118, 31.47972462477427, -2.7272726272659433
-36.13184945925262, 26.301076714805376, -2.736363536356852
-36.112353941793444, 21.12810022809733, -2.7454544454477614
-36.09285842433427, 15.96079516465014, -2.75454535453867
-36.07336290687509, 10.799161524463798, -2.7636362636295795
-36.053867389415906, 5.643199307538305, -2.7727271727204887
-36.03437187195673, 0.4929085138736685, -2.781818081811398
-36.01487635449755, -4.651710856530116, -2.790908990902307
-35.995380837038375, -9.79065880367306, -2.7999998999932156
-35.97588531957919, -14.923935327555139, -2.809090809084125
-35.956389802120015, -20.051540428176367, -2.818181718175034
-35.93689428466084, -25.173474105536734, -2.827272627265943
-35.91739876720166, -30.289736359636255, -2.8363635363568527
-34.90145447149028, -35.124521164985055, -2.8454544454477615
-29.93596310374688, -35.878407732283435, -2.8545453545386708
-24.797724084511547, -35.85891221482426, -2.86363626362958
-19.665156488537075, -35.83941669736508, -2.872727172720489
-14.538260315823464, -35.819921179905904, -2.881818081811398
-9.417035566370668, -35.80042566244672, -2.8909089909023074
-4.301482240178748, -35.780930144987536, -2.899999899993216
0.8083996627523196, -35.76143462752836, -2.9090908090841254
5.9126101424225475, -35.74193911006918, -2.9181817181750347
11.011149198831903, -35.722443592610006, -2.9272726272659435
16.10401683198041, -35.70294807515083, -2.9363635363568528
21.191213041868075, -35.68345255769165, -2.9454544454477616
26.272737828494883, -35.66395704023247, -2.954545354538671
31.34859119186084, -35.64446152277329, -2.96363626362958
35.44063331177187, -33.49587575996034, -2.972727172720489
35.60547048785493, -28.41205156413251, -2.981818081811398
35.585974970395746, -23.314221435630742, -2.9909089909023074
35.56647945293657, -18.222062730389847, -2.9999998999932163
35.54698393547739, -13.135575448409796, -3.0090908090841255
35.527488418018216, -8.054759589690583, -3.0181817181750348
35.50799290055904, -2.979615154232232, -3.0272726272659436
35.48849738309986, 2.089857857965278, -3.036363536356853
35.469001865640685, 7.153659446901932, -3.0454544454477617
35.44950634818151, 12.211789612577732, -3.054545354538671
35.43001083072233, 17.264248354992663, -3.06363626362958
35.41051531326315, 22.31103567414676, -3.072727172720489
35.39101979580397, 27.352151570040014, -3.081818081811398
35.33818359235764, 32.38619362702707, -3.0909089909023075
31.971082666960033, 35.35202876088551, -3.0999998999932163
31.971082666960037, 35.352028760885496, -3.0999998999932163
26.907990005930994, 35.33253324342631, -3.1090908090841256
21.850568768162805, 35.31303772596714, -3.1181817181750344
16.798818953655463, 35.29354220850796, -3.1272726272659437
11.752740562408974, 35.27404669104878, -3.1363635363568525
6.712333594423339, 35.254551173589604, -3.1454544454477618
1.6775980496985556, 35.23505565613043, -3.1545453545386706
-3.351466071765377, 35.21556013867125, -3.1636362636295803
-8.37485876996846, 35.19606462121206, -3.172727172720489
-13.392580044910694, 35.17656910375289, -3.1818180818113984
-18.404629896592066, 35.157073586293706, -3.190908990902307
-23.411008325012588, 35.13757806883453, -3.1999998999932164
-28.411715330172267, 35.11808255137535, -3.2090908090841257
-33.3680936199417, 34.78979180451748, -3.2181817181750345
-35.079091516457005, 30.446462199437843, -3.227272627265943
-35.05959599899783, 25.42377842914238, -3.236363536356852
-35.04010048153865, 20.406766082107747, -3.245454445447761
-35.020604964079475, 15.395425158333977, -3.2545453545386707
-35.0011094466203, 10.389755657821054, -3.2636362636295795
-34.981613929161114, 5.389757580568996, -3.2727271727204883
-34.96211841170194, 0.3954309265777809, -3.2818180818113976
-34.94262289424276, -4.593224304152589, -3.290908990902307
-34.92312737678358, -9.57620811162209, -3.2999998999932156
-34.9036318593244, -14.55352049583075, -3.3090908090841245
-34.88413634186523, -19.525161456778566, -3.318181718175034
-34.864640824406045, -24.491130994465518, -3.327272627265943
-34.845145306946876, -29.451429108891617, -3.3363635363568522
-33.765225090912736, -34.096857892382644, -3.3454544454477615
-28.941691713328794, -34.80615427202866, -3.354545354538671
-23.959416833766888, -34.78665875456948, -3.36363626362958
-18.98281337746584, -34.767163237110296, -3.372727172720489
-14.011881344425628, -34.747667719651126, -3.3818180818113985
-9.046620734646277, -34.72817220219194, -3.3909089909023074
-4.08703154812777, -34.708676684732765, -3.399999899993216
0.8668862151298665, -34.68918116727358, -3.409090809084125
5.815132555126669, -34.669685649814404, -3.4181817181750347
10.75770747186262, -34.65019013235523, -3.4272726272659435
15.69461096533771, -34.63069461489605, -3.4363635363568528
20.625843035551938, -34.611199097436874, -3.445454445447762
25.551403682505338, -34.5917035799777, -3.454545354538671
30.471292906197867, -34.57220806251851, -3.46363626362958
34.38000148245649, -32.38640350743184, -3.4727271727204894
34.533217027600145, -27.456771208632766, -3.481818081811398
34.51372151014097, -22.51490521980442, -3.490908990902307
34.49422599268179, -17.578710654236954, -3.4999998999932163
34.47473047522261, -12.648187511930313, -3.5090908090841255
34.45523495776343, -7.723335792884546, -3.5181817181750343
34.43573944030425, -2.8041554970996065, -3.5272726272659436
34.41624392284508, 2.1093533754244804, -3.536363536356853
34.3967484053859, 7.017190824687717, -3.545454445447762
34.37725288792672, 11.919356850690075, -3.554545354538671
34.35775737046754, 16.81585145343158, -3.5636362636295797
34.33826185300837, 21.70667463291226, -3.572727172720489
34.31876633554919, 26.59182638913206, -3.5818180818113983
34.25283260689586, 31.469353382740344, -3.590908990902307
30.898829206705265, 34.27977530063071, -3.5999998999932163
30.898829206705265, 34.279775300630696, -3.5999998999932163
25.991700685349645, 34.26027978317152, -3.609090809084125
21.090243587254875, 34.240784265712335, -3.6181817181750344
16.194457912420955, 34.22128874825316, -3.6272726272659432
11.304343660847895, 34.20179323079398, -3.6363635363568525
6.419900832535682, 34.182297713334805, -3.6454544454477618
1.5411294274843175, 34.16280219587563, -3.654545354538671
-3.3319705543061926, 34.14330667841645, -3.6636362636295803
-8.199399112835847, 34.12381116095726, -3.6727271727204887
-13.061156248104659, 34.10431564349809, -3.6818180818113984
-17.91724196011261, 34.084820126038906, -3.690908990902307
-22.767656248859716, 34.06532460857973, -3.6999998999932164
-27.612399114345976, 34.04582909112055, -3.7090908090841253
-32.405015752972396, 33.67761143637129, -3.7181817181750345
-34.00683805620221, 29.413199774101372, -3.727272627265943
-33.98734253874303, 24.54648014347932, -3.736363536356852
-33.96784702128385, 19.685431936118125, -3.745454445447761
-33.948351503824675, 14.830055152017776, -3.7545453545386698
-33.9288559863655, 9.98034979117827, -3.7636362636295795
-33.90936046890632, 5.136315853599636, -3.7727271727204883
-33.88986495144714, 0.29795333928184353, -3.7818180818113976
-33.87036943398796, -4.534737751775106, -3.790908990902307
-33.85087391652878, -9.36175741957119, -3.7999998999932156
-33.83137839906961, -14.183105664106424, -3.8090908090841245
-33.81188288161043, -18.998782485380822, -3.818181718175034
-33.792387364151246, -23.808787883394352, -3.827272627265943
-33.772891846692076, -28.613121858147032, -3.8363635363568522
-32.62899571033514, -33.06919461978028, -3.8454544454477606
-27.947420322910627, -33.73390081177388, -3.8545453545386708
-23.121109583022157, -33.7144052943147, -3.86363626362958
-18.300470266394527, -33.694909776855525, -3.872727172720489
-13.48550237302775, -33.67541425939635, -3.8818180818113985
-8.676205902921824, -33.655918741937164, -3.8909089909023074
-3.8725808560767536, -33.63642322447798, -3.899999899993216
0.9253727675074713, -33.6169277070188, -3.909090809084125
5.717654967830837, -33.597432189559626, -3.9181817181750347
10.50426574489337, -33.57793667210045, -3.9272726272659435
15.28520509869503, -33.55844115464127, -3.9363635363568528
20.060473029235812, -33.53894563718209, -3.9454544454477616
24.8300695365158, -33.51945011972292, -3.954545354538671
29.593994620534904, -33.499954602263735, -3.9636362636295797
33.319369653141116, -31.276931254903353, -3.9727271727204894
33.460963567345374, -26.501490853133028, -3.981818081811398
33.44146804988619, -21.715589003978124, -3.9909089909023074
33.42197253242701, -16.93535857808407, -3.9999998999932163
33.402477014967836, -12.160799575450836, -4.0090908090841255
33.38298149750866, -7.391911996078488, -4.018181718175034
33.36348598004948, -2.6286958399669693, -4.027272627265944
33.343990462590305, 2.1288488928836737, -4.036363536356853
33.32449494513113, 6.880722202473463, -4.045454445447762
33.304999427671945, 11.626924088802426, -4.0545453545386705
33.28550391021277, 16.36745455187051, -4.06363626362958
33.26600839275359, 21.10231359167777, -4.072727172720489
33.246512875294414, 25.831501208224157, -4.081818081811398
33.16748162143407, 30.552513138453538, -4.090908990902307
29.82657574645048, 33.20752184037592, -4.099999899993216
29.82657574645048, 33.2075218403759, -4.099999899993216
25.075411364768286, 33.18802632291672, -4.109090809084125
20.32991840634694, 33.168530805457536, -4.118181718175035
15.590096871186446, 33.14903528799836, -4.127272627265944
10.855946759286807, 33.12953977053918, -4.1363635363568525
6.127468070648019, 33.110044253080005, -4.145454445447761
1.4046608052700815, 33.09054873562083, -4.154545354538671
-3.312475036847006, 33.07105321816165, -4.16363626362958
-8.023939455703236, 33.05155770070247, -4.172727172720489
-12.729732451298624, 33.03206218324329, -4.181818081811398
-17.429854023633148, 33.01256666578411, -4.190908990902307
-22.124304172706825, 32.99307114832494, -4.199999899993216
-26.813082898519657, 32.97357563086575, -4.209090809084126
-31.43269469492569, 32.54657042525259, -4.2181817181750345
-32.93458459594741, 28.379937348764933, -4.227272627265943
-32.91508907848823, 23.669181857816312, -4.236363536356852
-32.89559356102905, 18.964097790128534, -4.245454445447762
-32.876098043569876, 14.264685145701607, -4.254545354538671
-32.8566025261107, 9.570943924535532, -4.2636362636295795
-32.83710700865152, 4.882874126630333, -4.272727172720488
-32.81761149119234, 0.20047575198596365, -4.281818081811398
-32.79811597373316, -4.47625119939756, -4.290908990902307
-32.778620456273984, -9.147306727520217, -4.299999899993216
-32.75912493881481, -13.812690832382032, -4.3090908090841245
-32.73962942135563, -18.47240351398299, -4.318181718175035
-32.720133903896446, -23.126444772323097, -4.327272627265943
-32.70063838643728, -27.774814607402362, -4.336363536356853
-31.492766329757607, -32.041531347177866, -4.345454445447761
-26.953148932492567, -32.6616473515191, -4.35454535453867
-22.282802332277512, -32.64215183405992, -4.36363626362958
-17.61812715532331, -32.62265631660075, -4.372727172720489
-12.959123401629979, -32.60316079914156, -4.381818081811398
-8.305791071197472, -32.583665281682386, -4.390908990902307
-3.6581301640258097, -32.56416976422321, -4.399999899993216
0.983859319884977, -32.544674246764025, -4.409090809084125
5.620177380534919, -32.52517872930485, -4.418181718175035
10.250824017924018, -32.50568321184567, -4.4272726272659435
14.875799232052259, -32.486187694386494, -4.436363536356852
19.49510302291962, -32.46669217692732, -4.445454445447762
24.108735390526185, -32.44719665946814, -4.454545354538671
28.716696334871852, -32.427701142008964, -4.46363626362958
32.25873782382572, -30.16745900237491, -4.472727172720489
32.388710107090596, -25.546210497633368, -4.481818081811398
32.36921458963142, -20.9162727881519, -4.490908990902307
32.349719072172235, -16.29200650193124, -4.499999899993217
32.33022355471306, -11.673411638971473, -4.5090908090841255
32.31072803725388, -7.060488199272516, -4.518181718175034
32.291232519794704, -2.4532361828344538, -4.527272627265944
32.27173700233553, 2.148344410342776, -4.536363536356853
32.25224148487635, 6.744253580259181, -4.545454445447763
32.232745967417166, 11.334491326914685, -4.554545354538671
32.21325044995799, 15.919057650309389, -4.56363626362958
32.19375493249881, 20.497952550443188, -4.572727172720489
32.174259415039636, 25.071176027316156, -4.581818081811399
32.08213063597229, 29.63567289416675, -4.5909089909023075
28.75432228619571, 32.13526838012112, -4.599999899993216
28.75432228619571, 32.135268380121104, -4.599999899993216
24.159122044186937, 32.11577286266193, -4.609090809084125
19.569593225439018, 32.09627734520275, -4.618181718175035
14.985735829951953, 32.07678182774357, -4.627272627265944
10.407549857725737, 32.05728631028439, -4.6363635363568525
5.835035308760375, 32.03779079282521, -4.645454445447762
1.2681921830558611, 32.018295275366036, -4.654545354538671
-3.2929795193878046, 31.99879975790686, -4.66363626362958
-7.848479798570609, 31.979304240447668, -4.672727172720489
-12.398308654492569, 31.959808722988495, -4.681818081811398
-16.94246608715367, 31.940313205529314, -4.690908990902307
-21.48095209655393, 31.920817688070137, -4.699999899993217
-26.013766682693326, 31.90132217061096, -4.709090809084126
-30.456405115154993, 31.407431683519256, -4.7181817181750345
-31.862331135692614, 27.346674923428516, -4.727272627265943
-31.842835618233437, 22.79188357215331, -4.736363536356852
-31.823340100774256, 18.242763644138968, -4.745454445447761
-31.803844583315076, 13.699315139385469, -4.75454535453867
-31.7843490658559, 9.161538057892813, -4.763636263629579
-31.764853548396722, 4.629432399661029, -4.772727172720488
-31.745358030937545, 0.10299816469008893, -4.781818081811397
-31.72586251347837, -4.4177646470200145, -4.790908990902306
-31.706366996019188, -8.932856035469252, -4.799999899993216
-31.686871478560008, -13.442276000657642, -4.8090908090841245
-31.667375961100834, -17.946024542585167, -4.818181718175033
-31.647880443641654, -22.44410166125185, -4.827272627265943
-31.628384926182477, -26.936507356657696, -4.836363536356853
-30.356536949180068, -31.01386807457545, -4.8454544454477615
-25.958877542074514, -31.589393891264326, -4.854545354538671
-21.444495081532867, -31.56989837380515, -4.86363626362958
-16.93578404425208, -31.55040285634597, -4.872727172720489
-12.43274443023217, -31.53090733888679, -4.881818081811398
-7.935376239473087, -31.51141182142761, -4.890908990902307
-3.4436794719748423, -31.49191630396843, -4.899999899993217
1.0423458722625099, -31.472420786509254, -4.909090809084125
5.522699793239039, -31.452925269050073, -4.918181718175035
9.997382290954718, -31.433429751590896, -4.9272726272659435
14.466393365409523, -31.41393423413172, -4.936363536356853
18.929733016603493, -31.39443871667254, -4.945454445447762
23.38740124453662, -31.374943199213362, -4.954545354538671
27.83939804920886, -31.355447681754185, -4.96363626362958
31.198105994510335, -29.057986749846414, -4.972727172720489
31.316456646835814, -24.59093014213365, -4.981818081811398
31.296961129376637, -20.116956572325588, -4.990908990902307
31.27746561191746, -15.648654425778384, -4.999999899993216
31.25797009445828, -11.186023702492022, -5.0090908090841255
31.238474576999103, -6.7290644024664985, -5.018181718175035
31.218979059539926, -2.2777765257018614, -5.027272627265944
31.19948354208075, 2.1678399278019516, -5.036363536356852
31.179988024621572, 6.607784958044915, -5.045454445447762
31.160492507162395, 11.042058565026993, -5.0545453545386705
31.140996989703215, 15.470660748748255, -5.063636263629579
31.121501472244038, 19.893591509208655, -5.072727172720489
31.10200595478486, 24.31085084640821, -5.081818081811398
30.972727207514858, 28.714122835074267, -5.0909089909023075
27.682068825940927, 31.063014919866323, -5.099999899993216
27.68206882594093, 31.063014919866305, -5.099999899993216
23.24283272360558, 31.043519402407124, -5.109090809084126
18.80926804453108, 31.02402388494795, -5.118181718175034
14.38137478871744, 31.00452836748877, -5.127272627265944
9.959152956164644, 30.98503285002959, -5.1363635363568525
5.542602546872705, 30.965537332570413, -5.145454445447761
1.1317235608416152, 30.94604181511123, -5.154545354538671
-3.2734840019286238, 30.92654629765206, -5.163636263629581
-7.673020141438011, 30.907050780192876, -5.172727172720489
-12.066884857686548, 30.8875552627337, -5.181818081811398
-16.455078150674222, 30.868059745274515, -5.190908990902306
-20.83760002040105, 30.84856422781534, -5.199999899993216
-25.214450466867028, 30.829068710356164, -5.209090809084126
-29.480115535384336, 30.268292941785887, -5.2181817181750345
-30.790077675437814, 26.313412498092063, -5.227272627265942
-30.77058215797864, 21.914585286490276, -5.236363536356851
-30.75108664051946, 17.521429498149352, -5.245454445447761
-30.731591123060284, 13.13394513306928, -5.25454535453867
-30.712095605601107, 8.752132191250048, -5.263636263629579
-30.692600088141926, 4.375990672691684, -5.272727172720488
-30.673104570682746, 0.0055205773941673746, -5.281818081811398
-30.65360905322357, -4.359278094642508, -5.290908990902306
-30.634113535764392, -8.718405343418317, -5.299999899993216
-30.61461801830521, -13.071861168933287, -5.3090908090841245
-30.59512250084604, -17.419645571187395, -5.318181718175033
-30.575626983386854, -21.76175855018065, -5.327272627265943
-30.55613146592768, -26.098200105913065, -5.336363536356853
-29.2203075686025, -29.98620480197306, -5.3454544454477615
-24.96460615165641, -30.51714043100955, -5.35454535453867
-20.6061878307882, -30.497644913550374, -5.36363626362958
-16.253440933180833, -30.47814939609119, -5.37272717272049
-11.906365458834337, -30.458653878632013, -5.381818081811398
-7.564961407748687, -30.439158361172836, -5.390908990902307
-3.2292287799238846, -30.419662843713656, -5.399999899993216
1.100832424640072, -30.40016732625448, -5.409090809084125
5.425222205943189, -30.3806718087953, -5.418181718175035
9.743940563985436, -30.36117629133612, -5.4272726272659435
14.056987498766816, -30.341680773876945, -5.436363536356852
18.36436301028735, -30.32218525641776, -5.445454445447762
22.66606709854706, -30.302689738958588, -5.454545354538671
26.961809412072995, -30.276291476713865, -5.46363626362958
30.137474165194952, -27.948514497317916, -5.472727172720489
30.24420318658104, -23.635649786633927, -5.481818081811398
30.22470766912186, -19.317640356499282, -5.490908990902307
30.20521215166268, -15.005302349625502, -5.499999899993217
30.185716634203505, -10.698635766012567, -5.5090908090841255
30.166221116744325, -6.397640605660461, -5.518181718175034
30.146725599285148, -2.1023168685692335, -5.527272627265943
30.12723008182597, 2.1873354452611404, -5.536363536356853
30.107734564366794, 6.471316335830681, -5.545454445447762
30.088239046907614, 10.749625803139343, -5.554545354538671
30.068743529448437, 15.022263847187155, -5.563636263629579
30.04924801198926, 19.289230467974114, -5.572727172720489
30.02975249453008, 23.550525665500253, -5.581818081811399
29.854148880592405, 27.790776198701124, -5.590908990902307
26.609815365686153, 29.990761459611527, -5.599999899993216
26.609815365686153, 29.990761459611512, -5.599999899993216
22.32654340302423, 29.971265942152336, -5.609090809084125
18.048942863623157, 29.951770424693155, -5.618181718175035
13.777013747482938, 29.932274907233978, -5.627272627265944
9.51075605460357, 29.912779389774798, -5.6363635363568525
5.250169784985052, 29.89328387231562, -5.645454445447762
0.9952549386273903, 29.873788354856437, -5.654545354538671
-3.253988484469428, 29.854292837397264, -5.663636263629581
-7.497560484305387, 29.834797319938083, -5.672727172720489
-11.735461060880503, 29.815301802478906, -5.681818081811398
-15.967690214194755, 29.795806285019722, -5.690908990902307
-20.19424794424816, 29.77631076756055, -5.699999899993217
-24.415134251040715, 29.75681525010137, -5.709090809084126
-28.503825955613664, 29.12915420005254, -5.718181718175035
-29.71782421518302, 25.280150072755635, -5.727272627265942
-29.69832869772384, 21.037287000827284, -5.736363536356852
-29.67883318026466, 16.80009535215978, -5.745454445447761
-29.659337662805484, 12.568575126753124, -5.75454535453867
-29.639842145346307, 8.342726324607325, -5.763636263629579
-29.62034662788713, 4.122548945722386, -5.772727172720488
-29.600851110427946, -0.09195700990171222, -5.781818081811397
-29.58135559296877, -4.30079154226496, -5.790908990902306
-29.561860075509593, -8.503954651367348, -5.799999899993216
-29.542364558050412, -12.701446337208896, -5.809090809084124
-29.52286904059124, -16.893266599789577, -5.818181718175033
-29.50337352313206, -21.07941543910942, -5.827272627265943
-29.483878005672885, -25.259892855168395, -5.836363536356853
-28.08407818802496, -28.95854152937065, -5.8454544454477615
-23.97033476123835, -29.444886970754773, -5.85454535453867
-19.767880580043574, -29.425391453295596, -5.86363626362958
-15.571097822109635, -29.40589593583642, -5.872727172720489
-11.37998648743655, -29.386400418377235, -5.881818081811398
-7.194546576024317, -29.36690490091806, -5.890908990902307
-3.0147780878729398, -29.34740938345888, -5.899999899993216
1.1593189770175965, -29.327913865999705, -5.909090809084125
5.32774461864728, -29.308418348540524, -5.918181718175035
9.4904988370161, -29.288922831081344, -5.9272726272659435
13.647581632124066, -29.269427313622167, -5.936363536356853
17.79899300397118, -29.24993179616299, -5.945454445447762
21.944732952557477, -29.230436278703813, -5.954545354538672
26.083901404875455, -29.18954264606723, -5.9636362636295805
29.07684233587956, -26.839042244789475, -5.972727172720489
29.17194972632626, -22.680369431134253, -5.981818081811398
29.152454208867084, -18.518324140673013, -5.990908990902307
29.132958691407907, -14.361950273472672, -5.999999899993217
29.113463173948727, -10.211247829533159, -6.0090908090841255
29.09396765648955, -6.066216808854471, -6.018181718175034
29.074472139030373, -1.926857211436662, -6.027272627265944
29.054976621571196, 2.20683096272027, -6.036363536356853
29.035481104112016, 6.334847713616402, -6.045454445447762
29.01598558665284, 10.457193041251655, -6.054545354538671
28.996490069193662, 14.573866945626055, -6.06363626362958
28.97699455173448, 18.684869426739578, -6.072727172720489
28.95749903427531, 22.790200484592308, -6.081818081811398
28.735408896580065, 26.867397907541125, -6.0909089909023075
25.537561905431374, 28.918507999356727, -6.099999899993216
25.53756190543138, 28.918507999356713, -6.099999899993216
21.410254082442883, 28.899012481897536, -6.109090809084125
17.28861768271523, 28.879516964438356, -6.118181718175035
13.172652706248437, 28.86002144697918, -6.127272627265944
9.06235915304249, 28.840525929519995, -6.1363635363568525
4.957737023097398, 28.821030412060818, -6.145454445447761
0.8587863164131566, 28.801534894601637, -6.154545354538671
-3.2344929670102354, 28.782039377142464, -6.163636263629581
-7.3221008271727746, 28.76254385968328, -6.172727172720489
-11.404037264074464, 28.743048342224107, -6.181818081811398
-15.480302277715296, 28.723552824764923, -6.190908990902307
-19.550895868095278, 28.70405730730575, -6.199999899993217
-23.615818035214414, 28.68456178984657, -6.209090809084126
-27.527536375843006, 27.990015458319178, -6.218181718175035
-28.645570754928222, 24.246887647419193, -6.227272627265942
-28.626075237469045, 20.15998871516426, -6.236363536356852
-28.606579720009865, 16.078761206170178, -6.245454445447761
-28.587084202550688, 12.003205120436956, -6.254545354538671
-28.567588685091508, 7.933320457964579, -6.263636263629579
-28.54809316763233, 3.8691072187530624, -6.272727172720488
-28.528597650173154, -0.18943459719761016, -6.281818081811397
-28.509102132713977, -4.242304989887429, -6.290908990902306
-28.489606615254797, -8.2895039593164, -6.299999899993216
-28.470111097795616, -12.331031505484528, -6.309090809084124
-28.450615580336443, -16.366887628391794, -6.318181718175034
-28.431120062877262, -20.397072328038206, -6.327272627265943
-28.411624545418086, -24.42158560442376, -6.336363536356853
-26.947848807447414, -27.930878256768246, -6.3454544454477615
-22.97606337082028, -28.3726335105, -6.35454535453867
-18.929573329298904, -28.353137993040818, -6.36363626362958
-14.888754711038395, -28.33364247558164, -6.37272717272049
-10.853607516038728, -28.31414695812246, -6.381818081811398
-6.824131744299919, -28.29465144066328, -6.390908990902307
-2.8003273958219665, -28.275155923204103, -6.399999899993217
1.2178055293951422, -28.255660405744926, -6.409090809084125
5.230267031351397, -28.23616488828575, -6.418181718175035
9.2370571100468, -28.216669370826573, -6.427272627265944
13.238175765481351, -28.197173853367392, -6.436363536356852
17.233622997655033, -28.17767833590821, -6.445454445447761
21.223398806567914, -28.158182818449035, -6.454545354538671
25.205914464580726, -28.100917279303697, -6.46363626362958
28.016210506564185, -25.729569992260952, -6.4727271727204885
28.099696266071483, -21.725089075634536, -6.481818081811398
28.080200748612306, -17.719007924846707, -6.490908990902307
28.06070523115313, -13.71859819731979, -6.499999899993216
28.041209713693952, -9.723859893053696, -6.5090908090841255
28.021714196234775, -5.73479301204845, -6.518181718175034
28.0022186787756, -1.7513975543040843, -6.527272627265943
27.982723161316418, 2.226326480179474, -6.536363536356853
27.963227643857238, 6.19837909140214, -6.545454445447762
27.94373212639806, 10.164760279363977, -6.5545453545386705
27.924236608938884, 14.125470044064931, -6.56363626362958
27.904741091479707, 18.08050838550509, -6.572727172720489
27.885245574020527, 22.029875303684367, -6.581818081811398
27.616668912567725, 25.944019616381134, -6.5909089909023075
24.465308445176596, 27.84625453910193, -6.599999899993216
24.465308445176596, 27.846254539101917, -6.599999899993216
20.49396476186152, 27.826759021642737, -6.609090809084126
16.528292501807293, 27.80726350418356, -6.618181718175034
12.568291665013916, 27.787767986724383, -6.627272627265944
8.613962251481396, 27.768272469265202, -6.6363635363568525
4.665304261209725, 27.748776951806022, -6.645454445447761
0.7223176941989049, 27.72928143434684, -6.654545354538671
-3.2149974495510567, 27.709785916887668, -6.663636263629581
-7.146641170040171, 27.690290399428484, -6.672727172720489
-11.07261346726844, 27.670794881969314, -6.681818081811398
-14.99291434123585, 27.651299364510127, -6.690908990902307
-18.90754379194241, 27.631803847050953, -6.699999899993216
-22.816501819388122, 27.612308329591773, -6.709090809084126
-26.551246796072355, 26.850876716585812, -6.718181718175035
-27.573317294673426, 23.21362522208275, -6.727272627265943
-27.553821777214246, 19.28269042950124, -6.736363536356851
-27.534326259755073, 15.357427060180584, -6.745454445447761
-27.514830742295892, 11.43783511412078, -6.754545354538671
-27.495335224836715, 7.523914591321821, -6.763636263629579
-27.47583970737754, 3.6156654917837336, -6.772727172720488
-27.456344189918358, -0.2869121844935235, -6.781818081811398
-27.43684867245918, -4.18381843750991, -6.790908990902307
-27.417353155, -8.075053267265464, -6.799999899993216
-27.39785763754082, -11.960616673760153, -6.809090809084124
-27.378362120081647, -15.840508656994, -6.818181718175034
-27.358866602622467, -19.714729216966976, -6.827272627265943
-27.339371085163293, -23.583278353679127, -6.836363536356853
-25.811619426869868, -26.903214984165842, -6.845454445447761
-21.9817919804022, -27.30038005024522, -6.854545354538671
-18.091266078554256, -27.280884532786043, -6.86363626362958
-14.20641159996717, -27.261389015326863, -6.872727172720489
-10.327228544640931, -27.241893497867686, -6.8818180818113985
-6.453716912575551, -27.222397980408505, -6.890908990902307
-2.5858767037710217, -27.20290246294933, -6.899999899993216
1.2762920817726615, -27.183406945490148, -6.909090809084126
5.132789444055504, -27.16391142803097, -6.918181718175035
8.983615383077478, -27.144415910571794, -6.9272726272659435
12.828769898838598, -27.12492039311261, -6.936363536356853
16.668252991338854, -27.105424875653434, -6.945454445447762
20.502064660578302, -27.085929358194257, -6.954545354538671
24.327927524285965, -27.01229191254016, -6.96363626362958
26.955578677248788, -24.62009773973253, -6.972727172720489
27.027442805816708, -20.76980872013485, -6.981818081811398
27.00794728835753, -16.919691709020455, -6.990908990902307
26.98845177089835, -13.075246121166929, -6.999999899993217
26.968956253439174, -9.236471956574288, -7.0090908090841255
26.949460735979997, -5.403369215242456, -7.018181718175034
26.92996521852082, -1.5759378971714795, -7.027272627265944
26.910469701061643, 2.2458219976386298, -7.036363536356853
26.890974183602466, 6.061910469187905, -7.045454445447762
26.87147866614329, 9.87232751747628, -7.054545354538671
26.85198314868411, 13.677073142503858, -7.063636263629579
26.832487631224932, 17.47614734427058, -7.072727172720489
26.812992113765755, 21.26955012277644, -7.081818081811399
26.497928928555393, 25.02064132522114, -7.090908990902307
23.393054984921818, 26.774001078847135, -7.099999899993216
23.393054984921825, 26.77400107884712, -7.099999899993216
19.57767544128017, 26.754505561387944, -7.109090809084125
15.76796732089937, 26.735010043928764, -7.118181718175035
11.963930623779422, 26.715514526469587, -7.127272627265944
8.165565349920325, 26.696019009010403, -7.136363536356852
4.372871499322078, 26.676523491551226, -7.145454445447761
0.5858490719846857, 26.65702797409205, -7.15454535453867
-3.195501932091858, 26.637532456632872, -7.16363626362958
-6.971181512907545, 26.61803693917369, -7.172727172720489
-10.741189670462386, 26.59854142171452, -7.181818081811398
-14.505526404756374, 26.57904590425533, -7.190908990902307
-18.264191715789515, 26.559550386796154, -7.199999899993217
-22.017185603561785, 26.540054869336977, -7.209090809084126
-25.57495721630167, 25.71173797485246, -7.218181718175036
-26.50106383441863, 22.180362796746323, -7.227272627265942
-26.481568316959454, 18.40539214383824, -7.236363536356851
-26.462072799500273, 14.63609291419101, -7.245454445447761
-26.442577282041096, 10.872465107804626, -7.254545354538669
-26.42308176458192, 7.114508724679096, -7.263636263629579
-26.40358624712274, 3.3622237648144284, -7.272727172720488
-26.384090729663562, -0.38438977178941136, -7.281818081811397
-26.364595212204385, -4.125331885132382, -7.290908990902306
-26.34509969474521, -7.8606025752145126, -7.299999899993215
-26.325604177286028, -11.590201842035775, -7.309090809084124
-26.30610865982685, -15.314129685596194, -7.318181718175033
-26.28661314236767, -19.032386105895757, -7.327272627265941
-26.267117624908494, -22.744971102934482, -7.336363536356852
-24.675390046292314, -25.87555171156344, -7.3454544454477615
-20.987520589984108, -26.228126589990445, -7.35454535453867
-17.252958827809593, -26.208631072531265, -7.36363626362958
-13.524068488895931, -26.189135555072088, -7.372727172720489
-9.80084957324312, -26.169640037612908, -7.381818081811398
-6.083302080851162, -26.15014452015373, -7.390908990902307
-2.3714260117200467, -26.13064900269455, -7.399999899993216
1.3347786341502101, -26.111153485235373, -7.409090809084125
5.035311856759625, -26.091657967776193, -7.418181718175035
8.730173656108176, -26.07216245031702, -7.4272726272659435
12.419364032195874, -26.05266693285784, -7.436363536356852
16.10288298502272, -26.03317141539866, -7.445454445447762
19.78073051458874, -26.013675897939482, -7.454545354538671
23.449940583991214, -25.92366654577663, -7.46363626362958
25.894946847933404, -23.510625487204024, -7.472727172720489
25.95518934556193, -19.81452836463511, -7.481818081811398
25.935693828102753, -16.120375493194153, -7.490908990902308
25.916198310643576, -12.431894045014058, -7.499999899993217
25.8967027931844, -8.749084020094823, -7.509090809084126
25.87720727572522, -5.07194541843643, -7.518181718175035
25.857711758266042, -1.400478240038889, -7.527272627265943
25.838216240806865, 2.265317515097795, -7.536363536356852
25.818720723347685, 5.92544184697363, -7.545454445447762
25.799225205888508, 9.579894755588633, -7.5545453545386705
25.77972968842933, 13.228676240942765, -7.563636263629579
25.760234170970154, 16.871786303036043, -7.572727172720489
25.740738653510974, 20.509224941868467, -7.581818081811398
25.379188944543046, 24.09726303406118, -7.5909089909023075
22.32080152466704, 25.701747618592336, -7.599999899993216
22.320801524667047, 25.701747618592325, -7.599999899993216
18.66138612069882, 25.682252101133148, -7.609090809084125
15.007642139991441, 25.662756583673968, -7.618181718175034
11.359569582544914, 25.64326106621479, -7.627272627265944
7.71716844835924, 25.623765548755607, -7.6363635363568525
4.080438737434417, 25.604270031296434, -7.645454445447761
0.4493804497704472, 25.584774513837253, -7.65454535453867
-3.176006414632672, 25.565278996378076, -7.66363626362958
-6.7957218557749375, 25.545783478918896, -7.672727172720489
-10.409765873656353, 25.526287961459722, -7.681818081811398
-14.018138468276918, 25.506792444000535, -7.690908990902307
-17.620839639636635, 25.48729692654136, -7.699999899993217
-21.217869387735494, 25.46780140908218, -7.709090809084126
-24.592318840674956, 24.566250437263047, -7.718181718175036
-25.428810374163834, 21.147100371409877, -7.7272726272659416
-25.409314856704658, 17.528093858175215, -7.736363536356851
-25.389819339245477, 13.914758768201409, -7.745454445447759
-25.3703238217863, 10.307095101488448, -7.754545354538669
-25.350828304327123, 6.7051028580363425, -7.763636263629579
-25.331332786867943, 3.108782037845089, -7.772727172720487
-25.311837269408763, -0.4818673590853221, -7.781818081811396
-25.292341751949586, -4.066845332754875, -7.790908990902306
-25.27284623449041, -7.646151883163572, -7.799999899993215
-25.253350717031232, -11.219787010311421, -7.809090809084124
-25.233855199572055, -14.787750714198411, -7.818181718175033
-25.21435968211287, -18.350042994824566, -7.827272627265941
-25.18628532833396, -21.906302998958523, -7.836363536356852
-23.534301871905996, -24.837974116673777, -7.8454544454477615
-19.993249199566, -25.155873129735667, -7.85454535453867
-16.41465157706491, -25.136377612276487, -7.86363626362958
-12.841725377824659, -25.11688209481731, -7.87272717272049
-9.274470601845277, -25.09738657735813, -7.881818081811398
-5.712887249126739, -25.077891059898953, -7.890908990902307
-2.1569753196690455, -25.058395542439772, -7.899999899993216
1.3932651865277825, -25.038900024980595, -7.909090809084126
4.937834269463778, -25.019404507521415, -7.918181718175035
8.476731929138902, -24.999908990062238, -7.9272726272659435
12.00995816555318, -24.980413472603054, -7.936363536356852
15.537512978706609, -24.96091795514388, -7.945454445447762
19.0593963685992, -24.9414224376847, -7.954545354538671
22.566511045944992, -24.807246503942594, -7.96363626362958
24.828317749255948, -22.39997888294583, -7.9727271727204885
24.882935885307155, -18.85924800913538, -7.981818081811398
24.863440367847975, -15.321059277367835, -7.990908990902307
24.843944850388798, -11.788541968861185, -7.999999899993217
24.824449332929618, -8.261696083615366, -8.009090809084125
24.80495381547044, -4.740521621630398, -8.018181718175034
24.785458298011264, -1.2250185829062816, -8.027272627265944
24.765962780552087, 2.2848130325569587, -8.036363536356852
24.74646726309291, 5.788973224759397, -8.045454445447762
24.72697174563373, 9.287461993700962, -8.054545354538671
24.707476228174553, 12.780279339381643, -8.06363626362958
24.687980710715372, 16.2674252618015, -8.072727172720489
24.6684851932562, 19.748899760960526, -8.081818081811397
24.222197835311178, 23.15513869803711, -8.090908990902307
21.24854806441227, 24.629494158337543, -8.099999899993216
21.24854806441227, 24.62949415833753, -8.099999899993216
17.745096800117462, 24.60999864087835, -8.109090809084126
14.247316959083507, 24.59050312341917, -8.118181718175034
10.755208541310404, 24.57100760595999, -8.127272627265944
7.268771546798153, 24.551512088500814, -8.136363536356853
3.788005975546752, 24.532016571041634, -8.145454445447761
0.3129118275562078, 24.512521053582457, -8.15454535453867
-3.156510897173491, 24.49302553612328, -8.16363626362958
-6.620262198642334, 24.4735300186641, -8.172727172720489
-10.078342076850326, 24.454034501204923, -8.181818081811398
-13.530750531797468, 24.43453898374574, -8.190908990902306
-16.977487563483756, 24.415043466286562, -8.199999899993216
-20.41855317190919, 24.395547948827385, -8.209090809084126
-23.58864464319882, 23.399727077824195, -8.218181718175035
-24.35655691390904, 20.11383794607343, -8.227272627265942
-24.337061396449858, 16.650795572512187, -8.236363536356851
-24.31756587899068, 13.193424622211806, -8.245454445447761
-24.2980703615315, 9.741725095172274, -8.254545354538669
-24.278574844072324, 6.295696991393589, -8.263636263629579
-24.259079326613147, 2.855340310875758, -8.272727172720487
-24.23958380915397, -0.5793449463812209, -8.281818081811396
-24.220088291694793, -4.008358780377338, -8.290908990902306
-24.20059277423561, -7.431701191112612, -8.299999899993214
-24.181097256776432, -10.849372178587036, -8.309090809084124
-24.161601739317256, -14.261371742800604, -8.318181718175033
-24.14210622185808, -17.66769988375333, -8.327272627265941
-24.095175829974345, -21.067202603080112, -8.336363536356853
-22.387898016119554, -23.789549924737134, -8.34545444544776
-18.99897780914793, -24.08361966948089, -8.354545354538672
-15.576344326320267, -24.064124152021712, -8.36363626362958
-12.159382266753436, -24.044628634562535, -8.37272717272049
-8.748091630447476, -24.02513311710335, -8.381818081811398
-5.342472417402364, -24.005637599644174, -8.390908990902307
-1.9425246276181025, -23.986142082184998, -8.399999899993217
1.4517517389053012, -23.96664656472582, -8.409090809084125
4.840356682167863, -23.947151047266644, -8.418181718175035
8.223290202169563, -23.927655529807463, -8.427272627265943
11.600552298910413, -23.908160012348283, -8.436363536356852
14.972142972390415, -23.888664494889102, -8.445454445447762
18.338062222609587, -23.869168977429926, -8.45454535453867
21.680539452517728, -23.67784449898168, -8.463636263629581
23.759415576681278, -21.288887178075782, -8.47272717272049
23.810682425052377, -17.903967653635725, -8.481818081811399
23.7911869075932, -14.521743061541606, -8.490908990902307
23.77169139013402, -11.145189892708377, -8.499999899993217
23.752195872674843, -7.774308147135967, -8.509090809084125
23.73270035521567, -4.409097824824433, -8.518181718175034
23.71320483775649, -1.049558925773726, -8.527272627265944
23.69370932029731, 2.3043085500161014, -8.536363536356852
23.674213802838132, 5.6525046025451084, -8.545454445447762
23.654718285378955, 8.995029231813236, -8.554545354538671
23.635222767919778, 12.331882437820536, -8.56363626362958
23.6157272504606, 15.663064220566957, -8.572727172720489
23.59623173300142, 18.988574580052557, -8.581818081811397
23.06083189742723, 22.21087035360248, -8.590908990902308
20.17629460415749, 23.557240698082744, -8.599999899993216
20.176294604157498, 23.55724069808273, -8.599999899993216
16.828807479536117, 23.537745180623553, -8.609090809084126
13.486991778175586, 23.518249663164376, -8.618181718175034
10.150847500075908, 23.498754145705192, -8.627272627265944
6.820374645237081, 23.47925862824601, -8.636363536356853
3.4955732136591067, 23.459763110786835, -8.645454445447761
0.17644320534198468, 23.440267593327658, -8.654545354538671
-3.1370153797142857, 23.420772075868477, -8.66363626362958
-6.444802541509707, 23.4012765584093, -8.672727172720489
-9.746918280044275, 23.381781040950123, -8.681818081811398
-13.043362595317989, 23.36228552349094, -8.690908990902306
-16.334135487330855, 23.342790006031766, -8.699999899993216
-19.61923695608287, 23.323294488572586, -8.709090809084126
-22.58327646442258, 22.231509737085275, -8.718181718175035
-23.28430345365424, 19.080575520737003, -8.727272627265942
-23.264807936195062, 15.773497286849185, -8.736363536356851
-23.245312418735885, 12.472090476222224, -8.745454445447761
-23.22581690127671, 9.176355088856113, -8.754545354538669
-23.20632138381753, 5.886291124750854, -8.763636263629579
-23.18682586635835, 2.601898583906446, -8.772727172720487
-23.167330348899174, -0.6768225336771077, -8.781818081811396
-23.147834831439994, -3.9498722279998075, -8.790908990902306
-23.128339313980817, -7.217250499061661, -8.799999899993214
-23.108843796521636, -10.478957346862657, -8.809090809084124
-23.089348279062463, -13.734992771402808, -8.818181718175033
-23.06985276160328, -16.985356772682103, -8.827272627265941
-23.003276081909043, -20.22806896677737, -8.836363536356853
-21.241206971317354, -22.740539726361135, -8.84545444544776
-18.004706418729846, -23.011366209226114, -8.85454535453867
-14.73803707557561, -22.991870691766934, -8.86363626362958
-11.477039155682206, -22.972375174307757, -8.872727172720488
-8.221712659049672, -22.952879656848577, -8.881818081811398
-4.97205758567798, -22.933384139389396, -8.890908990902307
-1.7280739355671313, -22.91388862193022, -8.899999899993217
1.5102382912828403, -22.894393104471042, -8.909090809084127
4.742879094871986, -22.874897587011866, -8.918181718175035
7.969848475200255, -22.85540206955269, -8.927272627265943
11.191146432267697, -22.83590655209351, -8.936363536356852
14.406772966074275, -22.816411034634328, -8.945454445447762
17.616728076620014, -22.79691551717515, -8.95454535453867
20.794379953631477, -22.54748288402995, -8.96363626362958
22.690436497728253, -20.17778041382898, -8.97272717272049
22.738428964797603, -16.94868729813601, -8.981818081811399
22.718933447338422, -13.722426845715313, -8.990908990902307
22.699437929879245, -10.501837816555497, -8.999999899993217
22.67994241242007, -7.286920210656527, -9.009090809084125
22.66044689496089, -4.077674028018413, -9.018181718175034
22.640951377501715, -0.8740992686411238, -9.027272627265944
22.621455860042538, 2.323804067475286, -9.036363536356852
22.60196034258336, 5.516035980330873, -9.045454445447762
22.582464825124184, 8.70259646992555, -9.05454535453867
22.562969307665004, 11.883485536259432, -9.06363626362958
22.543473790205827, 15.058703179332435, -9.072727172720489
22.52397827274665, 18.228249399144616, -9.081818081811399
21.89939806186771, 21.266568733993196, -9.090908990902307
19.104041143902712, 22.484987237827948, -9.099999899993216
19.10404114390272, 22.484987237827934, -9.099999899993216
15.91251815895476, 22.465491720368753, -9.109090809084126
12.726666597267654, 22.445996202909576, -9.118181718175034
9.546486458841397, 22.426500685450396, -9.127272627265944
6.371977743675994, 22.40700516799122, -9.136363536356852
3.20314045177144, 22.38750965053204, -9.145454445447761
0.039974583127739806, 22.36801413307286, -9.15454535453867
-3.117519862255109, 22.348518615613685, -9.16363626362958
-6.269342884377105, 22.329023098154504, -9.172727172720489
-9.41549448323825, 22.309527580695327, -9.181818081811398
-12.555974658838545, 22.29003206323615, -9.190908990902306
-15.69078341117799, 22.27053654577697, -9.199999899993216
-18.819794951943702, 22.24805056778319, -9.209090809084127
-21.57790828564635, 21.06329239634633, -9.218181718175035
-22.212049993399443, 18.047313095400547, -9.227272627265942
-22.19255447594027, 14.896199001186158, -9.236363536356851
-22.173058958481086, 11.750756330232619, -9.245454445447761
-22.15356344102191, 8.61098508253993, -9.254545354538669
-22.134067923562732, 5.476885258108093, -9.263636263629579
-22.114572406103555, 2.3484568569371014, -9.272727172720487
-22.095076888644375, -0.7743001209730325, -9.281818081811396
-22.0755813711852, -3.89138567562231, -9.290908990902306
-22.05608585372602, -7.002799807010743, -9.299999899993214
-22.03659033626684, -10.108542515138314, -9.309090809084124
-22.017094818807664, -13.208613800005047, -9.318181718175033
-21.997599301348487, -16.303013661610915, -9.327272627265941
-21.910499897474747, -19.388763711608842, -9.336363536356853
-20.094515926515108, -21.69152952798515, -9.34545444544776
-17.010435028311733, -21.939112748971336, -9.354545354538672
-13.899729824830917, -21.919617231512156, -9.36363626362958
-10.79469604461094, -21.90012171405298, -9.372727172720488
-7.695333687651827, -21.8806261965938, -9.3818180818114
-4.601642753953557, -21.86113067913462, -9.390908990902307
-1.5136232435161336, -21.84163516167544, -9.399999899993215
1.5687248436604213, -21.822139644216264, -9.409090809084125
4.645401507576141, -21.802644126757087, -9.418181718175035
7.716406748230994, -21.78314860929791, -9.427272627265944
10.78174056562501, -21.763653091838727, -9.436363536356852
13.841402959758172, -21.74415757437955, -9.445454445447762
16.89539393063048, -21.724662056920373, -9.45454535453867
19.908220454745262, -21.417121269078205, -9.46363626362958
21.621457418775233, -19.066673649582164, -9.47272717272049
21.666175504542824, -15.993406942636254, -9.481818081811399
21.646679987083644, -12.923110629888994, -9.490908990902307
21.62718446962447, -9.858485740402596, -9.499999899993217
21.60768895216529, -6.799532274177051, -9.509090809084125
21.588193434706113, -3.7462502312123585, -9.518181718175036
21.568697917246936, -0.6986396115085131, -9.527272627265944
21.54920239978776, 2.343299584934477, -9.536363536356854
21.52970688232858, 5.379567358116617, -9.545454445447762
21.510211364869406, 8.410163708037901, -9.554545354538671
21.490715847410225, 11.435088634698308, -9.563636263629581
21.47122032995105, 14.454342138097893, -9.572727172720489
21.451724812491868, 17.467924218236625, -9.581818081811399
20.73796422630816, 20.322267114383944, -9.590908990902307
18.031787683647938, 21.41273377757315, -9.599999899993216
18.031787683647945, 21.412733777573138, -9.599999899993216
14.996228838373408, 21.393238260113957, -9.609090809084124
11.966341416359722, 21.37374274265478, -9.618181718175034
8.94212541760689, 21.3542472251956, -9.627272627265944
5.923580842114908, 21.33475170773642, -9.636363536356853
2.910707689883777, 21.315256190277246, -9.645454445447761
-0.09649403908650035, 21.295760672818066, -9.65454535453867
-3.098024344795926, 21.27626515535889, -9.66363626362958
-6.0938832272445005, 21.25676963789971, -9.672727172720489
-9.084070686432224, 21.23727412044053, -9.681818081811398
-12.068586722359093, 21.21777860298135, -9.690908990902306
-15.047431335025117, 21.19828308552217, -9.699999899993216
-18.019817641975408, 21.160080417351885, -9.709090809084127
-20.57254010687012, 19.8950750556074, -9.718181718175035
-21.13979653314465, 17.014050670064098, -9.727272627265942
-21.12030101568547, 14.01890071552313, -9.736363536356851
-21.100805498226293, 11.029422184243016, -9.74545444544776
-21.081309980767116, 8.04561507622375, -9.754545354538669
-21.06181446330794, 5.067479391465342, -9.763636263629579
-21.04231894584876, 2.0950151299677775, -9.772727172720487
-21.022823428389582, -0.8717777082689312, -9.781818081811396
-21.003327910930402, -3.8328991232447853, -9.790908990902306
-20.983832393471225, -6.788349114959789, -9.799999899993214
-20.964336876012045, -9.738127683413936, -9.809090809084124
-20.94484135855287, -12.682234828607235, -9.818181718175033
-20.925345841093687, -15.62067055053968, -9.827272627265941
-20.793946750431267, -18.54480258466244, -9.836363536356853
-18.94782488171292, -20.642519329609154, -9.84545444544776
-16.01616363789367, -20.866859288716558, -9.854545354538672
-13.061422574086272, -20.847363771257378, -9.86363626362958
-10.112352933539729, -20.8278682537982, -9.87272717272049
-7.168954716254027, -20.80837273633902, -9.881818081811398
-4.231227922229185, -20.788877218879843, -9.890908990902307
-1.2991725514651957, -20.769381701420663, -9.899999899993215
1.627211396037951, -20.749886183961486, -9.909090809084127
4.547923920280228, -20.73039066650231, -9.918181718175035
7.462965021261672, -20.710895149043132, -9.927272627265944
10.372334698982254, -20.69139963158395, -9.936363536356852
13.276032953441998, -20.67190411412477, -9.945454445447762
16.174059784640875, -20.652408596665595, -9.95454535453867
19.01713918379647, -20.27671682531487, -9.96363626362958
20.552478339822205, -17.95556688533542, -9.97272717272049
20.59392204428805, -15.038126587136576, -9.981818081811399
20.57442652682887, -12.123794414062752, -9.990908990902307
20.554931009369692, -9.21513366424977, -9.999999899993217
20.535435491910516, -6.312144337697664, -10.009090809084125
20.515939974451335, -3.4148264344063803, -10.018181718175034
20.496444456992158, -0.5231799543759473, -10.027272627265944
20.47694893953298, 2.36279510239361, -10.036363536356852
20.457453422073804, 5.24309873590234, -10.045454445447762
20.437957904614624, 8.117730946150193, -10.054545354538671
20.418462387155447, 10.986691733137217, -10.06363626362958
20.398966869696267, 13.849981096863393, -10.072727172720489
20.379471352237093, 16.707599037328688, -10.081818081811397
19.576530390748633, 19.37796549477466, -10.090908990902308
16.95953422339316, 20.340480317318352, -10.099999899993216
16.959534223393163, 20.34048031731834, -10.099999899993216
14.079939517792052, 20.320984799859165, -10.109090809084126
11.206016235451791, 20.301489282399988, -10.118181718175034
8.337764376372384, 20.281993764940804, -10.127272627265944
5.475183940553826, 20.262498247481624, -10.136363536356853
2.6182749279961213, 20.243002730022447, -10.145454445447761
-0.232962661300729, 20.22350721256327, -10.15454535453867
-3.0785288273367333, 20.204011695104093, -10.16363626362958
-5.918423570111881, 20.184516177644912, -10.172727172720489
-8.75264688962618, 20.165020660185736, -10.181818081811398
-11.581198785879625, 20.14552514272656, -10.190908990902306
-14.404079258872223, 20.126029625267375, -10.199999899993218
-17.219537309664638, 20.064906287984826, -10.209090809084127
-19.567171928093885, 18.72685771486847, -10.218181718175035
-20.06754307288985, 15.98078824472767, -10.227272627265942
-20.048047555430674, 13.141602429860129, -10.236363536356851
-20.028552037971497, 10.308088038253434, -10.24545444544776
-20.009056520512317, 7.480245069907594, -10.254545354538669
-19.98956100305314, 4.65807352482261, -10.263636263629579
-19.970065485593963, 1.8415734029984745, -10.272727172720487
-19.950569968134786, -0.9692552955648122, -10.281818081811396
-19.931074450675606, -3.77441257086724, -10.290908990902306
-19.911578933216425, -6.573898422908823, -10.299999899993214
-19.89208341575725, -9.367712851689546, -10.309090809084122
-19.87258789829807, -12.155855857209424, -10.318181718175033
-19.853092380838895, -14.938327439468445, -10.327272627265941
-19.65196350454012, -17.695861878049868, -10.336363536356853
-17.801133836910736, -19.59350913123315, -10.34545444544776
-15.021892247475595, -19.79460582846178, -10.35454535453867
-12.223115323341627, -19.7751103110026, -10.36363626362958
-9.430009822468502, -19.755614793543423, -10.372727172720488
-6.642575744856224, -19.736119276084246, -10.3818180818114
-3.860813090504804, -19.71662375862507, -10.390908990902307
-1.0847218594142434, -19.697128241165892, -10.399999899993215
1.6856979484154788, -19.67763272370671, -10.409090809084125
4.450446332984338, -19.658137206247535, -10.418181718175035
7.209523294292357, -19.638641688788354, -10.427272627265944
9.962928832339509, -19.619146171329177, -10.436363536356854
12.710662947125826, -19.599650653869997, -10.445454445447762
15.452725638651287, -19.58015513641082, -10.45454535453867
18.11011281270558, -19.103776557243165, -10.46363626362958
19.48349926086918, -16.84446012108865, -10.47272717272049
19.521668584033268, -14.082846231636884, -10.481818081811399
19.50217306657409, -11.324478198236477, -10.490908990902309
19.482677549114914, -8.571781588096918, -10.499999899993217
19.463182031655737, -5.824756401218217, -10.509090809084126
19.44368651419656, -3.0834026376003725, -10.518181718175034
19.42419099673738, -0.3477202972433686, -10.527272627265944
19.404695479278203, 2.382290619852785, -10.536363536356854
19.385199961819023, 5.106630113688104, -10.545454445447763
19.365704444359846, 7.825298184262538, -10.55454535453867
19.34620892690067, 10.538294831576147, -10.56363626362958
19.326713409441492, 13.245620055628875, -10.572727172720489
19.3046004109241, 15.947163756814819, -10.581818081811399
18.411149307180466, 18.42971662715672, -10.590908990902307
15.887280763138383, 19.268226857063556, -10.599999899993216
15.887280763138392, 19.268226857063546, -10.599999899993216
13.163650197210703, 19.248731339604365, -10.609090809084126
10.445691054543865, 19.22923582214519, -10.618181718175034
7.733403335137879, 19.209740304686008, -10.627272627265944
5.026787038992744, 19.19024478722683, -10.636363536356852
2.3258421661084627, 19.17074926976765, -10.645454445447761
-0.36943128351496735, 19.15125375230847, -10.654545354538671
-3.059033309877549, 19.131758234849297, -10.66363626362958
-5.742963912979274, 19.112262717390117, -10.672727172720489
-8.42122309282015, 19.09276719993094, -10.681818081811398
-11.093810849400171, 19.07327168247176, -10.690908990902306
-13.760727182719343, 19.05377616501258, -10.699999899993218
-16.418591614833517, 18.966334234335616, -10.709090809084127
-18.561803749317658, 17.558640374129535, -10.718181718175037
-18.99528961263506, 14.947525819391226, -10.727272627265942
-18.975794095175882, 12.264304144197109, -10.736363536356851
-18.9562985777167, 9.586753892263838, -10.74545444544776
-18.936803060257525, 6.914875063591424, -10.754545354538669
-18.917307542798348, 4.248667658179855, -10.763636263629579
-18.897812025339167, 1.5881316760291448, -10.772727172720487
-18.87831650787999, -1.0667328828607177, -10.781818081811396
-18.85882099042081, -3.7159260184897267, -10.790908990902306
-18.839325472961633, -6.359447730857886, -10.799999899993214
-18.819829955502453, -8.997298019965191, -10.809090809084122
-18.80033443804328, -11.62947688581165, -10.818181718175033
-18.7808389205841, -14.255984328397252, -10.827272627265941
-18.509980258648973, -16.84692117143733, -10.836363536356853
-16.65444279210852, -18.54449893285716, -10.84545444544776
-14.027620857057489, -18.722352368207005, -10.854545354538672
-11.384808072596943, -18.70285685074783, -10.86363626362958
-8.747666711397237, -18.683361333288644, -10.872727172720488
-6.1161967734583955, -18.663865815829467, -10.881818081811398
-3.4903982587803917, -18.64437029837029, -10.890908990902307
-0.8702711673632446, -18.624874780911114, -10.899999899993217
1.7441845007930388, -18.605379263451937, -10.909090809084127
4.352968745688489, -18.58588374599276, -10.918181718175035
6.956081567323077, -18.566388228533583, -10.927272627265943
9.553522965696809, -18.5468927110744, -10.936363536356852
12.1452929408097, -18.527397193615222, -10.945454445447762
14.731391492661746, -18.507901676156045, -10.95454535453867
17.197799153257698, -17.920047627857446, -10.96363626362958
18.414520181916156, -15.73335335684185, -10.97272717272049
18.449415123778493, -13.12756587613716, -10.981818081811397
18.429919606319316, -10.525161982410166, -10.990908990902307
18.41042408886014, -7.928429511944046, -10.999999899993215
18.39092857140096, -5.337368464738755, -11.009090809084125
18.371433053941782, -2.7519788407943295, -11.018181718175034
18.351937536482605, -0.17226064011075382, -11.027272627265942
18.332442019023425, 2.4017861373119835, -11.036363536356852
18.312946501564248, 4.970161491473858, -11.045454445447763
18.293450984105075, 7.53286542237487, -11.054545354538671
18.273955466645894, 10.089897930015047, -11.063636263629581
18.254459949186717, 12.641259014394352, -11.072727172720489
18.207005674672974, 15.18577264097254, -11.081818081811399
17.211575844828307, 17.447275380754796, -11.090908990902307
14.815027302883607, 18.19597339680876, -11.099999899993216
14.815027302883614, 18.195973396808746, -11.099999899993216
12.247360876629347, 18.17647787934957, -11.109090809084124
9.685365873635932, 18.15698236189039, -11.118181718175034
7.129042293903371, 18.13748684443121, -11.127272627265942
4.5783901374316605, 18.117991326972028, -11.136363536356853
2.033409404220803, 18.09849580951285, -11.145454445447761
-0.5058999057292058, 18.07900029205367, -11.154545354538671
-3.0395377924183595, 18.059504774594497, -11.16363626362958
-5.5675042558466625, 18.040009257135317, -11.172727172720487
-8.089799296014116, 18.02051373967614, -11.1818180818114
-10.60642291292071, 18.00101822221696, -11.190908990902306
-13.117375106566461, 17.981522704757783, -11.199999899993216
-15.613430721654979, 17.846235682904865, -11.209090809084127
-17.555083874313894, 16.38976059645631, -11.218181718175035
-17.923036152380263, 13.914263394054796, -11.227272627265942
-17.903540634921082, 11.387005858534096, -11.23636353635685
-17.884045117461906, 8.865419746274252, -11.24545444544776
-17.864549600002725, 6.34950505727526, -11.254545354538669
-17.845054082543548, 3.8392617915371154, -11.263636263629579
-17.82555856508437, 1.3346899490598316, -11.272727172720487
-17.806063047625194, -1.1642104701566038, -11.281818081811398
-17.786567530166014, -3.657439466112194, -11.290908990902306
-17.767072012706837, -6.144997038806926, -11.299999899993214
-17.747576495247657, -8.626883188240807, -11.309090809084122
-17.72808097778848, -11.103097914413842, -11.318181718175033
-17.708585460329303, -13.573641217326017, -11.327272627265941
-17.36326726973971, -15.995662520599474, -11.336363536356854
-15.507751747306326, -17.495488734481157, -11.345454445447764
-13.03334946663941, -17.65009890795223, -11.35454535453867
-10.546500821852288, -17.63060339049305, -11.36363626362958
-8.065323600326002, -17.611107873033873, -11.372727172720488
-5.589817802060589, -17.591612355574693, -11.3818180818114
-3.119983427056006, -17.572116838115516, -11.390908990902307
-0.6558204753122844, -17.552621320656336, -11.399999899993215
1.8026710531705823, -17.53312580319716, -11.409090809084125
4.255491158392609, -17.51363028573798, -11.418181718175035
6.70263984035377, -17.494134768278805, -11.427272627265943
9.14411709905409, -17.47463925081962, -11.436363536356852
11.57992293449354, -17.455143733360444, -11.445454445447762
14.009913470315617, -17.432227734648148, -11.45454535453867
16.28548549380981, -16.736318698471734, -11.46363626362958
17.345541102963132, -14.622246592595074, -11.47272717272049
17.377161663523715, -12.172285520637455, -11.481818081811399
17.35766614606454, -9.725845766583902, -11.490908990902307
17.33817062860536, -7.285077435791192, -11.499999899993217
17.31867511114618, -4.849980528259337, -11.509090809084126
17.299179593687004, -2.4205550439883265, -11.518181718175034
17.279684076227827, 0.003199017021833162, -11.527272627265944
17.26018855876865, 2.421281654771131, -11.536363536356852
17.240693041309473, 4.833692869259575, -11.545454445447762
17.221197523850293, 7.240432660487164, -11.554545354538671
17.201702006391116, 9.641501028453915, -11.56363626362958
17.18220648893194, 12.036897973159803, -11.572727172720489
17.108557164004182, 14.424345612653799, -11.581818081811399
16.011370543928024, 16.464202295804743, -11.590908990902308
13.74277384262883, 17.12371993655396, -11.599999899993216
13.742773842628836, 17.123719936553954, -11.599999899993216
11.331071556047995, 17.104224419094777, -11.609090809084126
8.925040692728006, 17.084728901635597, -11.618181718175036
6.524681252668868, 17.065233384176416, -11.627272627265942
4.129993235870582, 17.045737866717236, -11.636363536356852
1.7409766423331499, 17.02624234925806, -11.645454445447761
-0.6423685279434338, 17.006746831798882, -11.654545354538671
-3.020042274959165, 16.987251314339705, -11.66363626362958
-5.392044598714043, 16.967755796880525, -11.672727172720489
-7.758375499208071, 16.948260279421348, -11.6818180818114
-10.119034976441244, 16.928764761962167, -11.690908990902308
-12.474023030413573, 16.909269244502987, -11.699999899993216
-14.801708807316093, 16.692630806074334, -11.709090809084127
-16.537780221454845, 15.215693939354896, -11.718181718175037
-16.850782692125467, 12.881000968718357, -11.727272627265942
-16.831287174666286, 10.509707572871083, -11.736363536356851
-16.81179165720711, 8.144085600284662, -11.74545444544776
-16.792296139747933, 5.784135050959091, -11.754545354538669
-16.772800622288752, 3.429855924894372, -11.763636263629579
-16.753305104829575, 1.0812482220905122, -11.772727172720487
-16.7338095873704, -1.2616880574525016, -11.781818081811396
-16.714314069911218, -3.598952913734667, -11.790908990902306
-16.69481855245204, -5.930546346755977, -11.799999899993214
-16.675323034992864, -8.256468356516436, -11.809090809084122
-16.655827517533687, -10.576718943016044, -11.818181718175033
-16.636332000074503, -12.891298106254794, -11.827272627265941
-16.18573471924524, -15.12929987266739, -11.836363536356854
-14.36106070250412, -16.44647853610516, -11.845454445447764
-12.039078076221319, -16.57784544769745, -11.854545354538672
-9.708193571107612, -16.558349930238272, -11.86363626362958
-7.382980489254756, -16.538854412779095, -11.87272717272049
-5.063438830662759, -16.519358895319915, -11.881818081811398
-2.749568595331607, -16.499863377860738, -11.890908990902307
-0.4413697832613136, -16.48036786040156, -11.899999899993215
1.8611576055481334, -16.46087234294238, -11.909090809084127
4.1580135710967285, -16.441376825483204, -11.918181718175035
6.449198113384467, -16.421881308024027, -11.927272627265943
8.73471123241135, -16.402385790564846, -11.936363536356852
11.014552928177391, -16.382890273105666, -11.945454445447762
13.2876413243985, -16.33767449390739, -11.954545354538672
15.373171834361935, -15.552589769086012, -11.963636263629581
16.276562024010104, -13.511139828348291, -11.972727172720488
16.30490820326894, -11.217005165137731, -11.981818081811397
16.285412685809764, -8.926529550757598, -11.990908990902307
16.265917168350587, -6.641725359638313, -11.999999899993217
16.246421650891406, -4.362592591779895, -12.009090809084125
16.22692613343223, -2.0891312471823023, -12.018181718175034
16.207430615973053, 0.17865867415442638, -12.027272627265944
16.187935098513876, 2.440777172230301, -12.036363536356852
16.1684395810547, 4.697224247045312, -12.045454445447762
16.14894406359552, 6.947999898599495, -12.054545354538671
16.12944854613634, 9.19310412689283, -12.06363626362958
16.109953028677165, 11.432536931925286, -12.072727172720489
15.997967663913128, 13.660541203719369, -12.081818081811397
14.81116524302773, 15.481129210854704, -12.090908990902307
12.670520382374054, 16.051466476299165, -12.099999899993216
12.670520382374058, 16.051466476299154, -12.099999899993216
10.414782235466639, 16.031970958839974, -12.109090809084124
8.164715511820072, 16.012475441380793, -12.118181718175034
5.920320211434356, 15.992979923921617, -12.127272627265942
3.681596334309492, 15.973484406462438, -12.136363536356852
1.4485438804454809, 15.953988889003261, -12.145454445447761
-0.7788371501576787, 15.93449337154408, -12.154545354538671
-3.0005467574999867, 15.914997854084906, -12.16363626362958
-5.216584941581444, 15.895502336625725, -12.172727172720489
-7.426951702402049, 15.876006819166548, -12.1818180818114
-9.631647039961802, 15.856511301707368, -12.190908990902306
-11.830670954260704, 15.837015784248193, -12.199999899993216
-13.989986892977235, 15.539025929243802, -12.209090809084127
-15.500391654018228, 14.031784102278973, -12.218181718175035
-15.778529231870667, 11.847738543381906, -12.227272627265943
-15.759033714411489, 9.632409287208052, -12.236363536356851
-15.73953819695231, 7.422751454295055, -12.24545444544776
-15.720042679493133, 5.2187650446429075, -12.254545354538669
-15.700547162033956, 3.0204500582516145, -12.263636263629579
-15.681051644574776, 0.8278064951211699, -12.272727172720487
-15.661556127115597, -1.3591656447484226, -12.281818081811396
-15.64206060965642, -3.5404663613571605, -12.290908990902306
-15.622565092197242, -5.716095654705047, -12.299999899993214
-15.603069574738063, -7.886053524792083, -12.309090809084122
-15.583574057278886, -10.050339971618268, -12.318181718175033
-15.554974547771776, -12.208572052226526, -12.327272627265941
-14.979710696033308, -14.248974173380898, -12.336363536356853
-13.214369657701905, -15.397468337729173, -12.34545444544776
-11.044806685803223, -15.50559198744267, -12.354545354538672
-8.86988632036294, -15.486096469983494, -12.36363626362958
-6.700637378183513, -15.466600952524315, -12.37272717272049
-4.5370598592649385, -15.447105435065136, -12.3818180818114
-2.379153763607209, -15.42760991760596, -12.390908990902307
-0.22691909121034026, -15.408114400146783, -12.399999899993217
1.9196441579256858, -15.388618882687602, -12.409090809084127
4.060535983800851, -15.369123365228425, -12.418181718175036
6.195756386415166, -15.349627847769245, -12.427272627265944
8.325305365768623, -15.330132330310068, -12.436363536356854
10.449182921861247, -15.31063681285089, -12.445454445447762
12.565067600071771, -15.235951601936849, -12.45454535453867
14.439298369893173, -14.347301034679404, -12.463636263629581
15.207582945057082, -12.400033064101498, -12.47272717272049
15.232654743014164, -10.261724809638022, -12.4818180818114
15.213159225554985, -8.127213334931312, -12.490908990902309
15.193663708095807, -5.998373283485457, -12.499999899993218
15.17416819063663, -3.8752046553004442, -12.509090809084126
15.154672673177451, -1.7577074503762886, -12.518181718175036
15.135177155718274, 0.354118331287025, -12.527272627265946
15.115681638259097, 2.4602726896894733, -12.536363536356854
15.096186120799919, 4.5607556248310805, -12.545454445447763
15.076690603340742, 6.655567136711827, -12.554545354538671
15.057195085881563, 8.744707225331707, -12.563636263629583
15.037699568422385, 10.828175890690762, -12.57272717272049
14.834711296402665, 12.886423863496196, -12.581818081811399
13.610959942127437, 14.498056125904663, -12.590908990902307
11.598266922119276, 14.979213016044369, -12.599999899993216
11.59826692211928, 14.979213016044357, -12.599999899993216
9.498492914885286, 14.959717498585178, -12.609090809084124
7.404390330912143, 14.940221981126, -12.618181718175034
5.315959170199853, 14.920726463666822, -12.627272627265942
3.233199432748414, 14.901230946207644, -12.636363536356853
1.1561111185578266, 14.881735428748463, -12.645454445447761
-0.9153057723719076, 14.862239911289285, -12.654545354538671
-2.9810512400407907, 14.842744393830108, -12.66363626362958
-5.041125284448822, 14.82324887637093, -12.672727172720489
-7.0955279055960006, 14.80375335891175, -12.681818081811398
-9.14425910348233, 14.784257841452572, -12.690908990902308
-11.187215292113283, 14.762299695936346, -12.699999899993218
-13.170754234668529, 14.370095451191013, -12.709090809084127
-14.463003086581594, 12.847874265203076, -12.718181718175037
-14.706275771615868, 10.81447611804547, -12.727272627265943
-14.686780254156691, 8.755111001545046, -12.736363536356851
-14.66728473669751, 6.701417308305471, -12.745454445447761
-14.647789219238334, 4.653395038326745, -12.754545354538669
-14.628293701779157, 2.6110441916088782, -12.763636263629579
-14.608798184319978, 0.5743647681518589, -12.772727172720487
-14.5893026668608, -1.456643232044311, -12.781818081811394
-14.569807149401623, -3.481979808979622, -12.790908990902306
-14.550311631942442, -5.501644962654083, -12.799999899993214
-14.530816114483265, -7.515638693067697, -12.809090809084122
-14.511320597024088, -9.523961000220458, -12.818181718175033
-14.456912745687866, -11.52514335994157, -12.827272627265943
-13.773686672821396, -13.368648474094375, -12.836363536356853
-12.067678612899723, -14.34845813935317, -12.84545444544776
-10.050535295385163, -14.433338527187896, -12.85454535453867
-8.031579069618303, -14.413843009728717, -12.86363626362958
-6.018294267112305, -14.394347492269539, -12.872727172720488
-4.010680887867149, -14.374851974810362, -12.881818081811398
-2.0087389318828412, -14.355356457351183, -12.890908990902307
-0.01246839915939471, -14.335860939892004, -12.899999899993215
1.9781307103032142, -14.316365422432826, -12.909090809084125
3.9630583965049526, -14.296869904973647, -12.918181718175035
5.942314659445849, -14.27737438751447, -12.927272627265943
7.915899499125894, -14.257878870055293, -12.936363536356852
9.883812915545082, -14.238383352596113, -12.945454445447762
11.836521447768805, -14.103728257322246, -12.954545354538672
13.48365299688902, -13.120240391737461, -12.96363626362958
14.138603866104056, -11.288926299854737, -12.97272717272049
14.160401282759388, -9.306444454138342, -12.981818081811397
14.14090576530021, -7.327897119105051, -12.990908990902307
14.121410247841034, -5.355021207332611, -12.999999899993215
14.101914730381855, -3.3878167188210315, -13.009090809084125
14.082419212922677, -1.4262836535702816, -13.018181718175033
14.0629236954635, 0.5295779884195947, -13.027272627265942
14.043428178004321, 2.479768207148629, -13.036363536356852
14.023932660545144, 4.424287002616814, -13.04545444544776
14.004437143085966, 6.363134374824132, -13.05454535453867
13.984941625626789, 8.296310323770609, -13.063636263629578
13.965446108167612, 10.223814849456234, -13.072727172720487
13.669484788632763, 12.111920741431035, -13.081818081811399
12.410754641227152, 13.514983040954615, -13.090908990902308
10.526013461864503, 13.906959555789568, -13.099999899993216
10.526013461864501, 13.90695955578956, -13.099999899993216
8.58220359430393, 13.887464038330382, -13.109090809084126
6.644065150004211, 13.867968520871205, -13.118181718175036
4.711598128965344, 13.848473003412026, -13.127272627265942
2.784802531187328, 13.828977485952848, -13.136363536356852
0.8636783566701642, 13.80948196849367, -13.145454445447761
-1.051774394586148, 13.789986451034489, -13.154545354538671
-2.9615557225816085, 13.770490933575312, -13.16363626362958
-4.865665627316217, 13.750995416116131, -13.172727172720489
-6.764104108789975, 13.731499898656956, -13.181818081811398
-8.65687116700288, 13.712004381197776, -13.190908990902306
-10.543145863944371, 13.672992084589493, -13.19999989999322
-12.324129913878387, 13.145272547874841, -13.209090809084127
-13.425614519144972, 11.663964428127175, -13.218181718175035
-13.634022311361074, 9.781213692709034, -13.227272627265942
-13.614526793901895, 7.877812715882032, -13.236363536356851
-13.595031276442715, 5.9800831623158786, -13.24545444544776
-13.575535758983538, 4.088025032010576, -13.254545354538669
-13.55604024152436, 2.2016383249661313, -13.263636263629579
-13.536544724065182, 0.3209230411825395, -13.272727172720488
-13.517049206606004, -1.554120819340207, -13.281818081811394
-13.497553689146827, -3.423493256602094, -13.290908990902306
-13.478058171687646, -5.287194270603138, -13.299999899993214
-13.45856265422847, -7.145223861343325, -13.309090809084124
-13.439067136769292, -8.997582028822666, -13.318181718175033
-13.34130443608751, -10.839345145845503, -13.327272627265943
-12.559863758971472, -12.480523884169878, -13.336363536356853
-10.920500161763428, -13.296958816977611, -13.34545444544776
-9.056263904967071, -13.361085066933121, -13.35454535453867
-7.193271818873634, -13.341589549473941, -13.36363626362958
-5.3359511560410535, -13.322094032014764, -13.372727172720488
-3.484301916469321, -13.302598514555587, -13.381818081811398
-1.6383241001584368, -13.283102997096409, -13.390908990902307
0.2019822928915929, -13.26360747963723, -13.399999899993215
2.036617262680772, -13.244111962178053, -13.409090809084125
3.8655808092090966, -13.224616444718876, -13.418181718175035
5.688872932476572, -13.205120927259696, -13.427272627265943
7.506493632483192, -13.185625409800517, -13.436363536356854
9.318442909228953, -13.166129892341338, -13.44545444544776
11.101066339977796, -12.936221729633088, -13.45454535453867
12.522875005765194, -11.888047130675774, -13.46363626362958
13.069624787151032, -10.177819535607933, -13.47272717272049
13.08814782250461, -8.351164098638614, -13.481818081811397
13.068652305045433, -6.528580903278752, -13.490908990902307
13.049156787586256, -4.711669131179729, -13.499999899993217
13.029661270127077, -2.900428782341572, -13.509090809084125
13.010165752667898, -1.0948598567642625, -13.518181718175033
12.990670235208722, 0.7050376455521901, -13.527272627265942
12.971174717749545, 2.4992637246078058, -13.536363536356852
12.951679200290366, 4.287818380402556, -13.545454445447762
12.93218368283119, 6.070701612936454, -13.554545354538671
12.91268816537201, 7.847913422209517, -13.563636263629581
12.882654365098887, 9.619010534418061, -13.572727172720487
12.4813769055986, 11.32620395480583, -13.581818081811397
11.204492153573108, 12.519550324376862, -13.590908990902307
9.453760001609723, 12.834706095534774, -13.599999899993216
9.453760001609723, 12.834706095534761, -13.599999899993218
7.665914273722574, 12.815210578075584, -13.609090809084126
5.883739969096279, 12.795715060616404, -13.618181718175036
4.107237087730834, 12.776219543157225, -13.627272627265944
2.3364056296262414, 12.756724025698048, -13.636363536356855
0.5712455947824999, 12.737228508238868, -13.645454445447763
-1.1882430168003897, 12.717732990779691, -13.654545354538673
-2.9420602051224263, 12.698237473320514, -13.663636263629583
-4.690205970183612, 12.678741955861334, -13.672727172720489
-6.432680311983947, 12.659246438402159, -13.6818180818114
-8.169483230523428, 12.639750920942976, -13.690908990902308
-9.89748101537198, 12.560646509963092, -13.699999899993218
-11.475792174753245, 11.916953430836717, -13.709090809084127
-12.38822595170835, 10.480054591051257, -13.718181718175037
-12.561768851106276, 8.747951267372578, -13.727272627265942
-12.542273333647099, 7.000514430218998, -13.736363536356851
-12.52277781618792, 5.25874901632627, -13.745454445447761
-12.503282298728744, 3.522655025694393, -13.75454535453867
-12.483786781269565, 1.7922324583233682, -13.763636263629579
-12.464291263810388, 0.06748131421319595, -13.772727172720487
-12.444795746351211, -1.6515984066361251, -13.781818081811396
-12.42530022889203, -3.36500670422459, -13.790908990902306
-12.405804711432854, -5.07274357855221, -13.799999899993216
-12.386309193973673, -6.774809029618973, -13.809090809084124
-12.366813676514496, -8.47120305742489, -13.818181718175033
-12.185631875414092, -10.14570177427763, -13.827272627265941
-11.31764847951958, -11.564006928643437, -13.836363536356853
-9.771698865217243, -12.23717182336189, -13.84545444544776
-8.061992514548965, -12.288831606678345, -13.854545354538672
-6.354964568128958, -12.269336089219166, -13.86363626362958
-4.653608044969795, -12.249840571759986, -13.87272717272049
-2.9579229450714917, -12.230345054300809, -13.8818180818114
-1.2679092684340372, -12.210849536841632, -13.890908990902307
0.4164329849425701, -12.191354019382455, -13.899999899993217
2.0951038150583186, -12.171858501923277, -13.909090809084125
3.768103221913223, -12.152362984464098, -13.918181718175035
5.435431205507264, -12.132867467004917, -13.927272627265943
7.097087765840458, -12.11337194954574, -13.936363536356854
8.752592564628074, -12.082456987379203, -13.945454445447762
10.363782010186357, -11.759373590923794, -13.954545354538672
11.562097014641362, -10.655853869614106, -13.96363626362958
12.000645708198007, -9.066712771361148, -13.97272717272049
12.015894362249835, -7.395883743138906, -13.981818081811397
11.996398844790656, -5.729264687452461, -13.990908990902307
11.976903327331478, -4.068317055026877, -13.999999899993217
11.9574078098723, -2.4130408458621355, -14.009090809084125
11.937912292413124, -0.7634360599582455, -14.018181718175033
11.918416774953945, 0.8804973026847809, -14.027272627265944
11.898921257494766, 2.5187592420669693, -14.036363536356852
11.87942574003559, 4.151349758188305, -14.045454445447762
11.859930222576411, 5.778268851048775, -14.05454535453867
11.840434705117232, 7.399516520648409, -14.06363626362958
11.772643582765951, 9.013061299730442, -14.072727172720489
11.233004253996402, 10.510952715303334, -14.081818081811399
