-2.2560709267376876e-16, -0.16614297813328452, 0.9861016736711297
0.02571856560350563, -0.16575313403297715, 0.9858318588590774
0.05222954059195733, -0.16161681822661605, 0.9854704861921832
0.07734846030458417, -0.15121222854539473, 0.9854704854164053
0.09901937193548764, -0.13539095487599712, 0.9858318585434674
0.11748080922631468, -0.11748084374281895, 0.986101673671131
0.13539092127539928, -0.09901941094236098, 0.9858318592401173
0.15121219996721366, -0.07734850407528196, 0.9854704863659751
0.16161680843848528, -0.052229588228717296, 0.9854704852727029
0.16575313085576895, -0.025718606317799396, 0.9858318583311154
0.16614297813328519, -3.378932241849659e-08, 0.9861016736711289
0.1657531358737426, 0.025718535304945684, 0.9858318593400138
0.1616168244827128, 0.05222951751335546, 0.9854704863893419
0.15121223681049822, 0.07734844589203951, 0.9854704852794182
0.13539096088336297, 0.0990193651509517, 0.9858318583998907
0.11748084506547192, 0.11748080790367837, 0.9861016736711289
0.09901940709942393, 0.13539092467814823, 0.9858318591587891
0.0773484931670627, 0.15121220622273712, 0.9854704862622915
0.05222956904909438, 0.1616168136376957, 0.9854704854365472
0.02571857994126735, 0.16575313245828605, 0.9858318587497924
1.510554375252097e-17, 0.1661429781332844, 0.9861016736711297
0.0, 0.16614297813328374, 0.9861016736711297
-0.025718565603410234, 0.16575313403298092, 0.9858318588590794
-0.052229540591845064, 0.16161681822665186, 0.9854704861921832
-0.07734846030440123, 0.1512122285455134, 0.9854704854164014
-0.09901937193525824, 0.1353909548762175, 0.9858318585434603
-0.11748080922605038, 0.11748084374310765, 0.9861016736711281
-0.13539092127508012, 0.09901941094274705, 0.9858318592401223
-0.15121219996691346, 0.07734850407582426, 0.9854704863659786
-0.16161680843830084, 0.05222958822941607, 0.9854704852726961
-0.16575313085572113, 0.02571860631863278, 0.9858318583311018
-0.16614297813328477, 3.3790248704846364e-08, 0.986101673671129
-0.165753135873804, -0.0257185353038873, 0.9858318593400311
-0.16161682448299572, -0.05222951751232698, 0.98547048638935
-0.15121223681104698, -0.07734844589108625, 0.9854704852794088
-0.13539096088406663, -0.09901936515015734, 0.9858318583998738
-0.11748084506610726, -0.11748080790303922, 0.9861016736711292
-0.09901940710003039, -0.13539092467760738, 0.9858318591588024
-0.07734849316763812, -0.15121220622239917, 0.9854704862622982
-0.05222956904956012, -0.16161681363756555, 0.985470485436544
-0.02571857994154462, -0.16575313245826204, 0.9858318587497892
-0.0, -0.1661429781332845, 0.9861016736711296
-6.788778110607687e-16, -0.5311681118253918, 0.8472664498136628
0.07857162356411589, -0.5275993731314, 0.8458518791383351
0.16333775801857056, -0.510995578275038, 0.8439219725714141
0.24582990164851207, -0.4768263807577593, 0.8439219525933302
0.3175092994943792, -0.42862865292169827, 0.8458518325505472
0.375591661777817, -0.37559348586491065, 0.847266449813058
0.42862683251917966, -0.3175115473848101, 0.8458519112243458
0.4768251477951123, -0.2458321761650862, 0.8439219866741874
0.5109949054279759, -0.1633400283071191, 0.8439219405722803
0.5275991380454587, -0.07857388832200163, 0.8458518153953746
0.5311681118243889, -1.6955111696238316e-06, 0.847266449812595
0.5275995361813954, 0.07857010687462045, 0.8458519183207466
0.5109959177559157, 0.1633366173095861, 0.8439219877942815
0.47682674785926843, 0.2458292253523136, 0.8439219421774948
0.42862886903387815, 0.3175090321601537, 0.845851823387206
0.37559346468047317, 0.37559168296232204, 0.8472664498130731
0.3175112278037243, 0.4286270908706069, 0.8458519002700012
0.24583143685683181, 0.4768255491059503, 0.8439219752872386
0.1633388356877511, 0.5109952588418706, 0.8439219574091549
0.0785723571618229, 0.5275992985531313, 0.8458518575118686
0.0, 0.5311681118253933, 0.847266449813662
0.0, 0.5311681118253928, 0.8472664498136623
-0.07857162356401771, 0.5275993731314168, 0.8458518791383337
-0.1633377580183989, 0.5109955782751007, 0.8439219725714092
-0.24582990164824461, 0.47682638075793526, 0.8439219525933087
-0.3175092994940325, 0.42862865292202634, 0.8458518325505111
-0.37559166177743586, 0.37559348586534774, 0.8472664498130332
-0.4286268325186419, 0.31751154738553033, 0.845851911224348
-0.47682514779467766, 0.24583217616593853, 0.8439219866741847
-0.5109949054277422, 0.1633400283079468, 0.8439219405722618
-0.5275991380453904, 0.07857388832264928, 0.8458518153953569
-0.5311681118243853, 1.6955116338075969e-06, 0.8472664498125975
-0.5275995361814303, -0.07857010687423502, 0.8458519183207609
-0.5109959177559921, -0.16333661730929122, 0.8439219877942922
-0.47682674785936796, -0.24582922535211954, 0.8439219421774952
-0.4286288690339453, -0.3175090321600621, 0.8458518233872062
-0.375593464680487, -0.37559168296230555, 0.8472664498130743
-0.31751122780365476, -0.4286270908706667, 0.845851900269997
-0.24583143685669695, -0.4768255491060236, 0.8439219752872363
-0.16333883568756852, -0.5109952588419264, 0.8439219574091564
-0.07857235716138665, -0.527599298553169, 0.8458518575118857
-0.0, -0.5311681118253925, 0.8472664498136624
-8.862673362585434e-16, -0.7058058638178181, 0.7084053095512369
0.10281617972385983, -0.6987885750668661, 0.707900671381946
0.21462243637165962, -0.673616893723197, 0.7072322746429237
0.3245556763618719, -0.6280813154745577, 0.7072322631873046
0.42141377871284574, -0.56682193084092, 0.7079006468627725
0.4990784958313586, -0.49908172917760335, 0.7084053095508261
0.5668187887161502, -0.42141793947847794, 0.7079006858621272
0.6280791221019577, -0.32455988721662654, 0.7072322786677406
0.6736155897383008, -0.21462658530581738, 0.7072322575657064
0.6987880098961532, -0.10282024644035824, 0.7079006386120283
0.705805863812135, -3.011066818056461e-06, 0.7084053095504999
0.6987889591941483, 0.10281344564468187, 0.7079006892940753
0.6736175502373567, 0.21462036077683969, 0.7072322792069387
0.6280819677449234, 0.32455442473888463, 0.707232258297143
0.5668223103994573, 0.4214132756701171, 0.7079006424085257
0.4990816971846067, 0.49907852782455686, 0.7084053095508288
0.4214173540747125, 0.5668192304251543, 0.7079006806783734
0.324558537151058, 0.6280798256865053, 0.7072322733925357
0.21462443356163458, 0.6736162671145681, 0.7072322653817361
0.10281749909805496, 0.6987883931055173, 0.7079006593726483
0.0, 0.70580586381782, 0.708405309551235
0.0, 0.7058058638178191, 0.7084053095512357
-0.1028161797240829, 0.6987885750668403, 0.7079006713819389
-0.21462243637191944, 0.6736168937231274, 0.7072322746429113
-0.32455567636215804, 0.6280813154744315, 0.7072322631872855
-0.4214137787131116, 0.5668219308407576, 0.7079006468627445
-0.4990784958316188, 0.4990817291773911, 0.7084053095507925
-0.566818788716405, 0.42141793947819023, 0.7079006858620945
-0.6280791221021331, 0.32455988721634454, 0.7072322786677142
-0.673615589738387, 0.21462658530559425, 0.7072322575656922
-0.6987880098961743, 0.10282024644026304, 0.7079006386120213
-0.7058058638121386, 3.011066772635336e-06, 0.7084053095504962
-0.6987889591941622, -0.10281344564460566, 0.7079006892940728
-0.6736175502373816, -0.2146203607767535, 0.7072322792069411
-0.628081967744908, -0.3245544247389126, 0.7072322582971438
-0.5668223103993052, -0.4214132756703176, 0.707900642408528
-0.4990816971843066, -0.49907852782486, 0.7084053095508265
-0.42141735407412306, -0.5668192304256046, 0.7079006806783636
-0.32455853715018534, -0.6280798256869635, 0.7072322733925293
-0.21462443356063612, -0.6736162671148854, 0.7072322653817369
-0.10281749909723542, -0.6987883931056317, 0.7079006593726547
-0.0, -0.7058058638178187, 0.7084053095512363
-1.0329584622566392e-15, -0.8221084670390109, 0.5693308953699664
0.11953374917884127, -0.8120585541583835, 0.5712027550926602
0.24865871193036046, -0.7803533345575567, 0.5737747974824582
0.37596208639043704, -0.7276228084896702, 0.5737748322840193
0.4896862413832684, -0.6587372099995431, 0.5712028301417501
0.581316606265802, -0.5813203375551053, 0.5693308953714254
0.6587337080414084, -0.4896911123290041, 0.571202692917321
0.7276203510404338, -0.3759669410430401, 0.5737747676523735
0.7803517836842602, -0.24866344832710052, 0.5737748540733282
0.8120577931936791, -0.11953841128818064, 0.5712028612849462
0.8221084670299255, -3.4744472518394458e-06, 0.5693308953724837
0.8120590683799281, 0.11953061474186955, 0.571202679966887
0.7803541133333823, 0.24865634157300373, 0.573774765565026
0.7276235390751598, 0.3759606435174434, 0.5737748512349503
0.6587376327911472, 0.48968565303116446, 0.5712028469468248
0.5813203003527954, 0.5813166434684122, 0.5693308953713604
0.4896904268345433, 0.6587342006475622, 0.5712027124969034
0.3759653837639442, 0.7276211395661045, 0.573774788107454
0.24866099070008157, 0.7803525890989769, 0.5737748237685034
0.11953526148376448, 0.8120583081907329, 0.5712027882988779
0.0, 0.8221084670390122, 0.5693308953699644
0.0, 0.8221084670390124, 0.5693308953699642
-0.11953374917821813, 0.8120585541584883, 0.5712027550926416
-0.24865871192960406, 0.7803533345578111, 0.5737747974824399
-0.3759620863896545, 0.7276228084900811, 0.5737748322840107
-0.4896862413825892, 0.6587372100000563, 0.5712028301417409
-0.5813166062653348, 0.5813203375556073, 0.56933089537139
-0.6587337080409844, 0.4896911123296351, 0.571202692917269
-0.727620351040128, 0.3759669410436895, 0.5737747676523356
-0.7803517836841278, 0.24866344832755646, 0.5737748540733104
-0.812057793193669, 0.1195384112883397, 0.5712028612849275
-0.8221084670299386, 3.4744471327908247e-06, 0.5693308953724651
-0.8120590683798677, -0.11953061474231656, 0.5712026799668793
-0.7803541133331974, -0.24865634157359656, 0.5737747655650206
-0.7276235390748703, -0.375960643518033, 0.5737748512349312
-0.6587376327908074, -0.4896856530316475, 0.5712028469468022
-0.5813203003524084, -0.5813166434688083, 0.5693308953713511
-0.48969042683400077, -0.6587342006479605, 0.571202712496909
-0.3759653837633224, -0.7276211395664206, 0.5737747881074604
-0.24866099069946712, -0.7803525890991803, 0.5737748237684932
-0.11953526148336201, -0.8120583081908004, 0.5712027882988663
-0.0, -0.8221084670390112, 0.569330895369966
-1.102212902209806e-15, -0.8660254037844348, 0.5000000000000068
0.1269111188656012, -0.8546398932359281, 0.5034721648690845
0.26204552426776173, -0.8204295768017554, 0.5081608531952518
0.39483490073372235, -0.7654266108167661, 0.508160904257845
0.5145796717019779, -0.6940629850017618, 0.5034722776097297
0.6123708732675631, -0.6123739981186762, 0.5000000000016697
0.6940601339315153, -0.514583712738219, 0.5034720777476315
0.7654246416630244, -0.3948388330002309, 0.5081608149887656
0.8204283072457925, -0.26204934072757685, 0.5081609348366379
0.8546392317764061, -0.12691494989798974, 0.5034723219810849
0.8660254037778974, -2.9034422573734055e-06, 0.5000000000028997
0.8546403373867627, 0.12690854638093224, 0.5034720593706458
0.8204302154915546, 0.26204360425917234, 0.5081608121208715
0.7654271958021776, 0.394833732549142, 0.5081609307765871
0.6940633239004922, 0.5145791913520447, 0.5034723013668936
0.6123739631366825, 0.6123709082497868, 0.5000000000016044
0.5145831419301681, 0.6940605366555821, 0.5034721059787145
0.39483755975858587, 0.7654252792642504, 0.5081608438940661
0.26204734185153217, 0.8204289721796318, 0.5081608920773214
0.12691236494139366, 0.8546396780927873, 0.5034722159706922
0.0, 0.8660254037844353, 0.5000000000000058
0.0, 0.8660254037844353, 0.5000000000000058
-0.12691111886536413, 0.8546398932359691, 0.5034721648690748
-0.26204552426745614, 0.8204295768018559, 0.5081608531952473
-0.39483490073342403, 0.7654266108169142, 0.5081609042578537
-0.5145796717017158, 0.6940629850019469, 0.5034722776097426
-0.6123708732673014, 0.6123739981189398, 0.5000000000016673
-0.6940601339311944, 0.5145837127386803, 0.5034720777476026
-0.7654246416627258, 0.39483883300084566, 0.5081608149887379
-0.820428307245528, 0.2620493407284124, 0.508160934836634
-0.854639231776252, 0.1269149498989742, 0.5034723219810981
-0.8660254037779147, 2.903443269482779e-06, 0.5000000000028699
-0.8546403373869745, -0.12690854637979931, 0.503472059370572
-0.820430215491927, -0.2620436042580954, 0.5081608121208253
-0.7654271958026098, -0.39483373254830356, 0.5081609307765879
-0.6940633239008519, -0.5145791913515485, 0.5034723013669051
-0.6123739631369649, -0.6123709082495128, 0.500000000001594
-0.5145831419302958, -0.6940605366554972, 0.5034721059787008
-0.39483755975862606, -0.7654252792642329, 0.5081608438940614
-0.26204734185155704, -0.8204289721796248, 0.5081608920773198
-0.12691236494140104, -0.8546396780927865, 0.5034722159706919
-0.0, -0.8660254037844348, 0.5000000000000068
-1.1186783034197617e-15, -0.866025403784435, 0.5000000000000062
0.12816932658644023, -0.8544367822196548, 0.5034981717072075
0.26268835480784203, -0.820219584119627, 0.5081679467213328
0.39423246895226866, -0.7657323686799739, 0.5081679840166586
0.5135469423194491, -0.6948086387896935, 0.5034982557045828
0.6123712526848496, -0.6123736187036872, 0.5000000000009391
0.6948065226672852, -0.513549951045005, 0.5034981070874729
0.7657309318022198, -0.39423534390994114, 0.5081679187960557
0.8202186553741765, -0.26269113948010314, 0.5081680062881004
0.8544362870239671, -0.12817216971103498, 0.5034982883071824
0.8660254037807334, -2.190763383815418e-06, 0.5000000000016182
0.8544371134701951, 0.12816742470811698, 0.5034980937088143
0.8202200504890066, 0.2626869564750984, 0.508167916808668
0.7657327914148421, 0.3942316231244344, 0.5081680032043612
0.6948088829200364, 0.5135465952105609, 0.5034982728501176
0.6123735856091982, 0.6123712857795032, 0.5000000000008921
0.5135495197872867, 0.6948068259843425, 0.5034981283895807
0.3942344014101882, 0.7657314028563293, 0.5081679401776822
0.26268966581470027, 0.8202191468730526, 0.508167974765237
0.12817024907933422, 0.8544366215475145, 0.5034982095394294
0.0, 0.8660254037844354, 0.5000000000000057
0.0, 0.8660254037844354, 0.5000000000000057
-0.12816932658686495, 0.8544367822195809, 0.5034981717072249
-0.2626883548086588, 0.8202195841193538, 0.5081679467213517
-0.39423246895342456, 0.7657323686793959, 0.5081679840166329
-0.5135469423208583, 0.6948086387887037, 0.5034982557045117
-0.6123712526863889, 0.6123736187021523, 0.5000000000009338
-0.694806522668975, 0.5135499510426114, 0.5034981070875822
-0.7657309318037634, 0.39423534390686954, 0.5081679187961127
-0.820218655375325, 0.26269113947668976, 0.5081680062880112
-0.8544362870245735, 0.1281721697076146, 0.5034982883070238
-0.8660254037807446, 2.190760158661782e-06, 0.5000000000015992
-0.8544371134695719, -0.1281674247117559, 0.5034980937089458
-0.8202200504878029, -0.2626869564787376, 0.5081679168087295
-0.7657327914132025, -0.3942316231277339, 0.5081680032042724
-0.6948088829181481, -0.5135465952132573, 0.5034982728499731
-0.6123735856072469, -0.6123712857814623, 0.5000000000008824
-0.5135495197850215, -0.6948068259859407, 0.5034981283896859
-0.39423440140800786, -0.7657314028574215, 0.5081679401777279
-0.2626896658130557, -0.8202191468736025, 0.5081679747651998
-0.1281702490782302, -0.8544366215477072, 0.5034982095393832
-0.0, -0.866025403784435, 0.5000000000000062
-1.1359203334588063e-15, -0.8660254037844353, 0.5000000000000057
0.12947553474104187, -0.8542241866319262, 0.50352470135689
0.26334955140166727, -0.8200031018502032, 0.5081750945614966
0.3936123748211423, -0.7660465688973779, 0.5081751200798947
0.5124735075597462, -0.6955815700612524, 0.5035247595109238
0.6123716044714419, -0.6123732669186469, 0.5000000000004557
0.6955801136953029, -0.512475584974752, 0.5035246570292412
0.7660455929069017, -0.3936143315629563, 0.5081750757132435
0.8200024690841244, -0.2633514435515891, 0.5081751350422743
0.854223842819733, -0.12947749102852024, 0.5035247815899907
0.8660254037826378, -1.531258844815851e-06, 0.5000000000007743
0.8542244148224181, 0.1294742363257257, 0.5035246481049043
0.820003415618297, 0.263348613141778, 0.5081750744877482
0.7660468494594185, 0.3936118123265047, 0.508175132833498
0.6955817302386577, 0.5124732790759136, 0.5035247707823082
0.6123732363589426, 0.6123716350312526, 0.5000000000004251
0.512475280138137, 0.6955803274007596, 0.5035246720672087
0.393613682327726, 0.7660459167353071, 0.5081750904339675
0.26335043444597617, 0.820002806546204, 0.5081751134534868
0.1294761671773172, 0.854224075483634, 0.5035247272947002
0.0, 0.8660254037844356, 0.5000000000000052
0.0, 0.8660254037844356, 0.5000000000000052
-0.12947553474155282, 0.854224186631837, 0.50352470135691
-0.26334955140254995, 0.8200031018499079, 0.5081750945615158
-0.39361237482238165, 0.76604656889676, 0.5081751200798661
-0.5124735075611747, 0.6955815700602536, 0.5035247595108497
-0.6123716044728951, 0.6123732669171996, 0.5000000000004483
-0.6955801136968282, 0.5124755849725865, 0.5035246570293384
-0.7660455929082609, 0.393614331560246, 0.5081750757132935
-0.8200024690851166, 0.2633514435486414, 0.5081751350422006
-0.8542238428202376, 0.12947749102568096, 0.5035247815898646
-0.8660254037826434, 1.5312563207992074e-06, 0.5000000000007646
-0.8542244148219834, -0.12947423632823038, 0.5035246481049974
-0.8200034156175534, -0.26334861314401986, 0.5081750744877864
-0.7660468494585467, -0.3936118123282658, 0.508175132833448
-0.6955817302377911, -0.5124732790771592, 0.5035247707822375
-0.6123732363581391, -0.612371635032063, 0.5000000000004164
-0.5124752801372817, -0.695580327401364, 0.5035246720672443
-0.3936136823269615, -0.7660459167356912, 0.5081750904339805
-0.26335043444539247, -0.8200028065464008, 0.5081751134534718
-0.12947616717739363, -0.8542240754836209, 0.5035247272947027
-0.0, -0.8660254037844353, 0.5000000000000058
-1.1539952667327924e-15, -0.8660254037844357, 0.500000000000005
0.13083245757353323, -0.8540014629317371, 0.5035517543964299
0.2640299281362208, -0.8197798202735381, 0.5081822933954583
0.39297390427729606, -0.7663695277818754, 0.5081823072918261
0.5113570591777806, -0.696383196594924, 0.5035517863430602
0.6123719687381123, -0.612372902653003, 0.5000000000001442
0.6963823961693746, -0.5113582048008897, 0.5035517299029084
0.7663689874211916, -0.39297498989616475, 0.5081822826851865
0.8197794651996775, -0.2640309869775753, 0.5081823160565293
0.8540012676896687, -0.13083355824585813, 0.5035517995411858
0.8660254037838454, -8.811328844173741e-07, 0.5000000000002509
0.8540015933725471, 0.13083172221246503, 0.5035517242350295
0.819780003493505, 0.264029381767087, 0.5081822817020275
0.7663696991242375, 0.3929735600388994, 0.5081823150942771
0.6963833039600555, 0.5113569055092201, 0.5035517939137061
0.6123729033213181, 0.6123719680697965, 0.5000000000001438
0.5113580527722613, 0.696382502389092, 0.5035517373927603
0.39297464749947036, 0.7663691578473816, 0.5081822904460194
0.26403044255981956, 0.8197796477659461, 0.5081823044050306
0.13083282485419565, 0.8540013977821277, 0.5035517694605424
0.0, 0.8660254037844358, 0.5000000000000047
0.0, 0.8660254037844358, 0.5000000000000047
-0.13083245757332554, 0.8540014629317744, 0.5035517543964207
-0.264029928135617, 0.8197798202737409, 0.5081822933954449
-0.3929739042763544, 0.7663695277823449, 0.5081823072918461
-0.5113570591767833, 0.6963831965956244, 0.5035517863431044
-0.6123719687368041, 0.6123729026543184, 0.5000000000001353
-0.6963823961677018, 0.5113582048032946, 0.5035517299027794
-0.7663689874194347, 0.3929749898997075, 0.5081822826850961
-0.8197794651981343, 0.2640309869821899, 0.5081823160566212
-0.8540012676888002, 0.13083355825076365, 0.503551799541384
-0.8660254037838465, 8.81137268158156e-07, 0.5000000000002492
-0.8540015933733187, -0.1308317222081232, 0.5035517242348491
-0.8197800034948461, -0.26402938176309465, 0.508182281701938
-0.7663696991259822, -0.3929735600354033, 0.5081823150943496
-0.6963833039621209, -0.5113569055062718, 0.5035517939138436
-0.6123729033234058, -0.6123719680677151, 0.5000000000001363
-0.5113580527742604, -0.6963825023876998, 0.5035517373926557
-0.3929746475011747, -0.7663691578465358, 0.5081822904459767
-0.26403044256105734, -0.8197796477655324, 0.5081823044050549
-0.13083282485488862, -0.8540013977820058, 0.5035517694605693
-0.0, -0.8660254037844357, 0.500000000000005
-1.1729649490619408e-15, -0.8660254037844362, 0.5000000000000042
0.13224293965146006, -0.8537679234947516, 0.5035793261481257
0.26473022988047434, -0.8195494493724128, 0.5081895369060705
0.3923161552797502, -0.7667016515579035, 0.5081895431872818
0.5101949556064752, -0.697215143983458, 0.5035793386089553
0.6123722495074247, -0.612372621884085, 0.5000000000000279
0.6972148319564091, -0.5101954037760147, 0.5035793165587974
0.7667014229583945, -0.3923166155422979, 0.5081895327562442
0.8195492973832406, -0.26473068182787485, 0.5081895465843282
0.8537678465119465, -0.1322433695097277, 0.5035793437811632
0.8660254037843448, -3.516819647540047e-07, 0.5000000000000387
0.8537679750850773, 0.13224265157913634, 0.5035793143313633
0.8195495206036284, 0.2647300180707025, 0.5081895323702056
0.7667017179683805, 0.3923160215686698, 0.5081895462176145
0.697215186189475, 0.5101948949852644, 0.5035793415915222
0.6123726225231112, 0.6123722488684007, 0.5000000000000246
0.5101953446927435, 0.6972148730917339, 0.5035793194656923
0.3923164835378578, 0.7667014885213207, 0.5081895357479146
0.26473047182471193, 0.8195493680070094, 0.5081895420871793
0.1322430832825102, 0.8537678977719835, 0.50357933204009
0.0, 0.8660254037844363, 0.5000000000000041
0.0, 0.8660254037844363, 0.5000000000000041
-0.13224293965351333, 0.8537679234943845, 0.5035793261482089
-0.26473022988355827, 0.8195494493713762, 0.5081895369061357
-0.3923161552835003, 0.7667016515560424, 0.5081895431871944
-0.5101949556099206, 0.6972151439810635, 0.5035793386087797
-0.6123722495104623, 0.6123726218810557, 0.5000000000000178
-0.6972148319591224, 0.5101954037721288, 0.5035793165589779
-0.7667014229605722, 0.3923166155379247, 0.5081895327563349
-0.8195492973847951, 0.2647306818232575, 0.5081895465842265
-0.8537678465128256, 0.1322433695048106, 0.503579343780964
-0.8660254037843421, 3.516776024971213e-07, 0.5000000000000433
-0.8537679750843792, -0.13224265158302323, 0.5035793143315261
-0.8195495206023748, -0.2647300180744304, 0.5081895323702853
-0.7667017179666642, -0.39231602157213086, 0.5081895462175321
-0.6972151861877369, -0.5101948949877668, 0.5035793415913931
-0.6123726225216231, -0.6123722488698936, 0.5000000000000188
-0.5101953446914776, -0.6972148730926188, 0.50357931946575
-0.3923164835367053, -0.7667014885218955, 0.5081895357479371
-0.264730471823724, -0.8195493680073431, 0.5081895420871556
-0.132243083281931, -0.853767897772088, 0.503579332040065
-0.0, -0.8660254037844362, 0.5000000000000042
-1.1928975046729142e-15, -0.8660254037844368, 0.5000000000000033
0.13370987161645037, -0.8535228496466265, 0.503607402014123
0.26545099939913747, -0.8193117638500415, 0.5081968127949377
0.39163787776667264, -0.7670435145194074, 0.5081968314857269
0.5089840215989427, -0.698079379362838, 0.5036074322975803
0.6123720124683284, -0.6123728589228719, 0.500000000000118
0.6980786435713349, -0.5089850823126157, 0.5036073801810542
0.76704289967306, -0.3916391184650384, 0.5081968033636884
0.8193113477823223, -0.2654522329673717, 0.5081968392343175
0.8535226632734866, -0.13371090207686107, 0.5036074442900208
0.8660254037839438, -8.099841853857209e-07, 0.5000000000002012
0.8535229694377339, 0.13370920928581523, 0.503607374841111
0.8193119282935949, 0.2654505118512224, 0.5081968023450711
0.7670436694169601, 0.39163756519823245, 0.508196838570416
0.6980794831836861, 0.5089838719310034, 0.5036074396512841
0.6123728710209659, 0.6123720003702167, 0.5000000000001187
0.508984961188668, 0.698078727592222, 0.5036073861322871
0.39163883719503845, 0.7670430390607407, 0.5081968097390825
0.26545177851825774, 0.819311501062751, 0.5081968294940413
0.13371026982422754, 0.8535227776252495, 0.5036074183512502
0.0, 0.8660254037844368, 0.5000000000000033
0.0, 0.8660254037844368, 0.5000000000000033
-0.1337098716163186, 0.8535228496466508, 0.5036074020141166
-0.2654509993990306, 0.8193117638500788, 0.5081968127949335
-0.3916378777667085, 0.7670435145193917, 0.5081968314857233
-0.5089840215991581, 0.6980793793626932, 0.5036074322975636
-0.6123720124687615, 0.6123728589224471, 0.5000000000001079
-0.698078643571699, 0.5089850823121016, 0.5036073801810691
-0.7670428996732525, 0.3916391184646591, 0.5081968033636903
-0.819311347782351, 0.26545223296728576, 0.5081968392343161
-0.8535226632734494, 0.13371090207704267, 0.5036074442900357
-0.8660254037839386, 8.099845453425883e-07, 0.5000000000002103
-0.8535229694378306, -0.13370920928525395, 0.5036073748410963
-0.8193119282937885, -0.26545051185064156, 0.5081968023450625
-0.7670436694172253, -0.391637565197698, 0.5081968385704274
-0.6980794831840268, -0.508983871930516, 0.5036074396513044
-0.6123728710214719, -0.6123720003697143, 0.5000000000001142
-0.5089849611891603, -0.6980787275918834, 0.503607386132259
-0.3916388371952806, -0.7670430390606223, 0.5081968097390743
-0.2654517785181004, -0.8193115010628053, 0.5081968294940358
-0.1337102698238072, -0.8535227776253261, 0.503607418351232
-0.0, -0.8660254037844368, 0.5000000000000033
-1.2138681536519634e-15, -0.8660254037844374, 0.5000000000000022
0.13523724175077692, -0.853265297959378, 0.5036359992513797
0.26619420056943466, -0.819066054890284, 0.5082041374385552
0.39093944527815366, -0.7673948820518788, 0.5082041372580435
0.5077225149789407, -0.6989768439690007, 0.5036359988906616
0.6123724378170563, -0.6123724335745254, 0.500000000000009
0.6989768473560445, -0.5077225100774613, 0.5036359991311654
0.7673948846760452, -0.3909394399705856, 0.5082041373784004
0.8190660567877164, -0.26619419496089625, 0.5082041373182058
0.8532652990302122, -0.13523723589008915, 0.5036359990108837
0.8660254037844396, 3.588414257522178e-13, 0.4999999999999983
0.8532652990300835, 0.13523723589079195, 0.5036359990109132
0.8190660567874876, 0.26619419496157765, 0.5082041373182176
0.7673948846757522, 0.3909394399711868, 0.5082041373783804
0.6989768473557049, 0.50772251007796, 0.5036359991311339
0.612372437816693, 0.6123724335748951, 0.5000000000000011
0.5077225149786271, 0.6989768439692217, 0.5036359988906712
0.3909394452779289, 0.7673948820519919, 0.5082041372580457
0.2661942005692865, 0.819066054890335, 0.5082041374385505
0.13523724175061702, 0.8532652979594078, 0.5036359992513724
0.0, 0.8660254037844373, 0.5000000000000023
0.0, 0.8660254037844373, 0.5000000000000023
-0.13523724175072824, 0.8532652979593879, 0.503635999251376
-0.26619420056950927, 0.8190660548902603, 0.5082041374385543
-0.3909394452782454, 0.7673948820518364, 0.5082041372580374
-0.5077225149790081, 0.6989768439689594, 0.503635998890651
-0.6123724378171179, 0.6123724335744719, 0.4999999999999991
-0.6989768473561092, 0.5077225100773769, 0.5036359991311604
-0.7673948846761076, 0.3909394399704656, 0.5082041373783985
-0.8190660567877739, 0.26619419496072055, 0.5082041373182051
-0.8532652990302679, 0.1352372358897517, 0.5036359990108801
-0.8660254037844327, -7.96908134103726e-13, 0.5000000000000105
-0.8532652990299802, -0.13523723589132203, 0.5036359990109457
-0.8190660567872984, -0.2661941949621241, 0.5082041373182362
-0.7673948846754988, -0.39093943997169706, 0.5082041373783706
-0.6989768473554304, -0.5077225100783584, 0.5036359991311131
-0.6123724378163797, -0.6123724335752099, 0.4999999999999993
-0.5077225149782882, -0.698976843969457, 0.5036359988906862
-0.3909394452775806, -0.7673948820521651, 0.5082041372580521
-0.26619420056901044, -0.8190660548904296, 0.5082041374385428
-0.1352372417504769, -0.853265297959434, 0.5036359992513655
-0.0, -0.8660254037844374, 0.5000000000000022
-1.2359601605324271e-15, -0.866025403784438, 0.5000000000000011
0.1368277082809449, -0.8529945367448087, 0.5036650658226096
0.2669594057327756, -0.8188124164844944, 0.5082114739964323
0.3902182967193305, -0.7677569682146173, 0.5082114900938032
0.5064057556459941, -0.6999104794781668, 0.5036650984188327
0.612371707747455, -0.6123731636430086, 0.5000000000003187
0.6999096912978726, -0.5064069008088423, 0.5036650423053995
0.7677564037537157, -0.39021944111805656, 0.5082114641255875
0.8188120384016827, -0.26696051979962604, 0.5082114979384025
0.8529943375118972, -0.1368287872817167, 0.5036651101115247
0.8660254037833266, -1.2219696483573381e-06, 0.5000000000004328
0.852994657767568, 0.13682705284462163, 0.5036650389195628
0.8188125663578965, 0.26695896411145253, 0.5082114645056087
0.7677570857758039, 0.39021805837305923, 0.5082114955022217
0.6999105162533152, 0.5064057022145712, 0.5036651010369736
0.6123730609374409, 0.6123718104533239, 0.5000000000002277
0.5064066151828065, 0.6999098878857953, 0.5036650563010961
0.39021895455441674, 0.7677566437455691, 0.5082114751665859
0.2669598146924445, 0.8188122776953446, 0.5082114827852058
0.13682783714948357, 0.8529945129498996, 0.5036650711121012
0.0, 0.8660254037844378, 0.5000000000000011
0.0, 0.8660254037844378, 0.5000000000000011
-0.1368279488875614, 0.852994492317982, 0.503665075698535
-0.26695986072805217, 0.8188122620721078, 0.5082114837746358
-0.3902189389114141, 0.7677566514613325, 0.5082114755214919
-0.5064065858110516, 0.6999099081015043, 0.5036650577402981
-0.6123729377217308, 0.6123719336693265, 0.5000000000001471
-0.6999105006512766, 0.5064057248834772, 0.503665099925853
-0.7677570586570001, 0.39021811335423673, 0.5082114942547165
-0.8188125340526217, 0.2669590593032583, 0.5082114665513203
-0.8529946408920932, 0.13682714423921158, 0.5036650426709312
-0.8660254037836612, -1.016849457582584e-06, 0.5000000000003127
-0.8529943429841897, -0.1368287576461618, 0.5036651088947679
-0.818812050304933, -0.2669604847251484, 0.5082114971847309
-0.7677564256153221, -0.39021939679556855, 0.5082114651312848
-0.6999096989859981, -0.5064068896386605, 0.5036650428527145
-0.6123717750249252, -0.6123730963657432, 0.5000000000002546
-0.5064056700526197, -0.6999105383896075, 0.5036651026125661
-0.39021818782931356, -0.7677570219231488, 0.5082114925647631
-0.2669592740491439, -0.8188124611741677, 0.5082114711663405
-0.1368275512524479, -0.8529945657393336, 0.5036650593771862
-0.0, -0.8660254037844379, 0.5000000000000011
-1.2592659392331872e-15, -0.8660254037844388, 0.49999999999999983
0.13848614826405736, -0.8527093949440798, 0.50369462426463
0.2677491627844868, -0.8185499306608085, 0.508218847390956
0.38947514377306697, -0.7681293639926765, 0.5082188431720683
0.5050320267026253, -0.7008811410133718, 0.503694627901105
0.6123719121033054, -0.6123729592877019, 0.5000000000001644
0.7008809454643674, -0.5050323120094024, 0.5036946139392521
0.7681293070194455, -0.38947525956862883, 0.5082188405419222
0.8185499097321216, -0.2677492242544619, 0.508218848714478
0.8527093463832716, -0.13848640841682783, 0.5036946349470294
0.8660254037839512, -8.130385794918763e-07, 0.5000000000001832
0.8527094350741506, 0.13848593327628952, 0.5036946154368914
0.8185499942902521, 0.26774897589694596, 0.5082188433672694
0.7681293863836636, 0.38947509826412685, 0.5082188442059239
0.7008809301572022, 0.5050323343425652, 0.5036946128463898
0.6123717976166679, 0.6123730737740696, 0.5000000000002286
0.5050314303790895, 0.7008815497334867, 0.5036946570814869
0.3894742771971064, 0.7681297903598228, 0.5082188628569055
0.26774827598542633, 0.8185502325888826, 0.5082188282969433
0.13848552541947598, 0.8527095112051538, 0.5036945986900789
0.0, 0.8660254037844387, 0.5
0.0, 0.8660254037844387, 0.5
-0.13848626748738796, 0.8527093726896458, 0.5036946291600124
-0.26774938546350413, 0.8185498548452422, 0.5082188521855017
-0.38947546037232045, 0.7681292082212882, 0.508218835980236
-0.5050324268511404, 0.7008808667513394, 0.5036946083200996
-0.6123723648347236, 0.6123725065568539, 0.5000000000000043
-0.7008813568601666, 0.5050317117822388, 0.5036946433109583
-0.768129670482482, 0.38947452084338624, 0.5082188573225987
-0.81855020652757, 0.2677483525305653, 0.5082188299451731
-0.8527095820679109, 0.13848514578542376, 0.5036945831020605
-0.8660254037822991, -1.6967438485447523e-06, 0.5000000000008268
-0.8527091048719775, -0.13848770225507068, 0.503694688072588
-0.8185494412857183, -0.26775060013222146, 0.5082188783385303
-0.768128708712854, -0.38947647560163434, 0.5082188129182675
-0.7008801631174902, -0.5050334534517867, 0.5036945580835296
-0.6123709535089049, -0.6123739178780787, 0.5000000000012466
-0.5050306843077211, -0.7008820610894307, 0.5036946935899825
-0.38947368690782835, -0.7681300807895726, 0.5082188762655592
-0.2677478608089523, -0.8185503739435105, 0.5082188193575373
-0.13848530313512922, -0.8527095526969206, 0.5036945895629502
-0.0, -0.8660254037844387, 0.49999999999999983
-1.2838883452629788e-15, -0.8660254037844396, 0.49999999999999856
0.14021582562861593, -0.8524089611668245, 0.5037246124280416
0.26856291945129346, -0.8182787264110115, 0.5082262136086362
0.3887070418521572, -0.7685134575704816, 0.5082262302829408
0.5035960151877328, -0.7018921140337703, 0.5037246407951886
0.6123725678812115, -0.6123723035103351, 0.500000000000017
0.7018917986393853, -0.5035964773631801, 0.5037246182093591
0.7685131491359904, -0.38870767035178044, 0.508226215985337
0.818278493559626, -0.26856360108281124, 0.5082262283188675
0.8524088455292858, -0.1402164382149715, 0.5037246375925416
0.8660254037843962, 2.5000404550221256e-07, 0.5000000000000111
0.8524089277154921, 0.14021600283462862, 0.5037246197080351
0.8182786838308088, 0.2685630440974688, 0.5082262162986284
0.7685134173419209, 0.38870712382632094, 0.5082262284181247
0.7018920840637433, 0.5035960591055838, 0.5037246386489156
0.612372295109407, 0.6123725762821451, 0.5000000000000056
0.5035965031579729, 0.7018917810367155, 0.5037246169487545
0.38870773346541315, 0.7685131181631247, 0.5082262145495571
0.26856366948422156, 0.8182784701930681, 0.5082262297950214
0.14021653413993396, 0.8524088274216303, 0.5037246415329175
0.0, 0.8660254037844394, 0.49999999999999867
0.0, 0.8660254037844394, 0.49999999999999867
-0.14021577478758795, 0.8524089707640446, 0.5037246103395174
-0.2685628256927349, 0.8182787584397322, 0.5082262115852193
-0.3887069084312664, 0.7685135230463505, 0.5082262333180899
-0.5035958442305486, 0.7018922306968315, 0.5037246491498573
-0.6123723697599107, 0.6123725016316678, 0.5000000000000043
-0.7018916236418833, 0.5035967338027036, 0.5037246056771594
-0.7685129963505767, 0.3887079816835538, 0.5082262089028435
-0.8182783778553454, 0.2685639397861263, 0.5082262356283652
-0.8524087703125831, 0.14021683667190288, 0.5037246539607872
-0.866025403784345, 3.4902044602910433e-07, 0.5000000000000402
-0.8524088908917351, -0.140216197909303, 0.5037246277209217
-0.8182786453693611, -0.2685631566865586, 0.5082262187284657
-0.7685133926139768, -0.388707174214698, 0.5082262272718517
-0.701892090636472, -0.5035960494741357, 0.5037246391194365
-0.6123724466577598, -0.6123724247338286, 0.5000000000000007
-0.5035960776586518, -0.7018920714029199, 0.5037246377422288
-0.3887073877000254, -0.7685132878466083, 0.5082262224153908
-0.2685634358151372, -0.8182785500165941, 0.5082262247522347
-0.14021640742844613, -0.8524088513409592, 0.503724636327673
-0.0, -0.8660254037844395, 0.49999999999999856
-1.309942193294489e-15, -0.8660254037844404, 0.49999999999999717
0.1420217980869269, -0.8520919478685323, 0.5037550210625861
0.26940287555031717, -0.8179979910546921, 0.5082335853480251
0.3879139791765908, -0.768909185973564, 0.5082336160515699
0.5020942924070965, -0.7029453356662004, 0.5037550760015724
0.6123723911837764, -0.6123724802078044, 0.5000000000000063
0.7029445364640543, -0.5020954689224744, 0.5037550185783325
0.7689085056602623, -0.3879153691733452, 0.5082335843708186
0.8179974930956749, -0.26940432821125543, 0.508233616784873
0.8520916878636775, -0.14202315954541475, 0.5037550770229187
0.866025403784439, -7.706154772786537e-08, 0.49999999999999367
0.8520919594245034, 0.14202173757715303, 0.5037550185751769
0.8179980026931937, 0.2694028415980665, 0.5082335846132494
0.7689091637733669, 0.3879140245352922, 0.5082336150179111
0.7029452901904757, 0.5020943593527089, 0.5037550727339833
0.6123725888410246, 0.6123722825505228, 0.5000000000000042
0.5020946881521469, 0.7029450668385098, 0.5037550566860858
0.38791467376606414, 0.7689088460173079, 0.5082336002207054
0.26940372423079756, 0.8179977001349552, 0.5082336037143746
0.1420226760393221, 0.852091780201748, 0.5037550571490529
0.0, 0.8660254037844404, 0.49999999999999717
0.0, 0.8660254037844404, 0.49999999999999717
-0.1420218980095198, 0.852091928785859, 0.5037550251697428
-0.26940305742329906, 0.8179979287104042, 0.50823358928397
-0.3879142944052867, 0.7689090316897093, 0.5082336088670664
-0.5020946856631056, 0.7029450685293844, 0.5037550568074588
-0.6123726529787544, 0.6123722184127351, 0.5000000000000275
-0.7029453744910988, 0.502094235252355, 0.5037550787911934
-0.7689091052439749, 0.3879141441210263, 0.5082336122923802
-0.8179978945091075, 0.26940315719679525, 0.5082335914430154
-0.8520919131224907, 0.1420219800283787, 0.5037550285407308
-0.8660254037834918, -1.137139462943615e-06, 0.5000000000003467
-0.8520917751272705, -0.14202270261023975, 0.5037550582413446
-0.8179977350934093, -0.2694036222489559, 0.5082336015074117
-0.7689088463399533, -0.38791467310688493, 0.5082336002356996
-0.7029449221476665, -0.502094901153505, 0.5037550462898245
-0.6123721595634202, -0.6123727118280105, 0.5000000000000414
-0.5020943269519679, -0.7029453122000422, 0.5037550743155204
-0.3879143958076023, -0.7689089820598775, 0.5082336065559477
-0.26940352906789855, -0.81799776703505, 0.508233599490858
-0.14202256881236244, -0.8520918006794743, 0.503755052741656
-0.0, -0.8660254037844404, 0.49999999999999706
-1.3375560473382734e-15, -0.8660254037844413, 0.49999999999999545
0.14390906080285115, -0.8517570280185076, 0.5037858150443703
0.2702705387745942, -0.8177071387021467, 0.508240957800568
0.3870952647821779, -0.7693168168289072, 0.5082409776153959
0.5005233089262086, -0.7040427764279771, 0.5037858534944631
0.6123730437228226, -0.612371827668005, 0.5000000000001931
0.7040426016430851, -0.5005235674665899, 0.5037858408909032
0.7693166164389141, -0.3870956753546506, 0.5082409682352531
0.8177069619303242, -0.27027105261908535, 0.5082409689574927
0.8517569155661363, -0.1439096425996119, 0.5037858389753662
0.8660254037834592, 1.1649368507743354e-06, 0.5000000000003395
0.8517568735716223, 0.143909859866218, 0.5037858479123655
0.81770694879813, 0.2702710907918859, 0.5082409697863962
0.7693166366879154, 0.3870956338672546, 0.5082409691830266
0.7040426336659374, 0.5005235200987219, 0.5037858431999799
0.6123717716502128, 0.61237309974048, 0.5000000000002156
0.5005236638874652, 0.7040425364582359, 0.5037858361904605
0.38709592839628965, 0.7693164929356354, 0.5082409624540599
0.27027140034112906, 0.8177068423073786, 0.5082409765075432
0.14391020593808085, 0.8517568066809015, 0.503785862147413
0.0, 0.8660254037844412, 0.49999999999999556
0.0, 0.8660254037844412, 0.49999999999999556
-0.143909076083408, 0.8517570250650122, 0.5037858156729109
-0.2702705662156235, 0.8177071292619424, 0.5082409583963882
-0.38709538201030835, 0.7693167596128224, 0.5082409749372047
-0.5005234429820788, 0.7040426858002797, 0.5037858469592951
-0.6123729688470432, 0.6123719025439597, 0.5000000000001493
-0.7040434231519241, 0.5005223522954079, 0.5037859001294023
-0.769317111713585, 0.3870946606015851, 0.5082409914188456
-0.8177072442774864, 0.2702702318854976, 0.5082409511370354
-0.851757077524722, 0.1439088046725252, 0.5037858045084933
-0.8660254037813825, -2.0524195218969706e-06, 0.5000000000010812
-0.851756741061363, -0.14391054543178855, 0.5037858761121151
-0.8177067605656164, -0.2702716379493639, 0.508240981666624
-0.769316414614302, -0.38709608886617425, 0.5082409587877645
-0.7040423729478376, -0.5005239057505455, 0.5037858243998109
-0.6123714578754369, -0.6123734135141881, 0.5000000000004934
-0.5005234067889923, -0.7040427102683409, 0.5037858487237904
-0.38709573339310105, -0.7693165881118086, 0.5082409669092633
-0.2702712635477114, -0.8177068893668922, 0.5082409735374004
-0.1439101297593134, -0.8517568214051913, 0.5037858590139096
-0.0, -0.8660254037844414, 0.49999999999999545
-1.3668743424074387e-15, -0.8660254037844421, 0.4999999999999938
0.1458821868057471, -0.8514029029486239, 0.5038169155788929
0.27116588497989447, -0.8174061038601766, 0.5082482899087775
0.3862480133254826, -0.7697376812510218, 0.5082483391654303
0.49887641655725967, -0.70518843949953, 0.5038170161866362
0.6123723041782111, -0.612372567213344, 0.5000000000000072
0.7051869046699298, -0.49887869832377413, 0.5038169050764573
0.7697364968175445, -0.3862504471081358, 0.5082482833968254
0.817405215770905, -0.27116845695564956, 0.508248345971546
0.8514023650626255, -0.14588493521884874, 0.5038170287336072
0.8660254037840407, -7.497709933198953e-07, 0.5000000000001271
0.8514026092603195, 0.14588368745893868, 0.5038169773619209
0.8174057450369386, 0.27116692416275684, 0.5082483125606194
0.7697373791593312, 0.38624863406738286, 0.5082483249416618
0.7051880914900605, 0.4988769339298369, 0.5038169909931296
0.612372334474184, 0.6123725369173977, 0.4999999999999886
0.4988767311858349, 0.7051882278654779, 0.5038170008656746
0.38624883915763425, 0.7697372793495131, 0.508248320242172
0.2711672928543397, 0.8174056177297431, 0.5082483205972312
0.14588396635623826, 0.8514025546777958, 0.5038169888444562
0.0, 0.8660254037844423, 0.4999999999999938
0.0, 0.8660254037844423, 0.4999999999999938
-0.14588227275404483, 0.8514028861280039, 0.5038169191174706
-0.27116603719550514, 0.8174060513011676, 0.5082482932267645
-0.38624823052276896, 0.7697375755493328, 0.5082483341885786
-0.4988767072432464, 0.7051882439702712, 0.5038170020317511
-0.6123726689982621, 0.6123722023932135, 0.5000000000000302
-0.7051871979584095, 0.4988782623053931, 0.5038169263082757
-0.7697367434572184, 0.3862499403124636, 0.508248295009924
-0.8174054260111888, 0.271167848085436, 0.5082483326998534
-0.8514025164576259, 0.14588416164750376, 0.5038169968848084
-0.8660254037843891, -2.8210690805916534e-07, 0.5000000000000061
-0.8514024242221369, -0.14588463293657722, 0.5038170162882837
-0.8174054296774377, -0.27116783746775536, 0.5082483324683955
-0.7697369475457796, -0.38624952095037, 0.5082483046194208
-0.7051875163784757, -0.49887778892428514, 0.5038169493595603
-0.6123713308199241, -0.6123735405691757, 0.5000000000006071
-0.49887760784417085, -0.7051876381821048, 0.5038169581770968
-0.3862495010881131, -0.7697369572120281, 0.5082483050745495
-0.271167610061255, -0.8174055081998062, 0.5082483275115459
-0.14588414547257314, -0.8514025196231975, 0.5038169962188733
-0.0, -0.8660254037844424, 0.49999999999999384
-1.2907796403717755e-15, -0.802146676414675, 0.5971270463786503
0.13692995367766997, -0.7892771810401026, 0.5985747399241136
0.2525674419949088, -0.7588718035747565, 0.6002693337022513
0.3580084905161445, -0.7151969056846207, 0.6002693618847252
0.4612766033416087, -0.6549290900292614, 0.5985747925222645
0.5672030154614716, -0.5672036933364445, 0.5971270463786665
0.654928662340704, -0.461277226862072, 0.5985747799757793
0.7151963880327029, -0.35800954163282184, 0.6002693517453912
0.7588712904350988, -0.2525689472307122, 0.6002693490826745
0.7892768854644119, -0.13693153480908948, 0.59857476796673
0.8021466764137979, 1.1207414369976526e-06, 0.5971270463787769
0.7892765390200274, 0.13693339411823824, 0.5985747994426648
0.7588708924924378, 0.25257011756218306, 0.6002693597397388
0.7151959268512075, 0.35801047993044044, 0.6002693416087632
0.654927953934372, 0.4612782606227318, 0.5985747584322314
0.5672021222148427, 0.5672045865802949, 0.5971270463789555
0.4612781455926921, 0.6549280320753967, 0.5985747615798844
0.3580104259334861, 0.7151959538784657, 0.6002693416115765
0.2525696605966624, 0.7588710478631312, 0.6002693555906382
0.13693240095065928, 0.7892767240863723, 0.5985747826173206
0.0, 0.802146676414675, 0.5971270463786503
0.0, 0.8021466764146753, 0.5971270463786498
-0.13692983005356837, 0.789277204073159, 0.5985747378330943
-0.25256722542638044, 0.7588718772158355, 0.6002693317264626
-0.3580081368971559, 0.7151970807815412, 0.6002693641666121
-0.4612760410888228, 0.6549294762855563, 0.5985748031864938
-0.567202440165633, 0.5672042686308305, 0.5971270463788391
-0.6549267136541834, 0.46128006779175873, 0.598574722820937
-0.7151950896486426, 0.3580121807247505, 0.6002693247161465
-0.7588704551403912, 0.252571406318335, 0.6002693703874904
-0.7892763638646011, 0.13693433706954394, 0.5985748146856816
-0.8021466764118571, 2.00745947396181e-06, 0.5971270463790612
-0.789277474243641, -0.1369283740483519, 0.5985747146614642
-0.7588722527765545, -0.25256612094987496, 0.6002693216500159
-0.7151974919978847, -0.3580073000125071, 0.6002693733464088
-0.6549298728732083, -0.46127546197825336, 0.5985748155368984
-0.567204812157749, -0.5672018966361781, 0.5971270463790891
-0.46127824441470183, -0.6549279644123416, 0.5985747594581625
-0.3580104871322993, -0.7151959223785909, 0.6002693426423927
-0.2525698804342465, -0.7588709731097254, 0.6002693575961786
-0.13693252644449488, -0.7892767007045077, 0.5985747847399977
-0.0, -0.8021466764146755, 0.5971270463786494
-1.0951719994545972e-15, -0.6767540871017969, 0.7362091452780342
0.11626022283709944, -0.6677159542326263, 0.7352815549495859
0.21456172668277482, -0.644071106387369, 0.7342585888907646
0.30370612200755026, -0.6071465570645485, 0.7342585714173174
0.3899354299376774, -0.5543567910102947, 0.7352815166588148
0.47853668686350864, -0.4785381215063697, 0.7362091452779239
0.5543558320930029, -0.3899367557317933, 0.7352815365245057
0.607145693586369, -0.303707820647636, 0.7342585828146583
0.6440703904561619, -0.21456392101699656, 0.734258575663546
0.6677155564062781, -0.11626269509375341, 0.735281525310266
0.6767540871017889, -8.340335007431017e-08, 0.7362091452780368
0.6677159644339821, 0.1162601482381753, 0.7352815574809657
0.6440711249214635, 0.2145616698197961, 0.7342585892494152
0.6071465793477646, 0.30370607817346373, 0.7342585711224642
0.5543568158504618, 0.3899353955897257, 0.7352815161463134
0.4785381478710762, 0.4785366604987246, 0.7362091452779218
0.3899367711228633, 0.5543558209622265, 0.7352815367541685
0.3037078265608716, 0.6071456905803271, 0.7342585828544391
0.2145638750067081, 0.6440704040508133, 0.7342585771837657
0.11626252764054068, 0.6677155825259516, 0.7352815280684409
0.0, 0.6767540871017967, 0.7362091452780343
1.246352455958891e-17, 0.6767540871017957, 0.7362091452780352
-0.11626014255521123, 0.667715967128409, 0.7352815559327022
-0.2145615861114919, 0.6440711522055972, 0.7342585897773858
-0.3037058857365061, 0.6071466786697397, 0.7342585685910026
-0.38993504255636496, 0.554357072111233, 0.7352815101624867
-0.47853630716099005, 0.47853850120763336, 0.7362091452778038
-0.5543541434755439, 0.3899390903011353, 0.7352815715537953
-0.607144610460935, 0.3037099556126253, 0.7342585953531744
-0.6440697755313199, 0.21456580758623908, 0.7342585637647683
-0.6677152390942843, 0.11626467043323262, 0.7352815011207031
-0.6767540870984863, 2.2929496555760395e-06, 0.7362091452775067
-0.6677162240386328, -0.11625853207429915, 0.7352815772719452
-0.6440715348731637, -0.21456041207516646, 0.7342585971823973
-0.6071471038849767, -0.3037050463358812, 0.7342585641817231
-0.554357455351381, -0.38993451131276474, 0.7352815029521802
-0.47853892907043843, -0.4785358792962047, 0.7362091452775674
-0.3899373606407604, -0.5543553946244494, 0.7352815455506064
-0.3037082687729742, -0.60714546577805, 0.7342585858293234
-0.21456418944137406, -0.644070301561623, 0.7342585752006484
-0.11626270721873203, -0.6677155536793294, 0.7352815258694304
-0.0, -0.6767540871017963, 0.7362091452780346
